50
1079 5365
1080 7325
608 5570
990 9319
1039 5490
761 6957
680 7936
649 6503
1145 8912
1087 5597
891 9827
1039 6479
1025 8014
1003 5664
1037 9724
1002 5395
729 7624
1030 5182
756 6682
1147 7278
949 9811
1173 9214
1185 9857
744 7446
816 8639
775 7795
1033 5270
796 7162
708 6345
1003 6411
665 9872
837 7832
1112 9601
828 7393
978 9062
842 6973
1083 8382
1096 7018
655 8478
925 8308
985 9339
912 6339
995 6096
746 7076
972 9773
965 6743
691 8063
1063 8529
1144 7857
1106 6345
0 0 0 0
0 1 584 44
0 2 25564 1966
0 3 1618 124
0 4 26874 2067
0 5 16155 1242
0 6 7582 583
0 7 23392 1799
0 8 3198 246
0 9 24774 1905
0 10 3957 304
0 11 9160 704
0 12 15407 1185
0 13 24021 1847
0 14 23388 1799
0 15 2098 161
0 16 8302 638
0 17 623 47
0 18 14602 1123
0 19 20588 1583
0 20 21461 1650
0 21 21606 1662
0 22 5459 419
0 23 14444 1111
0 24 18576 1428
0 25 5541 426
0 26 17736 1364
0 27 1595 122
0 28 17733 1364
0 29 20690 1591
0 30 13593 1045
0 31 3765 289
0 32 27406 2108
0 33 23385 1798
0 34 6855 527
0 35 6635 510
0 36 7306 562
0 37 1070 82
0 38 29313 2254
0 39 9091 699
0 40 23329 1794
0 41 1614 124
0 42 21486 1652
0 43 6318 486
0 44 19537 1502
0 45 25799 1984
0 46 3068 236
0 47 3338 256
0 48 21367 1643
0 49 4769 366
1 0 22623 1740
1 1 0 0
1 2 3962 304
1 3 11765 905
1 4 28404 2184
1 5 26720 2055
1 6 27969 2151
1 7 13916 1070
1 8 9736 748
1 9 20180 1552
1 10 6884 529
1 11 18593 1430
1 12 14251 1096
1 13 5719 439
1 14 10501 807
1 15 7762 597
1 16 18073 1390
1 17 24223 1863
1 18 12172 936
1 19 28424 2186
1 20 19811 1523
1 21 13838 1064
1 22 10570 813
1 23 13037 1002
1 24 5745 441
1 25 1919 147
1 26 18455 1419
1 27 8092 622
1 28 26100 2007
1 29 17482 1344
1 30 21307 1639
1 31 19688 1514
1 32 12793 984
1 33 13764 1058
1 34 734 56
1 35 19290 1483
1 36 6307 485
1 37 9378 721
1 38 18334 1410
1 39 3740 287
1 40 13009 1000
1 41 22452 1727
1 42 6885 529
1 43 4955 381
1 44 21515 1655
1 45 6881 529
1 46 8558 658
1 47 26188 2014
1 48 17876 1375
1 49 23630 1817
2 0 9849 757
2 1 15159 1166
2 2 0 0
2 3 9593 737
2 4 2245 172
2 5 18524 1424
2 6 22601 1738
2 7 9628 740
2 8 23072 1774
2 9 17361 1335
2 10 10067 774
2 11 19888 1529
2 12 28949 2226
2 13 19677 1513
2 14 5731 440
2 15 4231 325
2 16 123 9
2 17 24835 1910
2 18 3956 304
2 19 4263 327
2 20 10138 779
2 21 19973 1536
2 22 13292 1022
2 23 27576 2121
2 24 2253 173
2 25 28585 2198
2 26 15469 1189
2 27 20870 1605
2 28 23786 1829
2 29 18723 1440
2 30 15038 1156
2 31 16108 1239
2 32 4441 341
2 33 22787 1752
2 34 13146 1011
2 35 10262 789
2 36 14107 1085
2 37 9862 758
2 38 21951 1688
2 39 17508 1346
2 40 7111 547
2 41 6795 522
2 42 14140 1087
2 43 19565 1505
2 44 22407 1723
2 45 26136 2010
2 46 26904 2069
2 47 25309 1946
2 48 27021 2078
2 49 19161 1473
3 0 1936 148
3 1 1294 99
3 2 12486 960
3 3 0 0
3 4 7393 568
3 5 26432 2033
3 6 2785 214
3 7 16378 1259
3 8 21811 1677
3 9 19386 1491
3 10 6757 519
3 11 17173 1321
3 12 27724 2132
3 13 5404 415
3 14 12442 957
3 15 5130 394
3 16 11142 857
3 17 10728 825
3 18 14626 1125
3 19 25111 1931
3 20 16494 1268
3 21 28009 2154
3 22 1693 130
3 23 11965 920
3 24 28376 2182
3 25 20617 1585
3 26 1956 150
3 27 22716 1747
3 28 9307 715
3 29 13776 1059
3 30 24277 1867
3 31 16142 1241
3 32 10799 830
3 33 3662 281
3 34 28605 2200
3 35 18836 1448
3 36 26847 2065
3 37 7274 559
3 38 1508 116
3 39 21948 1688
3 40 1604 123
3 41 14456 1112
3 42 18002 1384
3 43 1694 130
3 44 2615 201
3 45 10849 834
3 46 1753 134
3 47 26519 2039
3 48 11008 846
3 49 20613 1585
4 0 7742 595
4 1 13437 1033
4 2 29945 2303
4 3 24891 1914
4 4 0 0
4 5 22218 1709
4 6 27526 2117
4 7 3427 263
4 8 24791 1907
4 9 19593 1507
4 10 7209 554
4 11 25656 1973
4 12 1997 153
4 13 27283 2098
4 14 5082 390
4 15 14806 1138
4 16 3769 289
4 17 6206 477
4 18 20907 1608
4 19 15761 1212
4 20 8232 633
4 21 18386 1414
4 22 11484 883
4 23 28420 2186
4 24 28398 2184
4 25 25001 1923
4 26 4387 337
4 27 8823 678
4 28 9371 720
4 29 14552 1119
4 30 573 44
4 31 9852 757
4 32 23225 1786
4 33 16694 1284
4 34 20791 1599
4 35 8854 681
4 36 20845 1603
4 37 26174 2013
4 38 15452 1188
4 39 23629 1817
4 40 16318 1255
4 41 14082 1083
4 42 27039 2079
4 43 16071 1236
4 44 16114 1239
4 45 11906 915
4 46 7188 552
4 47 1813 139
4 48 22403 1723
4 49 28578 2198
5 0 10617 816
5 1 14427 1109
5 2 1723 132
5 3 29284 2252
5 4 16823 1294
5 5 0 0
5 6 24197 1861
5 7 3992 307
5 8 18258 1404
5 9 2959 227
5 10 15319 1178
5 11 21077 1621
5 12 29637 2279
5 13 14244 1095
5 14 5137 395
5 15 19636 1510
5 16 24200 1861
5 17 16472 1267
5 18 29250 2250
5 19 27949 2149
5 20 22941 1764
5 21 14490 1114
5 22 26847 2065
5 23 27601 2123
5 24 19292 1484
5 25 18247 1403
5 26 5261 404
5 27 13346 1026
5 28 13150 1011
5 29 4498 346
5 30 8821 678
5 31 5600 430
5 32 11636 895
5 33 17145 1318
5 34 24153 1857
5 35 21622 1663
5 36 5788 445
5 37 17656 1358
5 38 11375 875
5 39 18998 1461
5 40 1847 142
5 41 9332 717
5 42 18465 1420
5 43 28757 2212
5 44 5671 436
5 45 17020 1309
5 46 28591 2199
5 47 14872 1144
5 48 27160 2089
5 49 25699 1976
6 0 3972 305
6 1 7163 551
6 2 24436 1879
6 3 28051 2157
6 4 21359 1643
6 5 6568 505
6 6 0 0
6 7 416 32
6 8 12439 956
6 9 2427 186
6 10 2817 216
6 11 8180 629
6 12 16238 1249
6 13 26942 2072
6 14 6251 480
6 15 26523 2040
6 16 20160 1550
6 17 18914 1454
6 18 3096 238
6 19 24536 1887
6 20 28869 2220
6 21 16596 1276
6 22 234 18
6 23 20421 1570
6 24 20450 1573
6 25 16954 1304
6 26 18675 1436
6 27 24076 1852
6 28 26664 2051
6 29 3482 267
6 30 3824 294
6 31 11709 900
6 32 5483 421
6 33 27501 2115
6 34 2547 195
6 35 5393 414
6 36 2907 223
6 37 5526 425
6 38 27778 2136
6 39 5813 447
6 40 7203 554
6 41 239 18
6 42 26980 2075
6 43 17887 1375
6 44 10111 777
6 45 5038 387
6 46 14738 1133
6 47 29003 2231
6 48 18758 1442
6 49 21848 1680
7 0 17797 1369
7 1 2111 162
7 2 29218 2247
7 3 479 36
7 4 23108 1777
7 5 9682 744
7 6 25915 1993
7 7 0 0
7 8 27376 2105
7 9 12530 963
7 10 8099 623
7 11 25951 1996
7 12 4205 323
7 13 2751 211
7 14 13005 1000
7 15 23185 1783
7 16 9291 714
7 17 18373 1413
7 18 16995 1307
7 19 29191 2245
7 20 1580 121
7 21 28670 2205
7 22 13411 1031
7 23 8337 641
7 24 10254 788
7 25 5865 451
7 26 4819 370
7 27 23056 1773
7 28 24638 1895
7 29 16755 1288
7 30 20057 1542
7 31 19007 1462
7 32 20158 1550
7 33 13581 1044
7 34 15696 1207
7 35 6043 464
7 36 13179 1013
7 37 11289 868
7 38 14405 1108
7 39 9166 705
7 40 8982 690
7 41 11541 887
7 42 13338 1026
7 43 13036 1002
7 44 28506 2192
7 45 27790 2137
7 46 29978 2306
7 47 27226 2094
7 48 16974 1305
7 49 20631 1587
8 0 26583 2044
8 1 3788 291
8 2 7279 559
8 3 7979 613
8 4 9098 699
8 5 1686 129
8 6 25331 1948
8 7 8019 616
8 8 0 0
8 9 13074 1005
8 10 5007 385
8 11 27403 2107
8 12 8249 634
8 13 7364 566
8 14 12998 999
8 15 29719 2286
8 16 5842 449
8 17 27103 2084
8 18 22660 1743
8 19 17002 1307
8 20 23798 1830
8 21 23762 1827
8 22 10665 820
8 23 7788 599
8 24 13924 1071
8 25 29201 2246
8 26 24016 1847
8 27 4921 378
8 28 27688 2129
8 29 17133 1317
8 30 28022 2155
8 31 20252 1557
8 32 17911 1377
8 33 6064 466
8 34 7218 555
8 35 26352 2027
8 36 600 46
8 37 27554 2119
8 38 4792 368
8 39 24192 1860
8 40 10520 809
8 41 4314 331
8 42 26568 2043
8 43 4510 346
8 44 16955 1304
8 45 3215 247
8 46 403 31
8 47 20139 1549
8 48 21433 1648
8 49 20686 1591
9 0 23750 1826
9 1 25288 1945
9 2 9804 754
9 3 10529 809
9 4 28716 2208
9 5 1896 145
9 6 308 23
9 7 29979 2306
9 8 21042 1618
9 9 0 0
9 10 1567 120
9 11 11200 861
9 12 26281 2021
9 13 2737 210
9 14 8625 663
9 15 20970 1613
9 16 3440 264
9 17 7936 610
9 18 4797 369
9 19 5293 407
9 20 26913 2070
9 21 4578 352
9 22 6435 495
9 23 3796 292
9 24 4287 329
9 25 10553 811
9 26 14017 1078
9 27 14633 1125
9 28 26202 2015
9 29 24784 1906
9 30 12882 990
9 31 17418 1339
9 32 18430 1417
9 33 4017 309
9 34 1191 91
9 35 12647 972
9 36 21465 1651
9 37 19274 1482
9 38 5027 386
9 39 28951 2227
9 40 20092 1545
9 41 3841 295
9 42 14417 1109
9 43 18641 1433
9 44 21768 1674
9 45 1921 147
9 46 21768 1674
9 47 11111 854
9 48 4139 318
9 49 26008 2000
10 0 16186 1245
10 1 27252 2096
10 2 27824 2140
10 3 1359 104
10 4 13386 1029
10 5 4318 332
10 6 21114 1624
10 7 22546 1734
10 8 207 15
10 9 20617 1585
10 10 0 0
10 11 26453 2034
10 12 23054 1773
10 13 1065 81
10 14 4257 327
10 15 22534 1733
10 16 4550 350
10 17 21601 1661
10 18 28349 2180
10 19 2340 180
10 20 8386 645
10 21 16453 1265
10 22 12299 946
10 23 12818 986
10 24 14282 1098
10 25 17759 1366
10 26 29857 2296
10 27 11352 873
10 28 6136 472
10 29 17404 1338
10 30 5799 446
10 31 18293 1407
10 32 25717 1978
10 33 16307 1254
10 34 6747 519
10 35 27053 2081
10 36 17187 1322
10 37 18343 1411
10 38 9244 711
10 39 1340 103
10 40 17668 1359
10 41 6110 470
10 42 16047 1234
10 43 7571 582
10 44 22184 1706
10 45 26941 2072
10 46 26227 2017
10 47 2642 203
10 48 28727 2209
10 49 18134 1394
11 0 10358 796
11 1 16125 1240
11 2 4257 327
11 3 7401 569
11 4 7376 567
11 5 1208 92
11 6 3411 262
11 7 11239 864
11 8 7949 611
11 9 27750 2134
11 10 3346 257
11 11 0 0
11 12 1082 83
11 13 26343 2026
11 14 3529 271
11 15 22068 1697
11 16 2700 207
11 17 25549 1965
11 18 24889 1914
11 19 28538 2195
11 20 26972 2074
11 21 23250 1788
11 22 23054 1773
11 23 23719 1824
11 24 25424 1955
11 25 5055 388
11 26 11117 855
11 27 12788 983
11 28 3746 288
11 29 28314 2178
11 30 2905 223
11 31 19355 1488
11 32 5864 451
11 33 18691 1437
11 34 9591 737
11 35 13464 1035
11 36 4850 373
11 37 14057 1081
11 38 10463 804
11 39 17470 1343
11 40 247 19
11 41 9969 766
11 42 28906 2223
11 43 11601 892
11 44 29795 2291
11 45 22089 1699
11 46 2535 195
11 47 23900 1838
11 48 14210 1093
11 49 1501 115
12 0 10716 824
12 1 4914 378
12 2 2635 202
12 3 6069 466
12 4 28375 2182
12 5 9801 753
12 6 23335 1795
12 7 28727 2209
12 8 9666 743
12 9 6161 473
12 10 12153 934
12 11 24109 1854
12 12 0 0
12 13 2328 179
12 14 15116 1162
12 15 18687 1437
12 16 25357 1950
12 17 16690 1283
12 18 17696 1361
12 19 5229 402
12 20 29242 2249
12 21 6552 504
12 22 13010 1000
12 23 6444 495
12 24 16109 1239
12 25 8950 688
12 26 7729 594
12 27 24004 1846
12 28 673 51
12 29 16043 1234
12 30 22109 1700
12 31 6264 481
12 32 3272 251
12 33 6105 469
12 34 12393 953
12 35 15231 1171
12 36 9377 721
12 37 27365 2105
12 38 3651 280
12 39 5008 385
12 40 29976 2305
12 41 17669 1359
12 42 24426 1878
12 43 27720 2132
12 44 14999 1153
12 45 24603 1892
12 46 25271 1943
12 47 18655 1435
12 48 14202 1092
12 49 22979 1767
13 0 29655 2281
13 1 235 18
13 2 26946 2072
13 3 27855 2142
13 4 14369 1105
13 5 22710 1746
13 6 29373 2259
13 7 22065 1697
13 8 16812 1293
13 9 4958 381
13 10 9932 764
13 11 15350 1180
13 12 19321 1486
13 13 0 0
13 14 16369 1259
13 15 15356 1181
13 16 11078 852
13 17 28446 2188
13 18 22392 1722
13 19 3998 307
13 20 23146 1780
13 21 21937 1687
13 22 8386 645
13 23 13623 1047
13 24 5843 449
13 25 29226 2248
13 26 5572 428
13 27 8719 670
13 28 4474 344
13 29 4833 371
13 30 9753 750
13 31 14771 1136
13 32 3096 238
13 33 17886 1375
13 34 17232 1325
13 35 28442 2187
13 36 21750 1673
13 37 1905 146
13 38 3405 261
13 39 14247 1095
13 40 18093 1391
13 41 17444 1341
13 42 22419 1724
13 43 16552 1273
13 44 11333 871
13 45 21313 1639
13 46 618 47
13 47 27092 2084
13 48 22205 1708
13 49 4857 373
14 0 12346 949
14 1 23403 1800
14 2 12952 996
14 3 15196 1168
14 4 9976 767
14 5 6781 521
14 6 8696 668
14 7 15848 1219
14 8 9662 743
14 9 21982 1690
14 10 21087 1622
14 11 5036 387
14 12 16835 1295
14 13 2853 219
14 14 0 0
14 15 18567 1428
14 16 16493 1268
14 17 195 15
14 18 19998 1538
14 19 12529 963
14 20 9876 759
14 21 6573 505
14 22 27050 2080
14 23 24023 1847
14 24 29700 2284
14 25 25743 1980
14 26 18661 1435
14 27 17263 1327
14 28 10158 781
14 29 912 70
14 30 7465 574
14 31 14897 1145
14 32 6980 536
14 33 26690 2053
14 34 26746 2057
14 35 12774 982
14 36 19504 1500
14 37 7389 568
14 38 15582 1198
14 39 19725 1517
14 40 16229 1248
14 41 23239 1787
14 42 29401 2261
14 43 18251 1403
14 44 22421 1724
14 45 5556 427
14 46 27248 2096
14 47 2408 185
14 48 12046 926
14 49 28487 2191
15 0 28707 2208
15 1 1201 92
15 2 28362 2181
15 3 22813 1754
15 4 16034 1233
15 5 7200 553
15 6 12840 987
15 7 22811 1754
15 8 20008 1539
15 9 5985 460
15 10 3635 279
15 11 27742 2134
15 12 24663 1897
15 13 27950 2150
15 14 27318 2101
15 15 0 0
15 16 18784 1444
15 17 5388 414
15 18 6379 490
15 19 8913 685
15 20 9550 734
15 21 19714 1516
15 22 7297 561
15 23 6163 474
15 24 19717 1516
15 25 18763 1443
15 26 26933 2071
15 27 25824 1986
15 28 26382 2029
15 29 26833 2064
15 30 26479 2036
15 31 14253 1096
15 32 24089 1853
15 33 16390 1260
15 34 20473 1574
15 35 11876 913
15 36 786 60
15 37 7207 554
15 38 18316 1408
15 39 8237 633
15 40 16911 1300
15 41 27427 2109
15 42 8465 651
15 43 897 69
15 44 10959 843
15 45 17124 1317
15 46 2881 221
15 47 9134 702
15 48 14461 1112
15 49 20965 1612
16 0 7731 594
16 1 22743 1749
16 2 25954 1996
16 3 1788 137
16 4 15858 1219
16 5 9139 703
16 6 12984 998
16 7 10572 813
16 8 24068 1851
16 9 12208 939
16 10 6028 463
16 11 18923 1455
16 12 8988 691
16 13 24612 1893
16 14 11121 855
16 15 29136 2241
16 16 0 0
16 17 17746 1365
16 18 29661 2281
16 19 18994 1461
16 20 16786 1291
16 21 25984 1998
16 22 12819 986
16 23 985 75
16 24 21025 1617
16 25 4268 328
16 26 7150 550
16 27 18797 1445
16 28 29829 2294
16 29 106 8
16 30 6298 484
16 31 11490 883
16 32 24378 1875
16 33 754 58
16 34 1098 84
16 35 9204 708
16 36 7959 612
16 37 15868 1220
16 38 23311 1793
16 39 625 48
16 40 21205 1631
16 41 20947 1611
16 42 9912 762
16 43 5304 408
16 44 24585 1891
16 45 27322 2101
16 46 6810 523
16 47 1715 131
16 48 9405 723
16 49 17428 1340
17 0 3838 295
17 1 26329 2025
17 2 1920 147
17 3 6629 509
17 4 15698 1207
17 5 5033 387
17 6 8017 616
17 7 7104 546
17 8 16399 1261
17 9 2983 229
17 10 203 15
17 11 18454 1419
17 12 14746 1134
17 13 21966 1689
17 14 13442 1034
17 15 14950 1150
17 16 9288 714
17 17 0 0
17 18 26386 2029
17 19 5822 447
17 20 16849 1296
17 21 29362 2258
17 22 10416 801
17 23 13581 1044
17 24 12631 971
17 25 27562 2120
17 26 17903 1377
17 27 17501 1346
17 28 4454 342
17 29 20069 1543
17 30 6739 518
17 31 4335 333
17 32 18826 1448
17 33 6438 495
17 34 23274 1790
17 35 5261 404
17 36 23688 1822
17 37 25231 1940
17 38 19497 1499
17 39 14797 1138
17 40 5164 397
17 41 26565 2043
17 42 16392 1260
17 43 27235 2095
17 44 22272 1713
17 45 29853 2296
17 46 20602 1584
17 47 22244 1711
17 48 27576 2121
17 49 26999 2076
18 0 15263 1174
18 1 1658 127
18 2 10164 781
18 3 6226 478
18 4 14649 1126
18 5 22504 1731
18 6 15746 1211
18 7 6065 466
18 8 28829 2217
18 9 20828 1602
18 10 9823 755
18 11 20964 1612
18 12 23457 1804
18 13 22416 1724
18 14 4668 359
18 15 2230 171
18 16 3434 264
18 17 12875 990
18 18 0 0
18 19 7094 545
18 20 12651 973
18 21 18539 1426
18 22 5858 450
18 23 10103 777
18 24 19508 1500
18 25 11362 874
18 26 26444 2034
18 27 10679 821
18 28 6078 467
18 29 24380 1875
18 30 10787 829
18 31 29126 2240
18 32 14436 1110
18 33 28185 2168
18 34 11986 922
18 35 736 56
18 36 7383 567
18 37 28530 2194
18 38 26079 2006
18 39 10882 837
18 40 24774 1905
18 41 27345 2103
18 42 8769 674
18 43 1909 146
18 44 3976 305
18 45 15844 1218
18 46 23641 1818
18 47 2970 228
18 48 7780 598
18 49 24255 1865
19 0 15485 1191
19 1 27470 2113
19 2 27972 2151
19 3 20235 1556
19 4 9479 729
19 5 17331 1333
19 6 25158 1935
19 7 15062 1158
19 8 3801 292
19 9 12612 970
19 10 1958 150
19 11 10847 834
19 12 10468 805
19 13 2396 184
19 14 13454 1034
19 15 13770 1059
19 16 22298 1715
19 17 3462 266
19 18 10067 774
19 19 0 0
19 20 2706 208
19 21 26640 2049
19 22 28383 2183
19 23 29172 2244
19 24 9662 743
19 25 26183 2014
19 26 26129 2009
19 27 26525 2040
19 28 23449 1803
19 29 8360 643
19 30 13643 1049
19 31 23891 1837
19 32 7305 561
19 33 3571 274
19 34 5373 413
19 35 13133 1010
19 36 18800 1446
19 37 15829 1217
19 38 456 35
19 39 4762 366
19 40 15884 1221
19 41 5996 461
19 42 20419 1570
19 43 24337 1872
19 44 29388 2260
19 45 11010 846
19 46 23699 1823
19 47 13869 1066
19 48 5993 461
19 49 15827 1217
20 0 17322 1332
20 1 5509 423
20 2 14666 1128
20 3 10387 799
20 4 20410 1570
20 5 23752 1827
20 6 6404 492
20 7 6617 509
20 8 2801 215
20 9 20894 1607
20 10 2445 188
20 11 15279 1175
20 12 1329 102
20 13 16610 1277
20 14 28080 2160
20 15 3058 235
20 16 16723 1286
20 17 4008 308
20 18 12543 964
20 19 21648 1665
20 20 0 0
20 21 29104 2238
20 22 7298 561
20 23 4019 309
20 24 9245 711
20 25 26863 2066
20 26 15408 1185
20 27 5622 432
20 28 11948 919
20 29 20547 1580
20 30 14950 1150
20 31 25181 1937
20 32 14114 1085
20 33 15096 1161
20 34 4155 319
20 35 6439 495
20 36 13826 1063
20 37 21687 1668
20 38 6021 463
20 39 25901 1992
20 40 20653 1588
20 41 11342 872
20 42 2881 221
20 43 29846 2295
20 44 21872 1682
20 45 1470 113
20 46 8112 624
20 47 6844 526
20 48 25303 1946
20 49 22620 1740
21 0 27034 2079
21 1 22687 1745
21 2 2462 189
21 3 20982 1614
21 4 23298 1792
21 5 4579 352
21 6 27376 2105
21 7 22604 1738
21 8 8749 673
21 9 24627 1894
21 10 22533 1733
21 11 24455 1881
21 12 737 56
21 13 20961 1612
21 14 21877 1682
21 15 5260 404
21 16 25195 1938
21 17 25667 1974
21 18 20964 1612
21 19 13330 1025
21 20 1747 134
21 21 0 0
21 22 23834 1833
21 23 12153 934
21 24 7670 590
21 25 28049 2157
21 26 6958 535
21 27 3100 238
21 28 27833 2141
21 29 25945 1995
21 30 26214 2016
21 31 28796 2215
21 32 25606 1969
21 33 4398 338
21 34 12323 947
21 35 11602 892
21 36 4720 363
21 37 12717 978
21 38 9780 752
21 39 13946 1072
21 40 17137 1318
21 41 12819 986
21 42 12596 968
21 43 3252 250
21 44 22915 1762
21 45 26730 2056
21 46 14305 1100
21 47 5079 390
21 48 18900 1453
21 49 23493 1807
22 0 11383 875
22 1 3177 244
22 2 8055 619
22 3 18883 1452
22 4 5070 390
22 5 16117 1239
22 6 15891 1222
22 7 4278 329
22 8 27103 2084
22 9 2605 200
22 10 7888 606
22 11 7224 555
22 12 15532 1194
22 13 22022 1694
22 14 22914 1762
22 15 4356 335
22 16 7400 569
22 17 7077 544
22 18 7374 567
22 19 6805 523
22 20 22725 1748
22 21 11672 897
22 22 0 0
22 23 18696 1438
22 24 8546 657
22 25 27822 2140
22 26 26571 2043
22 27 2670 205
22 28 15077 1159
22 29 27314 2101
22 30 7189 553
22 31 3541 272
22 32 11663 897
22 33 11265 866
22 34 10256 788
22 35 8984 691
22 36 8690 668
22 37 17009 1308
22 38 9171 705
22 39 23186 1783
22 40 1141 87
22 41 26990 2076
22 42 12241 941
22 43 3020 232
22 44 29940 2303
22 45 5986 460
22 46 21069 1620
22 47 17260 1327
22 48 12962 997
22 49 23135 1779
23 0 656 50
23 1 24892 1914
23 2 8492 653
23 3 18542 1426
23 4 21751 1673
23 5 12530 963
23 6 19924 1532
23 7 28484 2191
23 8 19644 1511
23 9 18323 1409
23 10 24844 1911
23 11 6559 504
23 12 9988 768
23 13 20405 1569
23 14 21519 1655
23 15 10590 814
23 16 4158 319
23 17 19091 1468
23 18 26764 2058
23 19 9800 753
23 20 5820 447
23 21 23061 1773
23 22 24609 1893
23 23 0 0
23 24 21431 1648
23 25 14236 1095
23 26 11474 882
23 27 1653 127
23 28 20209 1554
23 29 4811 370
23 30 24464 1881
23 31 3936 302
23 32 29879 2298
23 33 1522 117
23 34 17391 1337
23 35 11570 890
23 36 15719 1209
23 37 29694 2284
23 38 22459 1727
23 39 10644 818
23 40 22833 1756
23 41 19459 1496
23 42 27424 2109
23 43 240 18
23 44 1104 84
23 45 23754 1827
23 46 27151 2088
23 47 28380 2183
23 48 9738 749
23 49 9571 736
24 0 27295 2099
24 1 22837 1756
24 2 24953 1919
24 3 8378 644
24 4 22734 1748
24 5 21067 1620
24 6 29769 2289
24 7 4927 379
24 8 21905 1685
24 9 26664 2051
24 10 24970 1920
24 11 21366 1643
24 12 24671 1897
24 13 20157 1550
24 14 20200 1553
24 15 2776 213
24 16 3088 237
24 17 5436 418
24 18 13861 1066
24 19 15939 1226
24 20 13167 1012
24 21 29766 2289
24 22 15834 1218
24 23 2853 219
24 24 0 0
24 25 11925 917
24 26 3948 303
24 27 28580 2198
24 28 2662 204
24 29 5772 444
24 30 14040 1080
24 31 23736 1825
24 32 5027 386
24 33 16794 1291
24 34 11958 919
24 35 296 22
24 36 26335 2025
24 37 4276 328
24 38 11120 855
24 39 6178 475
24 40 24044 1849
24 41 18021 1386
24 42 1708 131
24 43 5301 407
24 44 19607 1508
24 45 28813 2216
24 46 5066 389
24 47 8877 682
24 48 13177 1013
24 49 19604 1508
25 0 24251 1865
25 1 20484 1575
25 2 9324 717
25 3 29698 2284
25 4 9004 692
25 5 4728 363
25 6 28196 2168
25 7 27773 2136
25 8 18046 1388
25 9 27931 2148
25 10 17716 1362
25 11 17359 1335
25 12 25275 1944
25 13 15553 1196
25 14 9082 698
25 15 421 32
25 16 9198 707
25 17 18088 1391
25 18 4259 327
25 19 7662 589
25 20 17423 1340
25 21 26936 2072
25 22 20100 1546
25 23 13714 1054
25 24 22423 1724
25 25 0 0
25 26 19921 1532
25 27 22193 1707
25 28 14033 1079
25 29 23836 1833
25 30 22249 1711
25 31 4592 353
25 32 2326 178
25 33 904 69
25 34 7852 604
25 35 12023 924
25 36 2622 201
25 37 9305 715
25 38 27436 2110
25 39 8008 616
25 40 2149 165
25 41 6654 511
25 42 4230 325
25 43 28068 2159
25 44 15310 1177
25 45 6571 505
25 46 10445 803
25 47 27817 2139
25 48 25469 1959
25 49 11104 854
26 0 14094 1084
26 1 13868 1066
26 2 23264 1789
26 3 21823 1678
26 4 18253 1404
26 5 14008 1077
26 6 27558 2119
26 7 24079 1852
26 8 9679 744
26 9 2401 184
26 10 26511 2039
26 11 4166 320
26 12 7113 547
26 13 16692 1284
26 14 15276 1175
26 15 27089 2083
26 16 25028 1925
26 17 1699 130
26 18 21232 1633
26 19 1361 104
26 20 13980 1075
26 21 12716 978
26 22 9150 703
26 23 29219 2247
26 24 8366 643
26 25 27964 2151
26 26 0 0
26 27 27535 2118
26 28 27100 2084
26 29 15692 1207
26 30 251 19
26 31 16102 1238
26 32 16193 1245
26 33 24674 1898
26 34 14144 1088
26 35 17199 1323
26 36 18038 1387
26 37 12924 994
26 38 19612 1508
26 39 6586 506
26 40 11784 906
26 41 16531 1271
26 42 15774 1213
26 43 8988 691
26 44 25943 1995
26 45 5708 439
26 46 13839 1064
26 47 29121 2240
26 48 20418 1570
26 49 11999 923
27 0 8737 672
27 1 11766 905
27 2 15458 1189
27 3 27464 2112
27 4 7189 553
27 5 24774 1905
27 6 5608 431
27 7 20386 1568
27 8 23023 1771
27 9 27032 2079
27 10 28358 2181
27 11 25918 1993
27 12 14773 1136
27 13 19761 1520
27 14 12112 931
27 15 20065 1543
27 16 22676 1744
27 17 29431 2263
27 18 11683 898
27 19 14647 1126
27 20 17352 1334
27 21 215 16
27 22 4258 327
27 23 8613 662
27 24 4292 330
27 25 18167 1397
27 26 3934 302
27 27 0 0
27 28 4832 371
27 29 5100 392
27 30 24369 1874
27 31 3667 282
27 32 4691 360
27 33 17180 1321
27 34 7923 609
27 35 25361 1950
27 36 26753 2057
27 37 18026 1386
27 38 15363 1181
27 39 17627 1355
27 40 20665 1589
27 41 17021 1309
27 42 5047 388
27 43 29800 2292
27 44 26516 2039
27 45 13001 1000
27 46 9278 713
27 47 6887 529
27 48 12328 948
27 49 12972 997
28 0 22343 1718
28 1 27008 2077
28 2 13375 1028
28 3 19970 1536
28 4 1856 142
28 5 4918 378
28 6 7868 605
28 7 4379 336
28 8 2616 201
28 9 9035 695
28 10 4749 365
28 11 10863 835
28 12 10152 780
28 13 9756 750
28 14 13778 1059
28 15 26500 2038
28 16 27739 2133
28 17 25294 1945
28 18 1876 144
28 19 23252 1788
28 20 9106 700
28 21 11466 882
28 22 21049 1619
28 23 18274 1405
28 24 5642 434
28 25 18111 1393
28 26 6004 461
28 27 9735 748
28 28 0 0
28 29 13366 1028
28 30 21791 1676
28 31 29397 2261
28 32 19844 1526
28 33 11726 902
28 34 13203 1015
28 35 12703 977
28 36 21993 1691
28 37 8819 678
28 38 17419 1339
28 39 6774 521
28 40 14425 1109
28 41 8163 627
28 42 14521 1117
28 43 27914 2147
28 44 17571 1351
28 45 22458 1727
28 46 24652 1896
28 47 6429 494
28 48 15387 1183
28 49 27271 2097
29 0 29638 2279
29 1 22417 1724
29 2 2208 169
29 3 13246 1018
29 4 23387 1799
29 5 24223 1863
29 6 4632 356
29 7 16230 1248
29 8 28630 2202
29 9 4939 379
29 10 2430 186
29 11 5693 437
29 12 15239 1172
29 13 15586 1198
29 14 20175 1551
29 15 13165 1012
29 16 7607 585
29 17 2421 186
29 18 23402 1800
29 19 27316 2101
29 20 15134 1164
29 21 14576 1121
29 22 3097 238
29 23 20921 1609
29 24 27120 2086
29 25 1117 85
29 26 464 35
29 27 17547 1349
29 28 26488 2037
29 29 0 0
29 30 13264 1020
29 31 17580 1352
29 32 27079 2083
29 33 6382 490
29 34 579 44
29 35 377 29
29 36 17765 1366
29 37 6430 494
29 38 18059 1389
29 39 10145 780
29 40 3766 289
29 41 12188 937
29 42 7035 541
29 43 11405 877
29 44 22955 1765
29 45 23571 1813
29 46 23614 1816
29 47 2830 217
29 48 4689 360
29 49 17781 1367
30 0 12125 932
30 1 11597 892
30 2 21178 1629
30 3 25690 1976
30 4 12191 937
30 5 17894 1376
30 6 9330 717
30 7 27893 2145
30 8 13955 1073
30 9 19458 1496
30 10 3842 295
30 11 7930 610
30 12 18336 1410
30 13 14305 1100
30 14 14723 1132
30 15 13081 1006
30 16 14714 1131
30 17 21478 1652
30 18 11215 862
30 19 20533 1579
30 20 12325 948
30 21 29843 2295
30 22 730 56
30 23 1201 92
30 24 21339 1641
30 25 22369 1720
30 26 3576 275
30 27 28203 2169
30 28 1795 138
30 29 6908 531
30 30 0 0
30 31 12763 981
30 32 20193 1553
30 33 387 29
30 34 28476 2190
30 35 15294 1176
30 36 6955 535
30 37 21417 1647
30 38 13194 1014
30 39 26177 2013
30 40 2796 215
30 41 25601 1969
30 42 5422 417
30 43 14514 1116
30 44 13348 1026
30 45 2934 225
30 46 14435 1110
30 47 12989 999
30 48 16009 1231
30 49 28076 2159
31 0 16359 1258
31 1 29922 2301
31 2 29715 2285
31 3 23436 1802
31 4 22598 1738
31 5 5602 430
31 6 182 14
31 7 968 74
31 8 547 42
31 9 25919 1993
31 10 1294 99
31 11 14502 1115
31 12 15663 1204
31 13 22900 1761
31 14 29067 2235
31 15 7208 554
31 16 29030 2233
31 17 5959 458
31 18 22543 1734
31 19 17465 1343
31 20 18637 1433
31 21 1786 137
31 22 20214 1554
31 23 20112 1547
31 24 19067 1466
31 25 21428 1648
31 26 19386 1491
31 27 3403 261
31 28 29254 2250
31 29 26421 2032
31 30 336 25
31 31 0 0
31 32 23003 1769
31 33 1576 121
31 34 15259 1173
31 35 9397 722
31 36 22783 1752
31 37 14865 1143
31 38 19031 1463
31 39 21676 1667
31 40 25556 1965
31 41 29235 2248
31 42 6286 483
31 43 22532 1733
31 44 5532 425
31 45 15104 1161
31 46 23270 1790
31 47 24986 1922
31 48 1163 89
31 49 27499 2115
32 0 11134 856
32 1 6187 475
32 2 21005 1615
32 3 8179 629
32 4 14435 1110
32 5 29276 2252
32 6 6575 505
32 7 9622 740
32 8 22594 1738
32 9 22000 1692
32 10 27755 2135
32 11 24204 1861
32 12 28033 2156
32 13 20927 1609
32 14 3975 305
32 15 16075 1236
32 16 18882 1452
32 17 311 23
32 18 2987 229
32 19 27529 2117
32 20 22484 1729
32 21 22015 1693
32 22 10096 776
32 23 19053 1465
32 24 20908 1608
32 25 17171 1320
32 26 29196 2245
32 27 6757 519
32 28 14309 1100
32 29 28848 2219
32 30 27670 2128
32 31 3165 243
32 32 0 0
32 33 28231 2171
32 34 24337 1872
32 35 17084 1314
32 36 20620 1586
32 37 3898 299
32 38 28887 2222
32 39 510 39
32 40 16319 1255
32 41 23429 1802
32 42 4109 316
32 43 3858 296
32 44 8585 660
32 45 14020 1078
32 46 22953 1765
32 47 16804 1292
32 48 10201 784
32 49 29817 2293
33 0 3893 299
33 1 3202 246
33 2 1165 89
33 3 16662 1281
33 4 4095 315
33 5 17844 1372
33 6 26576 2044
33 7 11964 920
33 8 26031 2002
33 9 2193 168
33 10 16340 1256
33 11 6192 476
33 12 11929 917
33 13 1504 115
33 14 16469 1266
33 15 11095 853
33 16 7817 601
33 17 17414 1339
33 18 5254 404
33 19 10377 798
33 20 7172 551
33 21 11193 861
33 22 1383 106
33 23 25653 1973
33 24 24353 1873
33 25 8836 679
33 26 19606 1508
33 27 11566 889
33 28 26188 2014
33 29 29201 2246
33 30 4851 373
33 31 11622 894
33 32 29709 2285
33 33 0 0
33 34 4091 314
33 35 19630 1510
33 36 6721 517
33 37 26217 2016
33 38 236 18
33 39 20181 1552
33 40 6821 524
33 41 10427 802
33 42 4257 327
33 43 18990 1460
33 44 22775 1751
33 45 28864 2220
33 46 6815 524
33 47 18299 1407
33 48 18311 1408
33 49 29692 2284
34 0 23820 1832
34 1 29729 2286
34 2 26104 2008
34 3 29790 2291
34 4 1661 127
34 5 16816 1293
34 6 18508 1423
34 7 15360 1181
34 8 8178 629
34 9 1060 81
34 10 506 38
34 11 3130 240
34 12 11507 885
34 13 16086 1237
34 14 22747 1749
34 15 11855 911
34 16 26872 2067
34 17 8795 676
34 18 17206 1323
34 19 20590 1583
34 20 12684 975
34 21 3198 246
34 22 2124 163
34 23 7833 602
34 24 25761 1981
34 25 26403 2031
34 26 26942 2072
34 27 25640 1972
34 28 19646 1511
34 29 12780 983
34 30 19193 1476
34 31 4242 326
34 32 5903 454
34 33 12805 985
34 34 0 0
34 35 29226 2248
34 36 8963 689
34 37 21255 1635
34 38 23003 1769
34 39 9890 760
34 40 25427 1955
34 41 27019 2078
34 42 21914 1685
34 43 21807 1677
34 44 16760 1289
34 45 7387 568
34 46 12971 997
34 47 19080 1467
34 48 28703 2207
34 49 13993 1076
35 0 3777 290
35 1 18273 1405
35 2 8376 644
35 3 19822 1524
35 4 8703 669
35 5 11554 888
35 6 24695 1899
35 7 13349 1026
35 8 22597 1738
35 9 25508 1962
35 10 21689 1668
35 11 19091 1468
35 12 22381 1721
35 13 1309 100
35 14 23985 1845
35 15 19449 1496
35 16 17654 1358
35 17 16845 1295
35 18 9371 720
35 19 15613 1201
35 20 24812 1908
35 21 18665 1435
35 22 9350 719
35 23 23454 1804
35 24 22770 1751
35 25 26365 2028
35 26 7321 563
35 27 15906 1223
35 28 24477 1882
35 29 10726 825
35 30 15024 1155
35 31 12933 994
35 32 29742 2287
35 33 23505 1808
35 34 3660 281
35 35 0 0
35 36 310 23
35 37 17652 1357
35 38 21554 1658
35 39 27417 2109
35 40 21974 1690
35 41 20524 1578
35 42 6982 537
35 43 27332 2102
35 44 1266 97
35 45 15449 1188
35 46 21087 1622
35 47 22264 1712
35 48 2490 191
35 49 21513 1654
36 0 955 73
36 1 6562 504
36 2 3426 263
36 3 18891 1453
36 4 23077 1775
36 5 25337 1949
36 6 27163 2089
36 7 14040 1080
36 8 19476 1498
36 9 14795 1138
36 10 589 45
36 11 10549 811
36 12 13980 1075
36 13 13634 1048
36 14 22973 1767
36 15 379 29
36 16 4558 350
36 17 27473 2113
36 18 20451 1573
36 19 11942 918
36 20 11285 868
36 21 3630 279
36 22 21963 1689
36 23 25364 1951
36 24 17797 1369
36 25 28401 2184
36 26 6295 484
36 27 3921 301
36 28 14746 1134
36 29 24024 1848
36 30 19311 1485
36 31 7765 597
36 32 20488 1576
36 33 27038 2079
36 34 27165 2089
36 35 26145 2011
36 36 0 0
36 37 11008 846
36 38 21795 1676
36 39 24370 1874
36 40 2383 183
36 41 17228 1325
36 42 6489 499
36 43 16584 1275
36 44 15089 1160
36 45 19750 1519
36 46 15816 1216
36 47 25065 1928
36 48 11596 892
36 49 15262 1174
37 0 27625 2125
37 1 23111 1777
37 2 19554 1504
37 3 4701 361
37 4 2302 177
37 5 15157 1165
37 6 13349 1026
37 7 26755 2058
37 8 17946 1380
37 9 21525 1655
37 10 28150 2165
37 11 15855 1219
37 12 20256 1558
37 13 2950 226
37 14 16496 1268
37 15 24641 1895
37 16 11944 918
37 17 24944 1918
37 18 14499 1115
37 19 3314 254
37 20 25083 1929
37 21 17319 1332
37 22 1137 87
37 23 20934 1610
37 24 6278 482
37 25 10039 772
37 26 24300 1869
37 27 7585 583
37 28 7552 580
37 29 25192 1937
37 30 10523 809
37 31 3937 302
37 32 2907 223
37 33 2279 175
37 34 25448 1957
37 35 8230 633
37 36 4868 374
37 37 0 0
37 38 12708 977
37 39 14107 1085
37 40 26193 2014
37 41 28425 2186
37 42 26910 2070
37 43 2711 208
37 44 11187 860
37 45 27227 2094
37 46 11782 906
37 47 2849 219
37 48 23713 1824
37 49 26099 2007
38 0 28640 2203
38 1 5331 410
38 2 10312 793
38 3 28884 2221
38 4 18308 1408
38 5 29976 2305
38 6 5284 406
38 7 13955 1073
38 8 18626 1432
38 9 10837 833
38 10 15016 1155
38 11 13760 1058
38 12 3707 285
38 13 22636 1741
38 14 25416 1955
38 15 15792 1214
38 16 27601 2123
38 17 23854 1834
38 18 5008 385
38 19 10502 807
38 20 9663 743
38 21 11719 901
38 22 6978 536
38 23 5262 404
38 24 26575 2044
38 25 24146 1857
38 26 15988 1229
38 27 7413 570
38 28 8202 630
38 29 9461 727
38 30 6665 512
38 31 25955 1996
38 32 24149 1857
38 33 3598 276
38 34 28370 2182
38 35 26375 2028
38 36 26442 2034
38 37 6812 524
38 38 0 0
38 39 25901 1992
38 40 2351 180
38 41 14993 1153
38 42 27696 2130
38 43 341 26
38 44 2186 168
38 45 6487 499
38 46 25723 1978
38 47 13873 1067
38 48 28220 2170
38 49 18794 1445
39 0 17184 1321
39 1 18165 1397
39 2 20411 1570
39 3 28887 2222
39 4 19078 1467
39 5 2125 163
39 6 28121 2163
39 7 13498 1038
39 8 15241 1172
39 9 10306 792
39 10 12296 945
39 11 16888 1299
39 12 8018 616
39 13 28620 2201
39 14 2579 198
39 15 23154 1781
39 16 7792 599
39 17 26415 2031
39 18 16629 1279
39 19 28196 2168
39 20 13629 1048
39 21 299 23
39 22 7660 589
39 23 18235 1402
39 24 28833 2217
39 25 2683 206
39 26 13719 1055
39 27 13343 1026
39 28 19811 1523
39 29 9241 710
39 30 28217 2170
39 31 4809 369
39 32 17398 1338
39 33 21526 1655
39 34 1126 86
39 35 1598 122
39 36 28359 2181
39 37 1494 114
39 38 25010 1923
39 39 0 0
39 40 6652 511
39 41 11124 855
39 42 23029 1771
39 43 21940 1687
39 44 19860 1527
39 45 819 63
39 46 4574 351
39 47 8480 652
39 48 27566 2120
39 49 15480 1190
40 0 12208 939
40 1 13942 1072
40 2 17378 1336
40 3 12327 948
40 4 18278 1406
40 5 21312 1639
40 6 27469 2113
40 7 8173 628
40 8 5726 440
40 9 15606 1200
40 10 22196 1707
40 11 8752 673
40 12 1885 145
40 13 19992 1537
40 14 25720 1978
40 15 26838 2064
40 16 5064 389
40 17 11088 852
40 18 5632 433
40 19 17862 1374
40 20 1535 118
40 21 16300 1253
40 22 9254 711
40 23 16016 1232
40 24 15777 1213
40 25 25947 1995
40 26 29265 2251
40 27 6707 515
40 28 2891 222
40 29 16418 1262
40 30 18746 1442
40 31 14389 1106
40 32 22409 1723
40 33 7218 555
40 34 19339 1487
40 35 25714 1978
40 36 25759 1981
40 37 24149 1857
40 38 26560 2043
40 39 17857 1373
40 40 0 0
40 41 8910 685
40 42 14967 1151
40 43 23759 1827
40 44 8372 644
40 45 4544 349
40 46 10662 820
40 47 12790 983
40 48 4422 340
40 49 19832 1525
41 0 10682 821
41 1 25256 1942
41 2 28229 2171
41 3 10757 827
41 4 25473 1959
41 5 2392 184
41 6 25686 1975
41 7 19828 1525
41 8 21582 1660
41 9 6203 477
41 10 22516 1732
41 11 658 50
41 12 14409 1108
41 13 4661 358
41 14 7933 610
41 15 19119 1470
41 16 12682 975
41 17 13987 1075
41 18 9434 725
41 19 8378 644
41 20 13759 1058
41 21 20742 1595
41 22 1492 114
41 23 329 25
41 24 12631 971
41 25 25933 1994
41 26 1580 121
41 27 10458 804
41 28 4538 349
41 29 10048 772
41 30 22098 1699
41 31 28655 2204
41 32 25595 1968
41 33 13748 1057
41 34 26120 2009
41 35 12084 929
41 36 21609 1662
41 37 12284 944
41 38 25094 1930
41 39 14025 1078
41 40 20362 1566
41 41 0 0
41 42 11010 846
41 43 9894 761
41 44 2995 230
41 45 10345 795
41 46 2946 226
41 47 3988 306
41 48 9430 725
41 49 28147 2165
42 0 18863 1451
42 1 17882 1375
42 2 8862 681
42 3 27677 2129
42 4 13603 1046
42 5 27714 2131
42 6 15055 1158
42 7 13251 1019
42 8 24155 1858
42 9 18935 1456
42 10 16931 1302
42 11 22613 1739
42 12 16829 1294
42 13 545 41
42 14 28201 2169
42 15 9440 726
42 16 6881 529
42 17 22527 1732
42 18 16855 1296
42 19 15624 1201
42 20 24623 1894
42 21 26818 2062
42 22 23135 1779
42 23 14979 1152
42 24 21932 1687
42 25 9034 694
42 26 13405 1031
42 27 26855 2065
42 28 13047 1003
42 29 9702 746
42 30 10348 796
42 31 10349 796
42 32 19569 1505
42 33 14621 1124
42 34 8114 624
42 35 12364 951
42 36 8047 619
42 37 20225 1555
42 38 1409 108
42 39 4230 325
42 40 26267 2020
42 41 475 36
42 42 0 0
42 43 24534 1887
42 44 26416 2032
42 45 22577 1736
42 46 12970 997
42 47 1217 93
42 48 416 32
42 49 22797 1753
43 0 8140 626
43 1 22207 1708
43 2 25979 1998
43 3 20730 1594
43 4 10043 772
43 5 14792 1137
43 6 29737 2287
43 7 29999 2307
43 8 23273 1790
43 9 29125 2240
43 10 6170 474
43 11 9004 692
43 12 3964 304
43 13 11309 869
43 14 9164 704
43 15 10268 789
43 16 27215 2093
43 17 24539 1887
43 18 8867 682
43 19 13298 1022
43 20 7139 549
43 21 5174 398
43 22 25687 1975
43 23 23597 1815
43 24 27854 2142
43 25 26713 2054
43 26 26904 2069
43 27 26113 2008
43 28 2693 207
43 29 3495 268
43 30 15586 1198
43 31 29684 2283
43 32 10531 810
43 33 18700 1438
43 34 9563 735
43 35 27645 2126
43 36 20546 1580
43 37 2381 183
43 38 14129 1086
43 39 28753 2211
43 40 203 15
43 41 10540 810
43 42 6459 496
43 43 0 0
43 44 4330 333
43 45 7841 603
43 46 2610 200
43 47 16918 1301
43 48 12796 984
43 49 13433 1033
44 0 23896 1838
44 1 15263 1174
44 2 26810 2062
44 3 14691 1130
44 4 7291 560
44 5 22040 1695
44 6 26397 2030
44 7 28409 2185
44 8 26214 2016
44 9 15872 1220
44 10 19030 1463
44 11 7575 582
44 12 28250 2173
44 13 24318 1870
44 14 24010 1846
44 15 12162 935
44 16 8440 649
44 17 13056 1004
44 18 27710 2131
44 19 18975 1459
44 20 5722 440
44 21 9890 760
44 22 15693 1207
44 23 26332 2025
44 24 4815 370
44 25 23221 1786
44 26 21789 1676
44 27 655 50
44 28 4600 353
44 29 28629 2202
44 30 6300 484
44 31 13351 1027
44 32 26135 2010
44 33 6847 526
44 34 8901 684
44 35 3008 231
44 36 24794 1907
44 37 26385 2029
44 38 25125 1932
44 39 18935 1456
44 40 23092 1776
44 41 17597 1353
44 42 9228 709
44 43 20038 1541
44 44 0 0
44 45 29827 2294
44 46 9246 711
44 47 2067 159
44 48 16147 1242
44 49 11548 888
45 0 7568 582
45 1 7438 572
45 2 28260 2173
45 3 17890 1376
45 4 26543 2041
45 5 21564 1658
45 6 18051 1388
45 7 24404 1877
45 8 15899 1223
45 9 4598 353
45 10 24125 1855
45 11 14808 1139
45 12 17968 1382
45 13 21934 1687
45 14 3546 272
45 15 13921 1070
45 16 3853 296
45 17 13935 1071
45 18 15515 1193
45 19 9664 743
45 20 6948 534
45 21 21462 1650
45 22 27712 2131
45 23 22397 1722
45 24 3307 254
45 25 26808 2062
45 26 28532 2194
45 27 10883 837
45 28 8386 645
45 29 9828 756
45 30 9513 731
45 31 21116 1624
45 32 14347 1103
45 33 18337 1410
45 34 28226 2171
45 35 2959 227
45 36 9950 765
45 37 7205 554
45 38 28290 2176
45 39 29407 2262
45 40 16859 1296
45 41 9567 735
45 42 11998 922
45 43 523 40
45 44 4471 343
45 45 0 0
45 46 12342 949
45 47 3307 254
45 48 10134 779
45 49 23463 1804
46 0 4617 355
46 1 28421 2186
46 2 20021 1540
46 3 26771 2059
46 4 9163 704
46 5 24394 1876
46 6 25131 1933
46 7 15797 1215
46 8 19615 1508
46 9 16177 1244
46 10 1856 142
46 11 3094 238
46 12 4131 317
46 13 15983 1229
46 14 20235 1556
46 15 4462 343
46 16 13845 1065
46 17 26290 2022
46 18 7096 545
46 19 18494 1422
46 20 26463 2035
46 21 24349 1873
46 22 6353 488
46 23 8206 631
46 24 5331 410
46 25 18772 1444
46 26 18920 1455
46 27 12256 942
46 28 12097 930
46 29 16141 1241
46 30 15026 1155
46 31 12515 962
46 32 491 37
46 33 3107 239
46 34 7537 579
46 35 512 39
46 36 7909 608
46 37 12713 977
46 38 26237 2018
46 39 5112 393
46 40 6485 498
46 41 16032 1233
46 42 10677 821
46 43 18253 1404
46 44 1286 98
46 45 1205 92
46 46 0 0
46 47 6660 512
46 48 13617 1047
46 49 3413 262
47 0 2778 213
47 1 25762 1981
47 2 5461 420
47 3 27362 2104
47 4 27583 2121
47 5 14457 1112
47 6 409 31
47 7 3559 273
47 8 9857 758
47 9 17577 1352
47 10 11140 856
47 11 23280 1790
47 12 20587 1583
47 13 12713 977
47 14 7507 577
47 15 3324 255
47 16 22730 1748
47 17 2013 154
47 18 19043 1464
47 19 26501 2038
47 20 29409 2262
47 21 13238 1018
47 22 6038 464
47 23 19713 1516
47 24 9637 741
47 25 11315 870
47 26 20859 1604
47 27 24666 1897
47 28 19804 1523
47 29 28320 2178
47 30 17265 1328
47 31 21105 1623
47 32 29689 2283
47 33 11856 912
47 34 17216 1324
47 35 21665 1666
47 36 20429 1571
47 37 3707 285
47 38 17759 1366
47 39 13332 1025
47 40 22138 1702
47 41 1388 106
47 42 26210 2016
47 43 2396 184
47 44 10175 782
47 45 8118 624
47 46 20795 1599
47 47 0 0
47 48 3409 262
47 49 4982 383
48 0 4740 364
48 1 8358 642
48 2 3156 242
48 3 12068 928
48 4 5195 399
48 5 26347 2026
48 6 2318 178
48 7 28827 2217
48 8 2382 183
48 9 8969 689
48 10 11328 871
48 11 24458 1881
48 12 7025 540
48 13 18048 1388
48 14 19439 1495
48 15 1309 100
48 16 2969 228
48 17 27954 2150
48 18 25004 1923
48 19 7130 548
48 20 10426 802
48 21 18401 1415
48 22 6443 495
48 23 5876 452
48 24 18021 1386
48 25 17818 1370
48 26 17339 1333
48 27 9366 720
48 28 20649 1588
48 29 16227 1248
48 30 26865 2066
48 31 13817 1062
48 32 23211 1785
48 33 25210 1939
48 34 15286 1175
48 35 26186 2014
48 36 1137 87
48 37 27537 2118
48 38 2631 202
48 39 15649 1203
48 40 28027 2155
48 41 3117 239
48 42 28063 2158
48 43 19528 1502
48 44 18645 1434
48 45 11209 862
48 46 6697 515
48 47 26290 2022
48 48 0 0
48 49 11486 883
49 0 29322 2255
49 1 21593 1661
49 2 2112 162
49 3 706 54
49 4 23831 1833
49 5 19021 1463
49 6 9805 754
49 7 9656 742
49 8 15400 1184
49 9 10459 804
49 10 15717 1209
49 11 7687 591
49 12 13618 1047
49 13 5317 409
49 14 15018 1155
49 15 24390 1876
49 16 4720 363
49 17 23618 1816
49 18 18651 1434
49 19 11191 860
49 20 23267 1789
49 21 1796 138
49 22 12548 965
49 23 22193 1707
49 24 10447 803
49 25 14385 1106
49 26 25263 1943
49 27 15012 1154
49 28 29613 2277
49 29 11796 907
49 30 18119 1393
49 31 21994 1691
49 32 13568 1043
49 33 14980 1152
49 34 21575 1659
49 35 19462 1497
49 36 27549 2119
49 37 3184 244
49 38 11236 864
49 39 2591 199
49 40 5603 431
49 41 7952 611
49 42 6685 514
49 43 25641 1972
49 44 12915 993
49 45 3601 277
49 46 12366 951
49 47 15901 1223
49 48 25665 1974
49 49 0 0
