25
918 8334
664 9196
1126 6285
1036 8615
1065 7477
995 5107
841 9544
974 8899
1081 6746
1127 7826
1097 9043
942 8497
747 7872
1026 9153
675 8669
856 6795
633 5256
793 5791
1111 9796
715 8615
654 8330
796 6646
1057 7003
1072 6415
935 7549
0 0 0 0
0 1 22209 1708
0 2 6440 495
0 3 1625 125
0 4 9995 768
0 5 13511 1039
0 6 29787 2291
0 7 8242 634
0 8 16536 1272
0 9 22653 1742
0 10 5659 435
0 11 28697 2207
0 12 10951 842
0 13 15300 1176
0 14 28620 2201
0 15 28054 2158
0 16 18435 1418
0 17 24335 1871
0 18 29675 2282
0 19 29148 2242
0 20 4782 367
0 21 17803 1369
0 22 13075 1005
0 23 14717 1132
0 24 4322 332
1 0 15757 1212
1 1 0 0
1 2 24081 1852
1 3 22544 1734
1 4 18183 1398
1 5 9659 743
1 6 19812 1524
1 7 6501 500
1 8 21476 1652
1 9 9425 725
1 10 3131 240
1 11 13684 1052
1 12 5363 412
1 13 3981 306
1 14 163 12
1 15 2494 191
1 16 26384 2029
1 17 22907 1762
1 18 21154 1627
1 19 13380 1029
1 20 13396 1030
1 21 23157 1781
1 22 28292 2176
1 23 18510 1423
1 24 12432 956
2 0 14400 1107
2 1 28466 2189
2 2 0 0
2 3 18368 1412
2 4 4926 378
2 5 29053 2234
2 6 25363 1951
2 7 15071 1159
2 8 227 17
2 9 5956 458
2 10 7367 566
2 11 23367 1797
2 12 20378 1567
2 13 10951 842
2 14 13548 1042
2 15 16150 1242
2 16 13539 1041
2 17 29156 2242
2 18 10798 830
2 19 2983 229
2 20 16681 1283
2 21 27288 2099
2 22 15077 1159
2 23 23497 1807
2 24 2676 205
3 0 3996 307
3 1 1229 94
3 2 4519 347
3 3 0 0
3 4 14843 1141
3 5 13269 1020
3 6 3493 268
3 7 6157 473
3 8 8427 648
3 9 26808 2062
3 10 7550 580
3 11 23241 1787
3 12 3686 283
3 13 3227 248
3 14 7926 609
3 15 17694 1361
3 16 7714 593
3 17 15682 1206
3 18 2686 206
3 19 26716 2055
3 20 8570 659
3 21 6767 520
3 22 27252 2096
3 23 4543 349
3 24 27160 2089
4 0 23824 1832
4 1 10592 814
4 2 14570 1120
4 3 19973 1536
4 4 0 0
4 5 25405 1954
4 6 28619 2201
4 7 10503 807
4 8 7861 604
4 9 15188 1168
4 10 28787 2214
4 11 17424 1340
4 12 27840 2141
4 13 4392 337
4 14 22988 1768
4 15 5988 460
4 16 29695 2284
4 17 728 56
4 18 20585 1583
4 19 22832 1756
4 20 15180 1167
4 21 1599 123
4 22 24748 1903
4 23 1998 153
4 24 29360 2258
5 0 26168 2012
5 1 5478 421
5 2 17157 1319
5 3 20257 1558
5 4 12536 964
5 5 0 0
5 6 19323 1486
5 7 608 46
5 8 5238 402
5 9 23239 1787
5 10 10776 828
5 11 22028 1694
5 12 15948 1226
5 13 196 15
5 14 1962 150
5 15 11773 905
5 16 15743 1211
5 17 13489 1037
5 18 28672 2205
5 19 12748 980
5 20 13558 1042
5 21 5615 431
5 22 25986 1998
5 23 14338 1102
5 24 26376 2028
6 0 20270 1559
6 1 1100 84
6 2 12833 987
6 3 22962 1766
6 4 24700 1900
6 5 15987 1229
6 6 0 0
6 7 22105 1700
6 8 7571 582
6 9 29852 2296
6 10 14645 1126
6 11 19325 1486
6 12 18863 1451
6 13 28290 2176
6 14 16324 1255
6 15 14831 1140
6 16 6766 520
6 17 10881 837
6 18 14645 1126
6 19 16043 1234
6 20 21295 1638
6 21 23125 1778
6 22 1127 86
6 23 14860 1143
6 24 18325 1409
7 0 15474 1190
7 1 11779 906
7 2 21992 1691
7 3 12151 934
7 4 24863 1912
7 5 1341 103
7 6 15677 1205
7 7 0 0
7 8 9541 733
7 9 11806 908
7 10 19875 1528
7 11 22304 1715
7 12 5023 386
7 13 7736 595
7 14 9962 766
7 15 19886 1529
7 16 23526 1809
7 17 2584 198
7 18 1420 109
7 19 26888 2068
7 20 3525 271
7 21 15385 1183
7 22 16494 1268
7 23 15275 1175
7 24 6220 478
8 0 16144 1241
8 1 28427 2186
8 2 18772 1444
8 3 23686 1822
8 4 11149 857
8 5 21199 1630
8 6 199 15
8 7 24977 1921
8 8 0 0
8 9 10661 820
8 10 25377 1952
8 11 9443 726
8 12 17169 1320
8 13 19186 1475
8 14 5824 448
8 15 15934 1225
8 16 21287 1637
8 17 18538 1426
8 18 18729 1440
8 19 3265 251
8 20 24124 1855
8 21 19232 1479
8 22 22010 1693
8 23 28506 2192
8 24 22943 1764
9 0 23589 1814
9 1 9640 741
9 2 11780 906
9 3 3389 260
9 4 13582 1044
9 5 9561 735
9 6 26422 2032
9 7 20906 1608
9 8 3383 260
9 9 0 0
9 10 26733 2056
9 11 26821 2063
9 12 4503 346
9 13 21128 1625
9 14 19952 1534
9 15 8539 656
9 16 13132 1010
9 17 10889 837
9 18 27431 2110
9 19 972 74
9 20 11798 907
9 21 22773 1751
9 22 6053 465
9 23 284 21
9 24 15721 1209
10 0 23286 1791
10 1 340 26
10 2 25746 1980
10 3 17560 1350
10 4 23356 1796
10 5 27599 2123
10 6 7704 592
10 7 26742 2057
10 8 1866 143
10 9 16449 1265
10 10 0 0
10 11 1322 101
10 12 8052 619
10 13 1642 126
10 14 1486 114
10 15 10085 775
10 16 12249 942
10 17 20022 1540
10 18 10402 800
10 19 5044 388
10 20 13270 1020
10 21 4604 354
10 22 17249 1326
10 23 15893 1222
10 24 15629 1202
11 0 24037 1849
11 1 9405 723
11 2 1696 130
11 3 7421 570
11 4 14808 1139
11 5 14765 1135
11 6 27731 2133
11 7 15263 1174
11 8 768 59
11 9 16895 1299
11 10 5778 444
11 11 0 0
11 12 23904 1838
11 13 6271 482
11 14 2916 224
11 15 4706 362
11 16 17769 1366
11 17 25959 1996
11 18 722 55
11 19 9645 741
11 20 29544 2272
11 21 26318 2024
11 22 4986 383
11 23 19013 1462
11 24 29954 2304
12 0 26789 2060
12 1 15233 1171
12 2 23783 1829
12 3 19820 1524
12 4 4620 355
12 5 10130 779
12 6 1221 93
12 7 11767 905
12 8 7806 600
12 9 11127 855
12 10 1718 132
12 11 8246 634
12 12 0 0
12 13 15313 1177
12 14 19501 1500
12 15 8067 620
12 16 1082 83
12 17 22346 1718
12 18 26685 2052
12 19 21734 1671
12 20 13201 1015
12 21 20915 1608
12 22 24208 1862
12 23 29503 2269
12 24 12026 925
13 0 22286 1714
13 1 7196 553
13 2 5709 439
13 3 23627 1817
13 4 21977 1690
13 5 14010 1077
13 6 21060 1620
13 7 14024 1078
13 8 13799 1061
13 9 1054 81
13 10 11117 855
13 11 12491 960
13 12 13303 1023
13 13 0 0
13 14 23333 1794
13 15 16493 1268
13 16 12301 946
13 17 6583 506
13 18 15987 1229
13 19 16814 1293
13 20 25041 1926
13 21 24342 1872
13 22 24203 1861
13 23 4326 332
13 24 25356 1950
14 0 7180 552
14 1 9233 710
14 2 29579 2275
14 3 4068 312
14 4 17706 1362
14 5 6272 482
14 6 20110 1546
14 7 28288 2176
14 8 24502 1884
14 9 25416 1955
14 10 22334 1718
14 11 14856 1142
14 12 19504 1500
14 13 22089 1699
14 14 0 0
14 15 18121 1393
14 16 25783 1983
14 17 27440 2110
14 18 12495 961
14 19 8680 667
14 20 14126 1086
14 21 20326 1563
14 22 29322 2255
14 23 19450 1496
14 24 2629 202
15 0 2732 210
15 1 7561 581
15 2 19070 1466
15 3 13137 1010
15 4 13703 1054
15 5 3360 258
15 6 14089 1083
15 7 5491 422
15 8 16371 1259
15 9 16059 1235
15 10 6886 529
15 11 11456 881
15 12 519 39
15 13 1327 102
15 14 29469 2266
15 15 0 0
15 16 29093 2237
15 17 2679 206
15 18 8067 620
15 19 11226 863
15 20 20057 1542
15 21 7634 587
15 22 5967 459
15 23 26038 2002
15 24 15401 1184
16 0 4837 372
16 1 11011 847
16 2 6388 491
16 3 22350 1719
16 4 8753 673
16 5 12739 979
16 6 26010 2000
16 7 1632 125
16 8 10736 825
16 9 14646 1126
16 10 16715 1285
16 11 9065 697
16 12 27960 2150
16 13 28630 2202
16 14 10797 830
16 15 10235 787
16 16 0 0
16 17 10486 806
16 18 17520 1347
16 19 16136 1241
16 20 11666 897
16 21 8357 642
16 22 691 53
16 23 9689 745
16 24 16168 1243
17 0 14944 1149
17 1 1272 97
17 2 15145 1165
17 3 19581 1506
17 4 17392 1337
17 5 27163 2089
17 6 7495 576
17 7 12293 945
17 8 26218 2016
17 9 24390 1876
17 10 18807 1446
17 11 10290 791
17 12 22863 1758
17 13 8400 646
17 14 23528 1809
17 15 22524 1732
17 16 22802 1754
17 17 0 0
17 18 14105 1085
17 19 27638 2126
17 20 22684 1744
17 21 21103 1623
17 22 21200 1630
17 23 27045 2080
17 24 20525 1578
18 0 9449 726
18 1 18047 1388
18 2 10788 829
18 3 16690 1283
18 4 3562 274
18 5 16382 1260
18 6 10676 821
18 7 29222 2247
18 8 17807 1369
18 9 18228 1402
18 10 9993 768
18 11 1211 93
18 12 26594 2045
18 13 2535 195
18 14 26160 2012
18 15 8162 627
18 16 8515 655
18 17 15977 1229
18 18 0 0
18 19 10782 829
18 20 14428 1109
18 21 196 15
18 22 26151 2011
18 23 16031 1233
18 24 21570 1659
19 0 20722 1594
19 1 3271 251
19 2 13271 1020
19 3 28347 2180
19 4 9875 759
19 5 10536 810
19 6 7398 569
19 7 16319 1255
19 8 28056 2158
19 9 20590 1583
19 10 17887 1375
19 11 15655 1204
19 12 27459 2112
19 13 14175 1090
19 14 14654 1127
19 15 16538 1272
19 16 8111 623
19 17 8952 688
19 18 21768 1674
19 19 0 0
19 20 10177 782
19 21 28382 2183
19 22 27643 2126
19 23 6878 529
19 24 18269 1405
20 0 28288 2176
20 1 10783 829
20 2 21909 1685
20 3 20039 1541
20 4 19602 1507
20 5 19877 1529
20 6 25878 1990
20 7 25221 1940
20 8 20506 1577
20 9 4603 354
20 10 17947 1380
20 11 25588 1968
20 12 680 52
20 13 24127 1855
20 14 17381 1337
20 15 11438 879
20 16 715 55
20 17 24458 1881
20 18 16411 1262
20 19 26841 2064
20 20 0 0
20 21 2188 168
20 22 10928 840
20 23 14129 1086
20 24 22065 1697
21 0 5188 399
21 1 3946 303
21 2 17093 1314
21 3 20522 1578
21 4 23186 1783
21 5 3600 276
21 6 3436 264
21 7 28211 2170
21 8 9675 744
21 9 3839 295
21 10 21214 1631
21 11 28761 2212
21 12 27483 2114
21 13 1437 110
21 14 5230 402
21 15 20647 1588
21 16 24788 1906
21 17 21207 1631
21 18 25541 1964
21 19 4248 326
21 20 4160 320
21 21 0 0
21 22 6824 524
21 23 18968 1459
21 24 507 39
22 0 6738 518
22 1 11934 918
22 2 26993 2076
22 3 1893 145
22 4 17176 1321
22 5 241 18
22 6 5496 422
22 7 2635 202
22 8 12172 936
22 9 2208 169
22 10 2321 178
22 11 11014 847
22 12 8003 615
22 13 20385 1568
22 14 4630 356
22 15 8880 683
22 16 28659 2204
22 17 16908 1300
22 18 22028 1694
22 19 8544 657
22 20 15892 1222
22 21 22683 1744
22 22 0 0
22 23 3229 248
22 24 13786 1060
23 0 5018 386
23 1 21000 1615
23 2 1842 141
23 3 3609 277
23 4 2064 158
23 5 28414 2185
23 6 21928 1686
23 7 26842 2064
23 8 2708 208
23 9 25990 1999
23 10 22216 1708
23 11 3080 236
23 12 11652 896
23 13 16364 1258
23 14 7096 545
23 15 17436 1341
23 16 13871 1067
23 17 24553 1888
23 18 13753 1057
23 19 13021 1001
23 20 4155 319
23 21 29096 2238
23 22 920 70
23 23 0 0
23 24 29984 2306
24 0 17827 1371
24 1 14058 1081
24 2 9596 738
24 3 9634 741
24 4 29173 2244
24 5 2321 178
24 6 6304 484
24 7 5360 412
24 8 20209 1554
24 9 23847 1834
24 10 4652 357
24 11 13621 1047
24 12 1880 144
24 13 1434 110
24 14 27097 2084
24 15 28789 2214
24 16 6269 482
24 17 6216 478
24 18 17800 1369
24 19 26895 2068
24 20 1598 122
24 21 12711 977
24 22 24725 1901
24 23 19669 1513
24 24 0 0
