25
1187 8539
968 6910
1166 7392
1118 6629
1106 9474
891 6254
610 5150
939 5356
615 6191
1183 5952
950 6979
663 9832
865 8556
645 6368
719 5623
1116 5471
849 5986
946 8467
1065 7044
1124 8769
1037 6683
859 6066
711 8344
691 8546
803 9818
0 0 0 0
0 1 24282 1867
0 2 16658 1281
0 3 2704 208
0 4 14356 1104
0 5 6554 504
0 6 20660 1589
0 7 2194 168
0 8 15255 1173
0 9 11256 865
0 10 10574 813
0 11 28763 2212
0 12 25842 1987
0 13 12659 973
0 14 4341 333
0 15 21513 1654
0 16 23997 1845
0 17 4882 375
0 18 9889 760
0 19 1052 80
0 20 13534 1041
0 21 18365 1412
0 22 22511 1731
0 23 15313 1177
0 24 6351 488
1 0 16997 1307
1 1 0 0
1 2 20773 1597
1 3 28718 2209
1 4 6775 521
1 5 13561 1043
1 6 10821 832
1 7 23647 1819
1 8 8672 667
1 9 10632 817
1 10 16889 1299
1 11 8873 682
1 12 5215 401
1 13 25075 1928
1 14 15860 1220
1 15 16116 1239
1 16 1040 80
1 17 6694 514
1 18 29801 2292
1 19 1524 117
1 20 27453 2111
1 21 29679 2283
1 22 4915 378
1 23 17825 1371
1 24 10824 832
2 0 20127 1548
2 1 6278 482
2 2 0 0
2 3 5880 452
2 4 26343 2026
2 5 25486 1960
2 6 25060 1927
2 7 6723 517
2 8 1661 127
2 9 10516 808
2 10 16907 1300
2 11 18260 1404
2 12 10928 840
2 13 8043 618
2 14 15103 1161
2 15 15939 1226
2 16 12478 959
2 17 24485 1883
2 18 552 42
2 19 27805 2138
2 20 22624 1740
2 21 11752 904
2 22 23827 1832
2 23 13140 1010
2 24 1366 105
3 0 9536 733
3 1 27603 2123
3 2 28782 2214
3 3 0 0
3 4 5954 458
3 5 20073 1544
3 6 16622 1278
3 7 10512 808
3 8 29755 2288
3 9 26800 2061
3 10 9568 736
3 11 23718 1824
3 12 23241 1787
3 13 19458 1496
3 14 21446 1649
3 15 22059 1696
3 16 2580 198
3 17 5472 420
3 18 11179 859
3 19 28161 2166
3 20 22282 1714
3 21 15889 1222
3 22 1550 119
3 23 4852 373
3 24 24475 1882
4 0 14706 1131
4 1 6390 491
4 2 21560 1658
4 3 17315 1331
4 4 0 0
4 5 24006 1846
4 6 12994 999
4 7 4322 332
4 8 24278 1867
4 9 7745 595
4 10 14697 1130
4 11 2976 228
4 12 28512 2193
4 13 15427 1186
4 14 12439 956
4 15 25743 1980
4 16 1782 137
4 17 6715 516
4 18 4170 320
4 19 23128 1779
4 20 27307 2100
4 21 26430 2033
4 22 2782 214
4 23 29631 2279
4 24 3410 262
5 0 21445 1649
5 1 25069 1928
5 2 3546 272
5 3 28553 2196
5 4 13527 1040
5 5 0 0
5 6 4975 382
5 7 26817 2062
5 8 27358 2104
5 9 27247 2095
5 10 3944 303
5 11 10332 794
5 12 14392 1107
5 13 8180 629
5 14 15323 1178
5 15 3412 262
5 16 10080 775
5 17 1107 85
5 18 28381 2183
5 19 20841 1603
5 20 13059 1004
5 21 14644 1126
5 22 6408 492
5 23 5480 421
5 24 19395 1491
6 0 26901 2069
6 1 22053 1696
6 2 509 39
6 3 26104 2008
6 4 28317 2178
6 5 19800 1523
6 6 0 0
6 7 21383 1644
6 8 8465 651
6 9 5280 406
6 10 11667 897
6 11 14579 1121
6 12 26640 2049
6 13 15982 1229
6 14 5845 449
6 15 28362 2181
6 16 19243 1480
6 17 24451 1880
6 18 29757 2289
6 19 549 42
6 20 3157 242
6 21 5934 456
6 22 6661 512
6 23 21955 1688
6 24 14636 1125
7 0 352 27
7 1 21538 1656
7 2 10293 791
7 3 6276 482
7 4 3965 305
7 5 16350 1257
7 6 6693 514
7 7 0 0
7 8 27341 2103
7 9 16225 1248
7 10 10442 803
7 11 18713 1439
7 12 6094 468
7 13 27084 2083
7 14 28478 2190
7 15 21665 1666
7 16 22470 1728
7 17 6839 526
7 18 22156 1704
7 19 12875 990
7 20 25100 1930
7 21 3039 233
7 22 29124 2240
7 23 22004 1692
7 24 19057 1465
8 0 10538 810
8 1 8090 622
8 2 7529 579
8 3 24596 1892
8 4 25004 1923
8 5 24586 1891
8 6 15406 1185
8 7 23839 1833
8 8 0 0
8 9 23145 1780
8 10 12150 934
8 11 6246 480
8 12 11867 912
8 13 27915 2147
8 14 24792 1907
8 15 1899 146
8 16 22652 1742
8 17 24901 1915
8 18 26440 2033
8 19 877 67
8 20 2893 222
8 21 13716 1055
8 22 26163 2012
8 23 6541 503
8 24 7521 578
9 0 3981 306
9 1 28131 2163
9 2 26322 2024
9 3 2632 202
9 4 8127 625
9 5 27642 2126
9 6 779 59
9 7 3638 279
9 8 22534 1733
9 9 0 0
9 10 18154 1396
9 11 9663 743
9 12 19146 1472
9 13 9955 765
9 14 6911 531
9 15 21397 1645
9 16 3340 256
9 17 16736 1287
9 18 29449 2265
9 19 11079 852
9 20 865 66
9 21 7659 589
9 22 17680 1360
9 23 19509 1500
9 24 6837 525
10 0 13783 1060
10 1 17352 1334
10 2 11255 865
10 3 2406 185
10 4 24777 1905
10 5 9685 745
10 6 11305 869
10 7 17319 1332
10 8 14105 1085
10 9 15546 1195
10 10 0 0
10 11 28913 2224
10 12 18264 1404
10 13 7430 571
10 14 21907 1685
10 15 16292 1253
10 16 12631 971
10 17 28661 2204
10 18 23552 1811
10 19 22274 1713
10 20 18672 1436
10 21 11623 894
10 22 8745 672
10 23 8183 629
10 24 23123 1778
11 0 16864 1297
11 1 25974 1998
11 2 13118 1009
11 3 28071 2159
11 4 25553 1965
11 5 15741 1210
11 6 22612 1739
11 7 22142 1703
11 8 11632 894
11 9 15770 1213
11 10 23965 1843
11 11 0 0
11 12 14770 1136
11 13 20585 1583
11 14 29220 2247
11 15 25157 1935
11 16 16980 1306
11 17 993 76
11 18 10388 799
11 19 3844 295
11 20 18098 1392
11 21 2115 162
11 22 15292 1176
11 23 9727 748
11 24 6011 462
12 0 17239 1326
12 1 12611 970
12 2 15845 1218
12 3 27813 2139
12 4 12062 927
12 5 14507 1115
12 6 925 71
12 7 17959 1381
12 8 7227 555
12 9 1628 125
12 10 26037 2002
12 11 5452 419
12 12 0 0
12 13 20134 1548
12 14 23288 1791
12 15 22891 1760
12 16 3238 249
12 17 26123 2009
12 18 26878 2067
12 19 23644 1818
12 20 7807 600
12 21 2884 221
12 22 29658 2281
12 23 18268 1405
12 24 955 73
13 0 5053 388
13 1 15079 1159
13 2 15055 1158
13 3 20295 1561
13 4 12407 954
13 5 12554 965
13 6 24232 1864
13 7 28959 2227
13 8 25731 1979
13 9 12503 961
13 10 13890 1068
13 11 15498 1192
13 12 11003 846
13 13 0 0
13 14 2885 221
13 15 8062 620
13 16 3222 247
13 17 15455 1188
13 18 27857 2142
13 19 27100 2084
13 20 5500 423
13 21 28818 2216
13 22 29668 2282
13 23 10851 834
13 24 335 25
14 0 22819 1755
14 1 11617 893
14 2 29689 2283
14 3 27435 2110
14 4 26648 2049
14 5 14926 1148
14 6 15281 1175
14 7 15612 1200
14 8 19262 1481
14 9 265 20
14 10 25527 1963
14 11 9741 749
14 12 27528 2117
14 13 15508 1192
14 14 0 0
14 15 20543 1580
14 16 15755 1211
14 17 26614 2047
14 18 16024 1232
14 19 13045 1003
14 20 18206 1400
14 21 29996 2307
14 22 6264 481
14 23 10427 802
14 24 2238 172
15 0 9228 709
15 1 4850 373
15 2 13737 1056
15 3 23215 1785
15 4 24149 1857
15 5 11458 881
15 6 5987 460
15 7 24026 1848
15 8 14713 1131
15 9 662 50
15 10 8218 632
15 11 782 60
15 12 14552 1119
15 13 5997 461
15 14 21762 1674
15 15 0 0
15 16 701 53
15 17 24424 1878
15 18 1596 122
15 19 24106 1854
15 20 20458 1573
15 21 7310 562
15 22 16304 1254
15 23 17984 1383
15 24 19512 1500
16 0 14078 1082
16 1 15285 1175
16 2 22033 1694
16 3 12926 994
16 4 26367 2028
16 5 11522 886
16 6 28678 2206
16 7 24821 1909
16 8 3203 246
16 9 14747 1134
16 10 15456 1188
16 11 22744 1749
16 12 16871 1297
16 13 22671 1743
16 14 20860 1604
16 15 18598 1430
16 16 0 0
16 17 15091 1160
16 18 18120 1393
16 19 29519 2270
16 20 13786 1060
16 21 16072 1236
16 22 2829 217
16 23 3961 304
16 24 26561 2043
17 0 8888 683
17 1 27407 2108
17 2 5135 395
17 3 7711 593
17 4 12102 930
17 5 26655 2050
17 6 1721 132
17 7 5028 386
17 8 10393 799
17 9 10328 794
17 10 9839 756
17 11 19251 1480
17 12 11864 912
17 13 19100 1469
17 14 25050 1926
17 15 11970 920
17 16 2186 168
17 17 0 0
17 18 20504 1577
17 19 628 48
17 20 18443 1418
17 21 2388 183
17 22 6523 501
17 23 12302 946
17 24 19430 1494
18 0 3091 237
18 1 26615 2047
18 2 2623 201
18 3 13453 1034
18 4 23587 1814
18 5 28497 2192
18 6 113 8
18 7 27348 2103
18 8 1785 137
18 9 1101 84
18 10 17088 1314
18 11 1140 87
18 12 9806 754
18 13 10566 812
18 14 20571 1582
18 15 7467 574
18 16 19529 1502
18 17 26660 2050
18 18 0 0
18 19 23249 1788
18 20 739 56
18 21 19384 1491
18 22 26677 2052
18 23 7514 578
18 24 8262 635
19 0 22463 1727
19 1 26270 2020
19 2 3853 296
19 3 22225 1709
19 4 17914 1378
19 5 18638 1433
19 6 17658 1358
19 7 4888 376
19 8 28306 2177
19 9 9074 698
19 10 17443 1341
19 11 12870 990
19 12 15564 1197
19 13 29941 2303
19 14 4796 368
19 15 18289 1406
19 16 21269 1636
19 17 12669 974
19 18 12688 976
19 19 0 0
19 20 2808 216
19 21 1109 85
19 22 15285 1175
19 23 22159 1704
19 24 22688 1745
20 0 20195 1553
20 1 2867 220
20 2 13264 1020
20 3 219 16
20 4 17115 1316
20 5 11374 874
20 6 20229 1556
20 7 2987 229
20 8 25593 1968
20 9 21203 1631
20 10 11971 920
20 11 29443 2264
20 12 9014 693
20 13 18452 1419
20 14 27490 2114
20 15 20133 1548
20 16 20415 1570
20 17 16239 1249
20 18 28931 2225
20 19 20435 1571
20 20 0 0
20 21 6856 527
20 22 7793 599
20 23 27082 2083
20 24 12004 923
21 0 2046 157
21 1 8946 688
21 2 14324 1101
21 3 20846 1603
21 4 23869 1836
21 5 4109 316
21 6 17414 1339
21 7 20443 1572
21 8 25643 1972
21 9 6561 504
21 10 1761 135
21 11 3021 232
21 12 4380 336
21 13 25565 1966
21 14 26113 2008
21 15 5975 459
21 16 11958 919
21 17 28810 2216
21 18 4252 327
21 19 16176 1244
21 20 1745 134
21 21 0 0
21 22 3877 298
21 23 9075 698
21 24 20466 1574
22 0 11904 915
22 1 29979 2306
22 2 26486 2037
22 3 8041 618
22 4 17829 1371
22 5 9537 733
22 6 26018 2001
22 7 133 10
22 8 1727 132
22 9 7914 608
22 10 27287 2099
22 11 1036 79
22 12 7908 608
22 13 6339 487
22 14 28452 2188
22 15 23048 1772
22 16 15874 1221
22 17 16725 1286
22 18 25616 1970
22 19 4935 379
22 20 15018 1155
22 21 11748 903
22 22 0 0
22 23 5994 461
22 24 26455 2035
23 0 4022 309
23 1 25134 1933
23 2 10622 817
23 3 7201 553
23 4 13198 1015
23 5 10414 801
23 6 1037 79
23 7 7221 555
23 8 25050 1926
23 9 14112 1085
23 10 1141 87
23 11 13988 1076
23 12 2825 217
23 13 14265 1097
23 14 28758 2212
23 15 10596 815
23 16 28051 2157
23 17 20518 1578
23 18 11299 869
23 19 2409 185
23 20 5533 425
23 21 6822 524
23 22 19921 1532
23 23 0 0
23 24 9881 760
24 0 26562 2043
24 1 24349 1873
24 2 12824 986
24 3 16788 1291
24 4 17938 1379
24 5 1157 89
24 6 24789 1906
24 7 1716 132
24 8 9916 762
24 9 9619 739
24 10 11648 896
24 11 4981 383
24 12 26021 2001
24 13 26688 2052
24 14 16836 1295
24 15 8682 667
24 16 2757 212
24 17 21806 1677
24 18 15907 1223
24 19 18626 1432
24 20 22297 1715
24 21 7938 610
24 22 27756 2135
24 23 168 12
24 24 0 0
