25
1139 5951
879 8436
1031 5845
898 8141
719 7933
1164 8922
981 7877
884 6960
904 9432
1046 9161
897 9054
987 9275
1156 9529
1036 9253
1121 6427
647 7219
1136 6032
855 8999
1200 8551
1074 6291
914 7909
1093 7136
950 7161
911 6557
659 6361
0 0 0 0
0 1 2845 218
0 2 848 65
0 3 25649 1973
0 4 11428 879
0 5 16912 1300
0 6 7593 584
0 7 16137 1241
0 8 3130 240
0 9 15003 1154
0 10 12663 974
0 11 10721 824
0 12 11786 906
0 13 7512 577
0 14 12913 993
0 15 5865 451
0 16 14809 1139
0 17 844 64
0 18 29712 2285
0 19 23318 1793
0 20 23805 1831
0 21 20843 1603
0 22 11243 864
0 23 29785 2291
0 24 15433 1187
1 0 9530 733
1 1 0 0
1 2 5396 415
1 3 20079 1544
1 4 16958 1304
1 5 12143 934
1 6 16186 1245
1 7 27334 2102
1 8 3223 247
1 9 24612 1893
1 10 7563 581
1 11 20317 1562
1 12 23983 1844
1 13 6241 480
1 14 19033 1464
1 15 29386 2260
1 16 21160 1627
1 17 12585 968
1 18 15005 1154
1 19 29098 2238
1 20 5012 385
1 21 28779 2213
1 22 28661 2204
1 23 11303 869
1 24 9306 715
2 0 18710 1439
2 1 23614 1816
2 2 0 0
2 3 18833 1448
2 4 4784 368
2 5 15460 1189
2 6 9682 744
2 7 20720 1593
2 8 14780 1136
2 9 18915 1455
2 10 19208 1477
2 11 15431 1187
2 12 18446 1418
2 13 12234 941
2 14 9266 712
2 15 20202 1554
2 16 391 30
2 17 17016 1308
2 18 7560 581
2 19 28712 2208
2 20 11108 854
2 21 28197 2169
2 22 14454 1111
2 23 9468 728
2 24 19348 1488
3 0 28843 2218
3 1 26047 2003
3 2 2344 180
3 3 0 0
3 4 25587 1968
3 5 5302 407
3 6 27361 2104
3 7 21171 1628
3 8 26767 2059
3 9 5031 387
3 10 2746 211
3 11 28492 2191
3 12 6223 478
3 13 1050 80
3 14 24442 1880
3 15 28711 2208
3 16 27967 2151
3 17 26477 2036
3 18 27147 2088
3 19 27361 2104
3 20 5848 449
3 21 11096 853
3 22 16199 1246
3 23 28569 2197
3 24 29054 2234
4 0 22026 1694
4 1 4747 365
4 2 19123 1471
4 3 29759 2289
4 4 0 0
4 5 26807 2062
4 6 5497 422
4 7 2810 216
4 8 11759 904
4 9 5789 445
4 10 11082 852
4 11 18135 1395
4 12 25072 1928
4 13 26682 2052
4 14 27563 2120
4 15 3701 284
4 16 9372 720
4 17 24568 1889
4 18 17503 1346
4 19 11617 893
4 20 18066 1389
4 21 9396 722
4 22 3976 305
4 23 21462 1650
4 24 2212 170
5 0 26807 2062
5 1 4296 330
5 2 4566 351
5 3 18031 1387
5 4 10527 809
5 5 0 0
5 6 17635 1356
5 7 12107 931
5 8 9740 749
5 9 8147 626
5 10 27152 2088
5 11 27632 2125
5 12 25090 1930
5 13 26632 2048
5 14 18830 1448
5 15 16154 1242
5 16 7071 543
5 17 29759 2289
5 18 14240 1095
5 19 5873 451
5 20 28203 2169
5 21 29635 2279
5 22 27279 2098
5 23 19710 1516
5 24 9274 713
6 0 4867 374
6 1 6452 496
6 2 6617 509
6 3 21141 1626
6 4 24081 1852
6 5 3855 296
6 6 0 0
6 7 4260 327
6 8 261 20
6 9 9753 750
6 10 15255 1173
6 11 24902 1915
6 12 14513 1116
6 13 2025 155
6 14 15138 1164
6 15 16741 1287
6 16 27444 2111
6 17 29696 2284
6 18 21977 1690
6 19 14704 1131
6 20 22145 1703
6 21 29851 2296
6 22 17064 1312
6 23 12152 934
6 24 24721 1901
7 0 29455 2265
7 1 14793 1137
7 2 12983 998
7 3 9753 750
7 4 7631 587
7 5 1855 142
7 6 27841 2141
7 7 0 0
7 8 10789 829
7 9 2091 160
7 10 4389 337
7 11 10649 819
7 12 24027 1848
7 13 15037 1156
7 14 27889 2145
7 15 15097 1161
7 16 29372 2259
7 17 26721 2055
7 18 16636 1279
7 19 7410 570
7 20 8612 662
7 21 353 27
7 22 2680 206
7 23 28480 2190
7 24 17216 1324
8 0 28046 2157
8 1 27386 2106
8 2 19115 1470
8 3 25105 1931
8 4 22777 1752
8 5 25568 1966
8 6 27885 2145
8 7 7117 547
8 8 0 0
8 9 3325 255
8 10 15659 1204
8 11 683 52
8 12 29936 2302
8 13 10215 785
8 14 11155 858
8 15 23677 1821
8 16 7782 598
8 17 9267 712
8 18 8566 658
8 19 8559 658
8 20 6700 515
8 21 3440 264
8 22 24112 1854
8 23 22597 1738
8 24 7035 541
9 0 1356 104
9 1 5129 394
9 2 22591 1737
9 3 17136 1318
9 4 19082 1467
9 5 21867 1682
9 6 26029 2002
9 7 24434 1879
9 8 4106 315
9 9 0 0
9 10 8564 658
9 11 20017 1539
9 12 17184 1321
9 13 12698 976
9 14 27609 2123
9 15 21382 1644
9 16 23767 1828
9 17 13112 1008
9 18 16879 1298
9 19 18329 1409
9 20 9680 744
9 21 27224 2094
9 22 9432 725
9 23 24818 1909
9 24 1355 104
10 0 2685 206
10 1 838 64
10 2 24254 1865
10 3 7317 562
10 4 4886 375
10 5 10403 800
10 6 22121 1701
10 7 7411 570
10 8 3721 286
10 9 10610 816
10 10 0 0
10 11 7091 545
10 12 8602 661
10 13 9740 749
10 14 15059 1158
10 15 27709 2131
10 16 22220 1709
10 17 7428 571
10 18 9137 702
10 19 1496 115
10 20 23765 1828
10 21 15835 1218
10 22 15125 1163
10 23 9286 714
10 24 11258 866
11 0 20098 1546
11 1 9104 700
11 2 1227 94
11 3 17953 1381
11 4 11421 878
11 5 22108 1700
11 6 3065 235
11 7 13055 1004
11 8 19849 1526
11 9 21554 1658
11 10 9682 744
11 11 0 0
11 12 5534 425
11 13 15805 1215
11 14 5654 434
11 15 24545 1888
11 16 24955 1919
11 17 16595 1276
11 18 2899 223
11 19 14533 1117
11 20 9850 757
11 21 22155 1704
11 22 597 45
11 23 6622 509
11 24 25561 1966
12 0 6071 467
12 1 21023 1617
12 2 17116 1316
12 3 3130 240
12 4 21640 1664
12 5 23007 1769
12 6 21702 1669
12 7 14708 1131
12 8 459 35
12 9 7087 545
12 10 5736 441
12 11 17376 1336
12 12 0 0
12 13 28948 2226
12 14 1277 98
12 15 28394 2184
12 16 21264 1635
12 17 28130 2163
12 18 23666 1820
12 19 1778 136
12 20 11882 914
12 21 21387 1645
12 22 19292 1484
12 23 18506 1423
12 24 8411 647
13 0 11966 920
13 1 12969 997
13 2 19428 1494
13 3 12982 998
13 4 842 64
13 5 25552 1965
13 6 422 32
13 7 22909 1762
13 8 141 10
13 9 23701 1823
13 10 29779 2290
13 11 15210 1170
13 12 7107 546
13 13 0 0
13 14 10516 808
13 15 27476 2113
13 16 18360 1412
13 17 21917 1685
13 18 28266 2174
13 19 18278 1406
13 20 10669 820
13 21 3496 268
13 22 14121 1086
13 23 20010 1539
13 24 16903 1300
14 0 17849 1373
14 1 3802 292
14 2 11411 877
14 3 21905 1685
14 4 4355 335
14 5 24935 1918
14 6 22961 1766
14 7 20616 1585
14 8 13151 1011
14 9 23939 1841
14 10 12487 960
14 11 18984 1460
14 12 26898 2069
14 13 2314 178
14 14 0 0
14 15 16900 1300
14 16 11066 851
14 17 26097 2007
14 18 22939 1764
14 19 10448 803
14 20 8944 688
14 21 20834 1602
14 22 6116 470
14 23 26207 2015
14 24 9430 725
15 0 22663 1743
15 1 19604 1508
15 2 1679 129
15 3 541 41
15 4 10236 787
15 5 16064 1235
15 6 20126 1548
15 7 10133 779
15 8 8678 667
15 9 26237 2018
15 10 12653 973
15 11 29208 2246
15 12 16348 1257
15 13 12934 994
15 14 20359 1566
15 15 0 0
15 16 8426 648
15 17 21825 1678
15 18 14575 1121
15 19 19409 1493
15 20 27934 2148
15 21 11610 893
15 22 1843 141
15 23 24513 1885
15 24 27455 2111
16 0 20864 1604
16 1 14509 1116
16 2 8697 669
16 3 28202 2169
16 4 8830 679
16 5 16110 1239
16 6 15578 1198
16 7 26843 2064
16 8 9836 756
16 9 22609 1739
16 10 684 52
16 11 18628 1432
16 12 28739 2210
16 13 28928 2225
16 14 10655 819
16 15 4242 326
16 16 0 0
16 17 991 76
16 18 11424 878
16 19 2895 222
16 20 4782 367
16 21 25544 1964
16 22 14809 1139
16 23 5148 396
16 24 6607 508
17 0 5635 433
17 1 1013 77
17 2 26748 2057
17 3 6096 468
17 4 510 39
17 5 15858 1219
17 6 11615 893
17 7 14674 1128
17 8 9655 742
17 9 14369 1105
17 10 7518 578
17 11 19646 1511
17 12 16319 1255
17 13 4779 367
17 14 16257 1250
17 15 28854 2219
17 16 27897 2145
17 17 0 0
17 18 17222 1324
17 19 12083 929
17 20 28159 2166
17 21 7784 598
17 22 22655 1742
17 23 137 10
17 24 15000 1153
18 0 22538 1733
18 1 3097 238
18 2 27582 2121
18 3 6275 482
18 4 29055 2235
18 5 28423 2186
18 6 1370 105
18 7 7649 588
18 8 3567 274
18 9 24084 1852
18 10 673 51
18 11 1532 117
18 12 28547 2195
18 13 28153 2165
18 14 11335 871
18 15 24835 1910
18 16 24442 1880
18 17 5179 398
18 18 0 0
18 19 12918 993
18 20 12586 968
18 21 19786 1522
18 22 28866 2220
18 23 17365 1335
18 24 5216 401
19 0 135 10
19 1 24726 1902
19 2 23735 1825
19 3 3668 282
19 4 22710 1746
19 5 3441 264
19 6 12850 988
19 7 5472 420
19 8 22998 1769
19 9 14389 1106
19 10 17471 1343
19 11 27813 2139
19 12 3309 254
19 13 5764 443
19 14 24750 1903
19 15 8140 626
19 16 11656 896
19 17 22401 1723
19 18 5680 436
19 19 0 0
19 20 3100 238
19 21 8584 660
19 22 21809 1677
19 23 2596 199
19 24 7266 558
20 0 2946 226
20 1 25521 1963
20 2 11468 882
20 3 3630 279
20 4 9746 749
20 5 12274 944
20 6 25037 1925
20 7 11775 905
20 8 22927 1763
20 9 16154 1242
20 10 27023 2078
20 11 24116 1855
20 12 3564 274
20 13 14175 1090
20 14 17143 1318
20 15 1604 123
20 16 11928 917
20 17 8993 691
20 18 18925 1455
20 19 12460 958
20 20 0 0
20 21 5518 424
20 22 23581 1813
20 23 5003 384
20 24 14996 1153
21 0 10851 834
21 1 12471 959
21 2 13561 1043
21 3 24630 1894
21 4 20469 1574
21 5 29298 2253
21 6 8269 636
21 7 24571 1890
21 8 25912 1993
21 9 1524 117
21 10 23496 1807
21 11 17985 1383
21 12 12501 961
21 13 6571 505
21 14 202 15
21 15 10795 830
21 16 28904 2223
21 17 23909 1839
21 18 15933 1225
21 19 10350 796
21 20 8527 655
21 21 0 0
21 22 17283 1329
21 23 16911 1300
21 24 759 58
22 0 6261 481
22 1 21526 1655
22 2 22979 1767
22 3 143 11
22 4 26651 2050
22 5 20829 1602
22 6 16535 1271
22 7 8611 662
22 8 24915 1916
22 9 1922 147
22 10 24922 1917
22 11 3905 300
22 12 13645 1049
22 13 29494 2268
22 14 7972 613
22 15 8979 690
22 16 297 22
22 17 10215 785
22 18 15588 1199
22 19 19011 1462
22 20 5216 401
22 21 2811 216
22 22 0 0
22 23 23807 1831
22 24 17180 1321
23 0 22087 1699
23 1 20529 1579
23 2 19190 1476
23 3 27297 2099
23 4 29704 2284
23 5 6986 537
23 6 5176 398
23 7 7311 562
23 8 16951 1303
23 9 18984 1460
23 10 12864 989
23 11 16971 1305
23 12 9121 701
23 13 9606 738
23 14 20652 1588
23 15 4920 378
23 16 15468 1189
23 17 3185 245
23 18 25504 1961
23 19 23995 1845
23 20 13815 1062
23 21 7172 551
23 22 5962 458
23 23 0 0
23 24 18447 1419
24 0 19138 1472
24 1 17158 1319
24 2 13542 1041
24 3 25384 1952
24 4 8082 621
24 5 6231 479
24 6 7410 570
24 7 12526 963
24 8 25094 1930
24 9 28780 2213
24 10 3104 238
24 11 5143 395
24 12 8131 625
24 13 13482 1037
24 14 24123 1855
24 15 27993 2153
24 16 23254 1788
24 17 5019 386
24 18 18672 1436
24 19 7677 590
24 20 16172 1244
24 21 12478 959
24 22 971 74
24 23 22469 1728
24 24 0 0
