25
1082 8579
977 5955
730 7894
1013 5032
738 7729
658 7390
769 6842
945 8462
973 5336
962 8408
720 8854
945 5476
1122 7431
714 7815
721 5211
684 9491
739 7451
1061 6637
870 6571
676 5491
786 7416
843 6133
745 6871
751 7656
1086 7824
0 0 0 0
0 1 17514 1347
0 2 23917 1839
0 3 15639 1203
0 4 1271 97
0 5 28327 2179
0 6 7948 611
0 7 11322 870
0 8 23238 1787
0 9 10033 771
0 10 13616 1047
0 11 11525 886
0 12 4732 364
0 13 12957 996
0 14 6436 495
0 15 9033 694
0 16 2107 162
0 17 25129 1933
0 18 10759 827
0 19 29086 2237
0 20 29629 2279
0 21 25752 1980
0 22 11602 892
0 23 25738 1979
0 24 28096 2161
1 0 1719 132
1 1 0 0
1 2 9033 694
1 3 23117 1778
1 4 14636 1125
1 5 12374 951
1 6 7424 571
1 7 20316 1562
1 8 5803 446
1 9 27686 2129
1 10 28664 2204
1 11 11384 875
1 12 3651 280
1 13 154 11
1 14 5969 459
1 15 26692 2053
1 16 25068 1928
1 17 13136 1010
1 18 4149 319
1 19 20489 1576
1 20 26610 2046
1 21 6672 513
1 22 28481 2190
1 23 9649 742
1 24 7291 560
2 0 4567 351
2 1 18201 1400
2 2 0 0
2 3 7923 609
2 4 6494 499
2 5 3458 266
2 6 22178 1706
2 7 4798 369
2 8 20503 1577
2 9 9886 760
2 10 8632 664
2 11 11301 869
2 12 10043 772
2 13 25807 1985
2 14 23493 1807
2 15 13197 1015
2 16 23618 1816
2 17 8508 654
2 18 17571 1351
2 19 5796 445
2 20 1944 149
2 21 14868 1143
2 22 20717 1593
2 23 11023 847
2 24 4704 361
3 0 29626 2278
3 1 23562 1812
3 2 27338 2102
3 3 0 0
3 4 13095 1007
3 5 18519 1424
3 6 18644 1434
3 7 25705 1977
3 8 9401 723
3 9 24796 1907
3 10 9636 741
3 11 25570 1966
3 12 11922 917
3 13 14593 1122
3 14 4442 341
3 15 2504 192
3 16 7276 559
3 17 24512 1885
3 18 3347 257
3 19 26915 2070
3 20 24507 1885
3 21 2877 221
3 22 18529 1425
3 23 12588 968
3 24 11859 912
4 0 8725 671
4 1 19786 1522
4 2 28962 2227
4 3 18067 1389
4 4 0 0
4 5 5017 385
4 6 18240 1403
4 7 11571 890
4 8 14050 1080
4 9 17691 1360
4 10 19465 1497
4 11 13387 1029
4 12 27434 2110
4 13 1159 89
4 14 9275 713
4 15 25965 1997
4 16 3586 275
4 17 26910 2070
4 18 20681 1590
4 19 6847 526
4 20 16166 1243
4 21 29777 2290
4 22 23741 1826
4 23 10262 789
4 24 29647 2280
5 0 28726 2209
5 1 2269 174
5 2 1400 107
5 3 28387 2183
5 4 9180 706
5 5 0 0
5 6 6710 516
5 7 21847 1680
5 8 8455 650
5 9 20614 1585
5 10 12689 976
5 11 19519 1501
5 12 1927 148
5 13 10197 784
5 14 24559 1889
5 15 3499 269
5 16 9087 699
5 17 20587 1583
5 18 7764 597
5 19 25278 1944
5 20 23307 1792
5 21 10536 810
5 22 28147 2165
5 23 20571 1582
5 24 7594 584
6 0 3623 278
6 1 2686 206
6 2 22496 1730
6 3 2976 228
6 4 12831 987
6 5 14685 1129
6 6 0 0
6 7 18805 1446
6 8 6078 467
6 9 7021 540
6 10 4156 319
6 11 2046 157
6 12 24423 1878
6 13 15769 1213
6 14 10888 837
6 15 12396 953
6 16 29870 2297
6 17 12172 936
6 18 4915 378
6 19 17239 1326
6 20 28203 2169
6 21 17457 1342
6 22 10017 770
6 23 12012 924
6 24 9801 753
7 0 13230 1017
7 1 19401 1492
7 2 3538 272
7 3 24553 1888
7 4 15556 1196
7 5 15003 1154
7 6 4399 338
7 7 0 0
7 8 15725 1209
7 9 27714 2131
7 10 13798 1061
7 11 4071 313
7 12 16674 1282
7 13 16990 1306
7 14 26183 2014
7 15 26095 2007
7 16 22758 1750
7 17 4199 323
7 18 9776 752
7 19 2921 224
7 20 12959 996
7 21 24056 1850
7 22 4713 362
7 23 15144 1164
7 24 13223 1017
8 0 12149 934
8 1 27983 2152
8 2 18089 1391
8 3 18144 1395
8 4 27234 2094
8 5 15888 1222
8 6 6398 492
8 7 4643 357
8 8 0 0
8 9 291 22
8 10 11116 855
8 11 14382 1106
8 12 12114 931
8 13 10788 829
8 14 29150 2242
8 15 23995 1845
8 16 25075 1928
8 17 23066 1774
8 18 16118 1239
8 19 23563 1812
8 20 17621 1355
8 21 988 76
8 22 3758 289
8 23 29925 2301
8 24 17607 1354
9 0 26343 2026
9 1 26354 2027
9 2 29223 2247
9 3 21332 1640
9 4 16776 1290
9 5 4355 335
9 6 4511 347
9 7 22265 1712
9 8 17333 1333
9 9 0 0
9 10 19552 1504
9 11 17540 1349
9 12 5805 446
9 13 3082 237
9 14 26383 2029
9 15 1834 141
9 16 26410 2031
9 17 8485 652
9 18 29071 2236
9 19 28935 2225
9 20 4080 313
9 21 17831 1371
9 22 24828 1909
9 23 24781 1906
9 24 28393 2184
10 0 1422 109
10 1 4141 318
10 2 14929 1148
10 3 29047 2234
10 4 7511 577
10 5 12882 990
10 6 15684 1206
10 7 18394 1414
10 8 28086 2160
10 9 27640 2126
10 10 0 0
10 11 14146 1088
10 12 17237 1325
10 13 28820 2216
10 14 23740 1826
10 15 24602 1892
10 16 12810 985
10 17 24333 1871
10 18 26056 2004
10 19 5426 417
10 20 2897 222
10 21 4379 336
10 22 3953 304
10 23 3134 241
10 24 17495 1345
11 0 6401 492
11 1 8642 664
11 2 17588 1352
11 3 28148 2165
11 4 9028 694
11 5 13817 1062
11 6 26043 2003
11 7 17705 1361
11 8 19790 1522
11 9 11478 882
11 10 8074 621
11 11 0 0
11 12 18553 1427
11 13 26118 2009
11 14 2825 217
11 15 16628 1279
11 16 29455 2265
11 17 3075 236
11 18 4709 362
11 19 27723 2132
11 20 26239 2018
11 21 9285 714
11 22 25557 1965
11 23 7663 589
11 24 26642 2049
12 0 12647 972
12 1 9282 714
12 2 14495 1115
12 3 3881 298
12 4 18067 1389
12 5 5467 420
12 6 896 68
12 7 24491 1883
12 8 10135 779
12 9 16245 1249
12 10 13321 1024
12 11 26218 2016
12 12 0 0
12 13 13707 1054
12 14 6727 517
12 15 15220 1170
12 16 25771 1982
12 17 26276 2021
12 18 25076 1928
12 19 19787 1522
12 20 11647 895
12 21 1681 129
12 22 8125 625
12 23 27046 2080
12 24 20682 1590
13 0 10254 788
13 1 23577 1813
13 2 12273 944
13 3 5253 404
13 4 24444 1880
13 5 15201 1169
13 6 12138 933
13 7 23415 1801
13 8 10072 774
13 9 23457 1804
13 10 12506 962
13 11 3887 299
13 12 20690 1591
13 13 0 0
13 14 5403 415
13 15 19904 1531
13 16 25394 1953
13 17 2459 189
13 18 17010 1308
13 19 27932 2148
13 20 12643 972
13 21 8325 640
13 22 165 12
13 23 14012 1077
13 24 27780 2136
14 0 28901 2223
14 1 21482 1652
14 2 9543 734
14 3 24668 1897
14 4 7791 599
14 5 730 56
14 6 4439 341
14 7 7978 613
14 8 21603 1661
14 9 16688 1283
14 10 6019 463
14 11 27487 2114
14 12 12037 925
14 13 15724 1209
14 14 0 0
14 15 24411 1877
14 16 5995 461
14 17 1739 133
14 18 13858 1066
14 19 11427 879
14 20 16911 1300
14 21 25364 1951
14 22 19823 1524
14 23 9016 693
14 24 2112 162
15 0 27961 2150
15 1 14882 1144
15 2 15124 1163
15 3 7108 546
15 4 10706 823
15 5 8723 671
15 6 23385 1798
15 7 5738 441
15 8 9067 697
15 9 24246 1865
15 10 27422 2109
15 11 22724 1748
15 12 2619 201
15 13 12522 963
15 14 28915 2224
15 15 0 0
15 16 17466 1343
15 17 10644 818
15 18 29045 2234
15 19 14787 1137
15 20 16780 1290
15 21 7970 613
15 22 19684 1514
15 23 716 55
15 24 27248 2096
16 0 26228 2017
16 1 14117 1085
16 2 14433 1110
16 3 12057 927
16 4 9975 767
16 5 9272 713
16 6 7731 594
16 7 5402 415
16 8 16779 1290
16 9 12627 971
16 10 14091 1083
16 11 17939 1379
16 12 7540 580
16 13 11397 876
16 14 4540 349
16 15 5078 390
16 16 0 0
16 17 17483 1344
16 18 26197 2015
16 19 24972 1920
16 20 12669 974
16 21 28611 2200
16 22 8515 655
16 23 7655 588
16 24 23928 1840
17 0 15875 1221
17 1 6328 486
17 2 18942 1457
17 3 20983 1614
17 4 15042 1157
17 5 4280 329
17 6 11683 898
17 7 24101 1853
17 8 3462 266
17 9 1937 149
17 10 24347 1872
17 11 22465 1728
17 12 19920 1532
17 13 21202 1630
17 14 2425 186
17 15 15410 1185
17 16 12389 953
17 17 0 0
17 18 24792 1907
17 19 17068 1312
17 20 18163 1397
17 21 22461 1727
17 22 18463 1420
17 23 17547 1349
17 24 21111 1623
18 0 20042 1541
18 1 28891 2222
18 2 8324 640
18 3 11032 848
18 4 22322 1717
18 5 19282 1483
18 6 21274 1636
18 7 27985 2152
18 8 21685 1668
18 9 10786 829
18 10 9885 760
18 11 22368 1720
18 12 20684 1591
18 13 12914 993
18 14 7792 599
18 15 23712 1824
18 16 13338 1026
18 17 22497 1730
18 18 0 0
18 19 573 44
18 20 18020 1386
18 21 18914 1454
18 22 27566 2120
18 23 17912 1377
18 24 6476 498
19 0 24025 1848
19 1 2411 185
19 2 4096 315
19 3 6709 516
19 4 23566 1812
19 5 19538 1502
19 6 8448 649
19 7 765 58
19 8 15406 1185
19 9 21478 1652
19 10 21062 1620
19 11 5623 432
19 12 14061 1081
19 13 3750 288
19 14 4336 333
19 15 4282 329
19 16 2390 183
19 17 1428 109
19 18 2262 174
19 19 0 0
19 20 2331 179
19 21 8309 639
19 22 4668 359
19 23 4983 383
19 24 3981 306
20 0 2661 204
20 1 408 31
20 2 20999 1615
20 3 12463 958
20 4 25587 1968
20 5 7327 563
20 6 15124 1163
20 7 26252 2019
20 8 19591 1507
20 9 25400 1953
20 10 14639 1126
20 11 27735 2133
20 12 486 37
20 13 8227 632
20 14 17704 1361
20 15 14523 1117
20 16 13077 1005
20 17 16555 1273
20 18 21141 1626
20 19 3657 281
20 20 0 0
20 21 3647 280
20 22 7376 567
20 23 16005 1231
20 24 16680 1283
21 0 1095 84
21 1 491 37
21 2 6085 468
21 3 2398 184
21 4 468 36
21 5 13025 1001
21 6 7994 614
21 7 4515 347
21 8 12540 964
21 9 23711 1823
21 10 14304 1100
21 11 8703 669
21 12 28286 2175
21 13 1444 111
21 14 25475 1959
21 15 24654 1896
21 16 12869 989
21 17 2529 194
21 18 9172 705
21 19 11738 902
21 20 8682 667
21 21 0 0
21 22 16557 1273
21 23 25297 1945
21 24 9369 720
22 0 6136 472
22 1 17225 1325
22 2 20476 1575
22 3 4639 356
22 4 27458 2112
22 5 2472 190
22 6 19729 1517
22 7 14445 1111
22 8 25556 1965
22 9 463 35
22 10 22311 1716
22 11 12274 944
22 12 8176 628
22 13 19529 1502
22 14 1948 149
22 15 17503 1346
22 16 18555 1427
22 17 22221 1709
22 18 25177 1936
22 19 7638 587
22 20 23712 1824
22 21 8743 672
22 22 0 0
22 23 22327 1717
22 24 26932 2071
23 0 358 27
23 1 29558 2273
23 2 18000 1384
23 3 19899 1530
23 4 18902 1454
23 5 18940 1456
23 6 6837 525
23 7 2094 161
23 8 10190 783
23 9 6889 529
23 10 17958 1381
23 11 26922 2070
23 12 25331 1948
23 13 7073 544
23 14 29734 2287
23 15 10255 788
23 16 10980 844
23 17 11843 911
23 18 26351 2027
23 19 15094 1161
23 20 21343 1641
23 21 1487 114
23 22 18857 1450
23 23 0 0
23 24 10781 829
24 0 18649 1434
24 1 29173 2244
24 2 18006 1385
24 3 22373 1721
24 4 8778 675
24 5 4554 350
24 6 7702 592
24 7 11090 853
24 8 14645 1126
24 9 206 15
24 10 14079 1083
24 11 24179 1859
24 12 26832 2064
24 13 1629 125
24 14 23264 1789
24 15 5882 452
24 16 6458 496
24 17 13115 1008
24 18 5101 392
24 19 3761 289
24 20 15836 1218
24 21 11753 904
24 22 26033 2002
24 23 4503 346
24 24 0 0
