75
683 5101
1035 6538
1085 6252
1040 7111
624 6833
1165 7539
714 6400
622 6022
749 9321
885 6007
1042 6052
1090 5232
950 6224
1097 8884
1102 7899
637 6390
707 8766
1198 7357
725 9208
1095 8754
1096 7027
1062 6204
1098 9018
1178 7747
778 7690
1178 7339
1044 7568
703 5728
780 5233
895 7317
1084 6953
893 5186
904 6305
1068 5298
1162 8024
1172 8740
687 5061
951 6217
872 8702
712 8406
916 6167
1015 9010
1172 6978
878 6358
1134 8250
854 6008
888 5683
831 5389
676 8559
823 7286
623 9143
785 8188
624 8122
922 9248
1114 5189
674 8998
1023 7691
852 7307
1041 5207
1024 8735
857 8386
1042 5202
813 6386
759 9905
779 7209
782 8920
707 8197
657 5521
882 8081
693 7330
699 7038
1076 9895
1184 6222
823 8440
1192 6556
0 0 0 0
0 1 17497 1345
0 2 7587 583
0 3 21207 1631
0 4 2727 209
0 5 25074 1928
0 6 20384 1568
0 7 20762 1597
0 8 1441 110
0 9 29667 2282
0 10 8247 634
0 11 25530 1963
0 12 14484 1114
0 13 17756 1365
0 14 9549 734
0 15 23414 1801
0 16 25868 1989
0 17 13630 1048
0 18 17066 1312
0 19 9004 692
0 20 5207 400
0 21 6538 502
0 22 11565 889
0 23 12477 959
0 24 17116 1316
0 25 11302 869
0 26 20545 1580
0 27 14968 1151
0 28 13827 1063
0 29 15617 1201
0 30 19631 1510
0 31 14436 1110
0 32 19162 1474
0 33 10316 793
0 34 19405 1492
0 35 26156 2012
0 36 5644 434
0 37 10029 771
0 38 12037 925
0 39 21226 1632
0 40 29028 2232
0 41 29412 2262
0 42 18881 1452
0 43 11309 869
0 44 22635 1741
0 45 23884 1837
0 46 29294 2253
0 47 12304 946
0 48 24075 1851
0 49 5526 425
0 50 14019 1078
0 51 1069 82
0 52 28352 2180
0 53 7346 565
0 54 455 35
0 55 15370 1182
0 56 26648 2049
0 57 9373 721
0 58 11899 915
0 59 17329 1333
0 60 2141 164
0 61 13969 1074
0 62 22478 1729
0 63 9457 727
0 64 19128 1471
0 65 5623 432
0 66 20163 1551
0 67 11948 919
0 68 25756 1981
0 69 7573 582
0 70 27119 2086
0 71 29490 2268
0 72 12441 957
0 73 11406 877
0 74 8336 641
1 0 19798 1522
1 1 0 0
1 2 26997 2076
1 3 25438 1956
1 4 4184 321
1 5 14961 1150
1 6 9031 694
1 7 19404 1492
1 8 9167 705
1 9 22701 1746
1 10 21322 1640
1 11 27785 2137
1 12 15673 1205
1 13 28560 2196
1 14 1736 133
1 15 12101 930
1 16 23667 1820
1 17 13232 1017
1 18 27994 2153
1 19 7807 600
1 20 28231 2171
1 21 4580 352
1 22 401 30
1 23 11863 912
1 24 27814 2139
1 25 21887 1683
1 26 27233 2094
1 27 16872 1297
1 28 23100 1776
1 29 26331 2025
1 30 15775 1213
1 31 27917 2147
1 32 1735 133
1 33 24024 1848
1 34 18155 1396
1 35 17426 1340
1 36 11785 906
1 37 16845 1295
1 38 2615 201
1 39 12755 981
1 40 5244 403
1 41 24125 1855
1 42 5792 445
1 43 25632 1971
1 44 28483 2191
1 45 24244 1864
1 46 21063 1620
1 47 6099 469
1 48 7332 564
1 49 20927 1609
1 50 24898 1915
1 51 15353 1181
1 52 23312 1793
1 53 26538 2041
1 54 20854 1604
1 55 15113 1162
1 56 20903 1607
1 57 5770 443
1 58 8003 615
1 59 3748 288
1 60 26117 2009
1 61 22250 1711
1 62 24880 1913
1 63 20514 1578
1 64 18237 1402
1 65 19454 1496
1 66 4718 362
1 67 18131 1394
1 68 3030 233
1 69 23516 1808
1 70 10196 784
1 71 3490 268
1 72 23050 1773
1 73 11968 920
1 74 18553 1427
2 0 25920 1993
2 1 18322 1409
2 2 0 0
2 3 437 33
2 4 11165 858
2 5 21516 1655
2 6 14382 1106
2 7 8215 631
2 8 27665 2128
2 9 13907 1069
2 10 24462 1881
2 11 1033 79
2 12 13334 1025
2 13 25078 1929
2 14 18111 1393
2 15 17775 1367
2 16 9463 727
2 17 11909 916
2 18 28131 2163
2 19 18734 1441
2 20 4734 364
2 21 17446 1342
2 22 10244 788
2 23 17818 1370
2 24 4242 326
2 25 12355 950
2 26 23107 1777
2 27 17718 1362
2 28 15126 1163
2 29 4437 341
2 30 3125 240
2 31 18253 1404
2 32 8756 673
2 33 7631 587
2 34 13632 1048
2 35 20725 1594
2 36 5057 389
2 37 9894 761
2 38 14438 1110
2 39 20225 1555
2 40 16632 1279
2 41 29855 2296
2 42 20805 1600
2 43 20045 1541
2 44 13638 1049
2 45 10409 800
2 46 11019 847
2 47 26987 2075
2 48 16241 1249
2 49 12193 937
2 50 15961 1227
2 51 28570 2197
2 52 27827 2140
2 53 8445 649
2 54 15812 1216
2 55 446 34
2 56 10133 779
2 57 4732 364
2 58 13152 1011
2 59 4196 322
2 60 13416 1032
2 61 19496 1499
2 62 10335 795
2 63 17528 1348
2 64 2419 186
2 65 3291 253
2 66 5618 432
2 67 26967 2074
2 68 5548 426
2 69 21415 1647
2 70 4921 378
2 71 28212 2170
2 72 5854 450
2 73 1663 127
2 74 9821 755
3 0 3620 278
3 1 8967 689
3 2 28655 2204
3 3 0 0
3 4 10653 819
3 5 7242 557
3 6 24633 1894
3 7 15293 1176
3 8 4984 383
3 9 666 51
3 10 25358 1950
3 11 239 18
3 12 19760 1520
3 13 16561 1273
3 14 28352 2180
3 15 21877 1682
3 16 21861 1681
3 17 23288 1791
3 18 25617 1970
3 19 511 39
3 20 27871 2143
3 21 6754 519
3 22 23772 1828
3 23 24179 1859
3 24 15851 1219
3 25 18357 1412
3 26 3260 250
3 27 7524 578
3 28 13643 1049
3 29 4007 308
3 30 27741 2133
3 31 17894 1376
3 32 8805 677
3 33 9526 732
3 34 10764 828
3 35 22057 1696
3 36 7079 544
3 37 18638 1433
3 38 15068 1159
3 39 17810 1370
3 40 26318 2024
3 41 27893 2145
3 42 20752 1596
3 43 29364 2258
3 44 12182 937
3 45 12942 995
3 46 12182 937
3 47 19922 1532
3 48 27900 2146
3 49 16332 1256
3 50 2216 170
3 51 18336 1410
3 52 17940 1380
3 53 26663 2051
3 54 19879 1529
3 55 11983 921
3 56 24272 1867
3 57 18147 1395
3 58 3547 272
3 59 6174 474
3 60 6467 497
3 61 22042 1695
3 62 14912 1147
3 63 20791 1599
3 64 17837 1372
3 65 6891 530
3 66 18124 1394
3 67 21396 1645
3 68 4842 372
3 69 24535 1887
3 70 619 47
3 71 1927 148
3 72 18460 1420
3 73 22312 1716
3 74 9333 717
4 0 6560 504
4 1 19361 1489
4 2 21949 1688
4 3 15810 1216
4 4 0 0
4 5 22282 1714
4 6 19763 1520
4 7 10461 804
4 8 21357 1642
4 9 25513 1962
4 10 12195 938
4 11 13822 1063
4 12 5368 412
4 13 16416 1262
4 14 9893 761
4 15 3507 269
4 16 9433 725
4 17 28889 2222
4 18 5563 427
4 19 8601 661
4 20 27640 2126
4 21 15099 1161
4 22 24881 1913
4 23 6508 500
4 24 4525 348
4 25 21780 1675
4 26 15096 1161
4 27 20212 1554
4 28 907 69
4 29 1568 120
4 30 24716 1901
4 31 18960 1458
4 32 19931 1533
4 33 13359 1027
4 34 13837 1064
4 35 17405 1338
4 36 4574 351
4 37 23460 1804
4 38 15897 1222
4 39 22448 1726
4 40 522 40
4 41 16376 1259
4 42 12544 964
4 43 5191 399
4 44 7774 598
4 45 15558 1196
4 46 28979 2229
4 47 10227 786
4 48 14167 1089
4 49 8517 655
4 50 10274 790
4 51 26514 2039
4 52 4326 332
4 53 22840 1756
4 54 13413 1031
4 55 26616 2047
4 56 25455 1958
4 57 19501 1500
4 58 18247 1403
4 59 16418 1262
4 60 19999 1538
4 61 6017 462
4 62 2223 171
4 63 19823 1524
4 64 29407 2262
4 65 8358 642
4 66 25378 1952
4 67 11027 848
4 68 16920 1301
4 69 1138 87
4 70 5245 403
4 71 27329 2102
4 72 8856 681
4 73 11098 853
4 74 10231 787
5 0 4830 371
5 1 21821 1678
5 2 19229 1479
5 3 24281 1867
5 4 846 65
5 5 0 0
5 6 9893 761
5 7 6416 493
5 8 18612 1431
5 9 7098 546
5 10 927 71
5 11 4558 350
5 12 24907 1915
5 13 350 26
5 14 20976 1613
5 15 17346 1334
5 16 18897 1453
5 17 14234 1094
5 18 22624 1740
5 19 11646 895
5 20 8244 634
5 21 29108 2239
5 22 13180 1013
5 23 22407 1723
5 24 5510 423
5 25 8743 672
5 26 7018 539
5 27 21557 1658
5 28 11076 852
5 29 13429 1033
5 30 18501 1423
5 31 10480 806
5 32 13130 1010
5 33 4770 366
5 34 4510 346
5 35 12121 932
5 36 12076 928
5 37 25463 1958
5 38 11472 882
5 39 11662 897
5 40 3024 232
5 41 20716 1593
5 42 27569 2120
5 43 22136 1702
5 44 25670 1974
5 45 13424 1032
5 46 8037 618
5 47 2162 166
5 48 3466 266
5 49 2761 212
5 50 26475 2036
5 51 27283 2098
5 52 28062 2158
5 53 21214 1631
5 54 14339 1103
5 55 12233 941
5 56 19704 1515
5 57 5551 427
5 58 3807 292
5 59 14294 1099
5 60 11302 869
5 61 13644 1049
5 62 9611 739
5 63 13937 1072
5 64 409 31
5 65 25627 1971
5 66 731 56
5 67 18798 1446
5 68 28291 2176
5 69 1487 114
5 70 12626 971
5 71 25315 1947
5 72 17624 1355
5 73 10527 809
5 74 9071 697
6 0 11353 873
6 1 745 57
6 2 1241 95
6 3 2453 188
6 4 3401 261
6 5 12023 924
6 6 0 0
6 7 29474 2267
6 8 9803 754
6 9 28945 2226
6 10 21322 1640
6 11 10944 841
6 12 26913 2070
6 13 4816 370
6 14 29902 2300
6 15 1268 97
6 16 24908 1916
6 17 3040 233
6 18 3417 262
6 19 6013 462
6 20 12203 938
6 21 6911 531
6 22 20957 1612
6 23 28274 2174
6 24 543 41
6 25 18700 1438
6 26 27701 2130
6 27 16531 1271
6 28 18584 1429
6 29 19331 1487
6 30 10146 780
6 31 17794 1368
6 32 10367 797
6 33 3523 271
6 34 3073 236
6 35 22281 1713
6 36 3502 269
6 37 280 21
6 38 29717 2285
6 39 27816 2139
6 40 10617 816
6 41 14343 1103
6 42 15874 1221
6 43 19597 1507
6 44 15536 1195
6 45 13499 1038
6 46 14950 1150
6 47 20239 1556
6 48 11457 881
6 49 15096 1161
6 50 25872 1990
6 51 5343 411
6 52 3305 254
6 53 18439 1418
6 54 5435 418
6 55 27758 2135
6 56 7018 539
6 57 20312 1562
6 58 19076 1467
6 59 18877 1452
6 60 18863 1451
6 61 1053 81
6 62 12852 988
6 63 12509 962
6 64 6788 522
6 65 2583 198
6 66 4946 380
6 67 24262 1866
6 68 3729 286
6 69 2147 165
6 70 10891 837
6 71 12706 977
6 72 18817 1447
6 73 21888 1683
6 74 11057 850
7 0 27984 2152
7 1 19971 1536
7 2 16426 1263
7 3 2628 202
7 4 14110 1085
7 5 15867 1220
7 6 13060 1004
7 7 0 0
7 8 24179 1859
7 9 304 23
7 10 11395 876
7 11 24661 1897
7 12 6279 483
7 13 20788 1599
7 14 24903 1915
7 15 10350 796
7 16 13143 1011
7 17 21268 1636
7 18 9729 748
7 19 26088 2006
7 20 5276 405
7 21 5212 400
7 22 25559 1966
7 23 29596 2276
7 24 16152 1242
7 25 11145 857
7 26 21730 1671
7 27 20234 1556
7 28 5651 434
7 29 22841 1757
7 30 10445 803
7 31 12180 936
7 32 17056 1312
7 33 5432 417
7 34 24784 1906
7 35 19991 1537
7 36 13215 1016
7 37 8785 675
7 38 4622 355
7 39 9855 758
7 40 5275 405
7 41 12251 942
7 42 19006 1462
7 43 7744 595
7 44 24290 1868
7 45 25778 1982
7 46 23119 1778
7 47 29408 2262
7 48 1975 151
7 49 5849 449
7 50 28251 2173
7 51 22910 1762
7 52 7870 605
7 53 5302 407
7 54 22168 1705
7 55 13061 1004
7 56 6748 519
7 57 11644 895
7 58 22246 1711
7 59 1961 150
7 60 24453 1881
7 61 6267 482
7 62 16863 1297
7 63 12652 973
7 64 28924 2224
7 65 13259 1019
7 66 20096 1545
7 67 22489 1729
7 68 2477 190
7 69 19402 1492
7 70 20322 1563
7 71 10496 807
7 72 20563 1581
7 73 16545 1272
7 74 5559 427
8 0 11917 916
8 1 1267 97
8 2 12335 948
8 3 28538 2195
8 4 22111 1700
8 5 13843 1064
8 6 4736 364
8 7 5351 411
8 8 0 0
8 9 3534 271
8 10 6523 501
8 11 16491 1268
8 12 26556 2042
8 13 24398 1876
8 14 26318 2024
8 15 12544 964
8 16 7688 591
8 17 9524 732
8 18 1256 96
8 19 1023 78
8 20 13494 1038
8 21 21654 1665
8 22 7895 607
8 23 21038 1618
8 24 20523 1578
8 25 17485 1345
8 26 2385 183
8 27 5989 460
8 28 17814 1370
8 29 11912 916
8 30 7919 609
8 31 20592 1584
8 32 13774 1059
8 33 4049 311
8 34 24396 1876
8 35 23849 1834
8 36 1025 78
8 37 10515 808
8 38 7512 577
8 39 15782 1214
8 40 8903 684
8 41 15934 1225
8 42 14163 1089
8 43 4535 348
8 44 139 10
8 45 890 68
8 46 13333 1025
8 47 16484 1268
8 48 25097 1930
8 49 13369 1028
8 50 5019 386
8 51 18730 1440
8 52 273 21
8 53 1571 120
8 54 17701 1361
8 55 15582 1198
8 56 9723 747
8 57 20886 1606
8 58 17383 1337
8 59 24765 1905
8 60 2891 222
8 61 3842 295
8 62 6524 501
8 63 18081 1390
8 64 1040 80
8 65 5132 394
8 66 28278 2175
8 67 11684 898
8 68 25805 1985
8 69 22526 1732
8 70 12073 928
8 71 16688 1283
8 72 22841 1757
8 73 10768 828
8 74 9902 761
9 0 7482 575
9 1 11048 849
9 2 7407 569
9 3 9026 694
9 4 11775 905
9 5 3496 268
9 6 15749 1211
9 7 10238 787
9 8 25467 1959
9 9 0 0
9 10 16667 1282
9 11 15973 1228
9 12 23065 1774
9 13 26047 2003
9 14 9346 718
9 15 3381 260
9 16 23552 1811
9 17 14360 1104
9 18 21546 1657
9 19 6876 528
9 20 29565 2274
9 21 12485 960
9 22 28754 2211
9 23 6204 477
9 24 2530 194
9 25 16601 1277
9 26 21268 1636
9 27 174 13
9 28 7601 584
9 29 26890 2068
9 30 20411 1570
9 31 19089 1468
9 32 20507 1577
9 33 19979 1536
9 34 21880 1683
9 35 24277 1867
9 36 23958 1842
9 37 5395 415
9 38 18862 1450
9 39 4836 372
9 40 12262 943
9 41 16012 1231
9 42 5852 450
9 43 15206 1169
9 44 24181 1860
9 45 1523 117
9 46 17725 1363
9 47 21806 1677
9 48 8771 674
9 49 7349 565
9 50 3354 258
9 51 3908 300
9 52 21027 1617
9 53 7765 597
9 54 18065 1389
9 55 11576 890
9 56 7914 608
9 57 24039 1849
9 58 22379 1721
9 59 18152 1396
9 60 12944 995
9 61 14497 1115
9 62 21195 1630
9 63 20905 1608
9 64 7740 595
9 65 16639 1279
9 66 27940 2149
9 67 9486 729
9 68 26655 2050
9 69 13873 1067
9 70 29047 2234
9 71 26690 2053
9 72 18461 1420
9 73 19687 1514
9 74 889 68
10 0 21099 1623
10 1 1987 152
10 2 25912 1993
10 3 13612 1047
10 4 29511 2270
10 5 16707 1285
10 6 1218 93
10 7 22753 1750
10 8 21364 1643
10 9 22745 1749
10 10 0 0
10 11 20891 1607
10 12 28591 2199
10 13 3481 267
10 14 20197 1553
10 15 12947 995
10 16 13788 1060
10 17 1724 132
10 18 21781 1675
10 19 24051 1850
10 20 12555 965
10 21 20123 1547
10 22 3663 281
10 23 10650 819
10 24 7361 566
10 25 24792 1907
10 26 12479 959
10 27 15408 1185
10 28 26486 2037
10 29 21951 1688
10 30 16989 1306
10 31 27716 2132
10 32 29164 2243
10 33 4164 320
10 34 18200 1400
10 35 22602 1738
10 36 6949 534
10 37 22416 1724
10 38 19429 1494
10 39 22911 1762
10 40 20324 1563
10 41 24088 1852
10 42 29444 2264
10 43 8048 619
10 44 2784 214
10 45 15447 1188
10 46 18267 1405
10 47 2749 211
10 48 21084 1621
10 49 9389 722
10 50 15917 1224
10 51 192 14
10 52 23174 1782
10 53 6989 537
10 54 21091 1622
10 55 29278 2252
10 56 26650 2050
10 57 25391 1953
10 58 21401 1646
10 59 11713 901
10 60 14718 1132
10 61 18670 1436
10 62 7451 573
10 63 12885 991
10 64 26494 2038
10 65 20492 1576
10 66 22655 1742
10 67 1711 131
10 68 21016 1616
10 69 9761 750
10 70 19516 1501
10 71 18318 1409
10 72 8961 689
10 73 207 15
10 74 14984 1152
11 0 21671 1667
11 1 2834 218
11 2 23336 1795
11 3 14534 1118
11 4 23774 1828
11 5 12189 937
11 6 10845 834
11 7 5302 407
11 8 5240 403
11 9 10498 807
11 10 23503 1807
11 11 0 0
11 12 10596 815
11 13 2753 211
11 14 29403 2261
11 15 230 17
11 16 11020 847
11 17 18755 1442
11 18 24676 1898
11 19 18343 1411
11 20 9705 746
11 21 6230 479
11 22 15770 1213
11 23 16760 1289
11 24 20883 1606
11 25 9947 765
11 26 16321 1255
11 27 5462 420
11 28 24414 1878
11 29 1832 140
11 30 21545 1657
11 31 17174 1321
11 32 27506 2115
11 33 368 28
11 34 5558 427
11 35 2221 170
11 36 12383 952
11 37 13055 1004
11 38 29989 2306
11 39 21755 1673
11 40 4997 384
11 41 12543 964
11 42 8493 653
11 43 6566 505
11 44 14048 1080
11 45 27175 2090
11 46 1508 116
11 47 27213 2093
11 48 11734 902
11 49 1515 116
11 50 22688 1745
11 51 20289 1560
11 52 27885 2145
11 53 13331 1025
11 54 25330 1948
11 55 1526 117
11 56 27560 2120
11 57 21676 1667
11 58 15774 1213
11 59 19159 1473
11 60 11636 895
11 61 27251 2096
11 62 1446 111
11 63 8001 615
11 64 12414 954
11 65 18887 1452
11 66 3970 305
11 67 21121 1624
11 68 18375 1413
11 69 21339 1641
11 70 25663 1974
11 71 14542 1118
11 72 15379 1183
11 73 6896 530
11 74 15981 1229
12 0 14048 1080
12 1 18056 1388
12 2 24135 1856
12 3 14554 1119
12 4 18202 1400
12 5 4369 336
12 6 14632 1125
12 7 369 28
12 8 27378 2106
12 9 4215 324
12 10 17679 1359
12 11 10410 800
12 12 0 0
12 13 9169 705
12 14 4417 339
12 15 17536 1348
12 16 4984 383
12 17 10491 807
12 18 20721 1593
12 19 25995 1999
12 20 16704 1284
12 21 25742 1980
12 22 16806 1292
12 23 17590 1353
12 24 10257 789
12 25 11309 869
12 26 21312 1639
12 27 13089 1006
12 28 6501 500
12 29 11166 858
12 30 27781 2137
12 31 1524 117
12 32 20045 1541
12 33 21804 1677
12 34 18331 1410
12 35 23016 1770
12 36 9017 693
12 37 10168 782
12 38 523 40
12 39 10969 843
12 40 16608 1277
12 41 3746 288
12 42 27606 2123
12 43 17730 1363
12 44 27452 2111
12 45 29790 2291
12 46 18959 1458
12 47 7630 586
12 48 21618 1662
12 49 19191 1476
12 50 18829 1448
12 51 24159 1858
12 52 4507 346
12 53 17210 1323
12 54 21083 1621
12 55 15331 1179
12 56 16012 1231
12 57 28925 2225
12 58 20971 1613
12 59 10947 842
12 60 16678 1282
12 61 24551 1888
12 62 16968 1305
12 63 21857 1681
12 64 19547 1503
12 65 26279 2021
12 66 23501 1807
12 67 2757 212
12 68 27071 2082
12 69 24990 1922
12 70 16388 1260
12 71 532 40
12 72 28944 2226
12 73 11531 887
12 74 19349 1488
13 0 8121 624
13 1 26117 2009
13 2 15538 1195
13 3 5257 404
13 4 20401 1569
13 5 13447 1034
13 6 26402 2030
13 7 11476 882
13 8 26917 2070
13 9 28643 2203
13 10 19100 1469
13 11 2469 189
13 12 8949 688
13 13 0 0
13 14 24598 1892
13 15 7996 615
13 16 23403 1800
13 17 25459 1958
13 18 7439 572
13 19 24389 1876
13 20 22069 1697
13 21 5635 433
13 22 22337 1718
13 23 19825 1525
13 24 16001 1230
13 25 21643 1664
13 26 8480 652
13 27 15090 1160
13 28 9632 740
13 29 8907 685
13 30 29634 2279
13 31 25462 1958
13 32 1127 86
13 33 24634 1894
13 34 5735 441
13 35 6901 530
13 36 24996 1922
13 37 471 36
13 38 4692 360
13 39 21228 1632
13 40 9579 736
13 41 10962 843
13 42 8985 691
13 43 11876 913
13 44 15240 1172
13 45 6059 466
13 46 25247 1942
13 47 10197 784
13 48 3724 286
13 49 29571 2274
13 50 22895 1761
13 51 1940 149
13 52 15017 1155
13 53 24872 1913
13 54 22206 1708
13 55 2732 210
13 56 9640 741
13 57 20852 1604
13 58 22162 1704
13 59 29747 2288
13 60 6554 504
13 61 28539 2195
13 62 5639 433
13 63 16058 1235
13 64 22767 1751
13 65 20592 1584
13 66 8011 616
13 67 10483 806
13 68 28453 2188
13 69 11316 870
13 70 4526 348
13 71 23297 1792
13 72 27118 2086
13 73 23414 1801
13 74 11520 886
14 0 9402 723
14 1 5609 431
14 2 19645 1511
14 3 22615 1739
14 4 5724 440
14 5 18147 1395
14 6 10453 804
14 7 6532 502
14 8 26352 2027
14 9 8874 682
14 10 22137 1702
14 11 999 76
14 12 10441 803
14 13 11656 896
14 14 0 0
14 15 28981 2229
14 16 23578 1813
14 17 6517 501
14 18 27139 2087
14 19 29386 2260
14 20 9209 708
14 21 26342 2026
14 22 17784 1368
14 23 18930 1456
14 24 5001 384
14 25 22194 1707
14 26 11090 853
14 27 17852 1373
14 28 16278 1252
14 29 20904 1608
14 30 20692 1591
14 31 15282 1175
14 32 28114 2162
14 33 28163 2166
14 34 20551 1580
14 35 5170 397
14 36 4251 327
14 37 5533 425
14 38 13355 1027
14 39 16049 1234
14 40 7399 569
14 41 22465 1728
14 42 24021 1847
14 43 16845 1295
14 44 8872 682
14 45 1112 85
14 46 25205 1938
14 47 21111 1623
14 48 7136 548
14 49 551 42
14 50 11360 873
14 51 18888 1452
14 52 990 76
14 53 672 51
14 54 29607 2277
14 55 4877 375
14 56 16921 1301
14 57 19907 1531
14 58 14232 1094
14 59 4990 383
14 60 28493 2191
14 61 28631 2202
14 62 9749 749
14 63 14778 1136
14 64 28754 2211
14 65 29994 2307
14 66 11976 921
14 67 19669 1513
14 68 19277 1482
14 69 8179 629
14 70 28647 2203
14 71 19103 1469
14 72 26590 2045
14 73 12808 985
14 74 2576 198
15 0 6955 535
15 1 17939 1379
15 2 19932 1533
15 3 28585 2198
15 4 1681 129
15 5 14539 1118
15 6 26716 2055
15 7 28705 2208
15 8 8107 623
15 9 20129 1548
15 10 1119 86
15 11 16453 1265
15 12 29999 2307
15 13 20713 1593
15 14 7640 587
15 15 0 0
15 16 22522 1732
15 17 20225 1555
15 18 29196 2245
15 19 18086 1391
15 20 18098 1392
15 21 29004 2231
15 22 5601 430
15 23 11991 922
15 24 25206 1938
15 25 11132 856
15 26 29945 2303
15 27 12768 982
15 28 27970 2151
15 29 24683 1898
15 30 18714 1439
15 31 21754 1673
15 32 19546 1503
15 33 28594 2199
15 34 16109 1239
15 35 6520 501
15 36 5260 404
15 37 20588 1583
15 38 22633 1741
15 39 16215 1247
15 40 26241 2018
15 41 7046 542
15 42 19928 1532
15 43 10738 826
15 44 12652 973
15 45 11394 876
15 46 10232 787
15 47 16827 1294
15 48 27814 2139
15 49 9926 763
15 50 11382 875
15 51 11742 903
15 52 16870 1297
15 53 4562 350
15 54 12320 947
15 55 8595 661
15 56 14814 1139
15 57 5372 413
15 58 1195 91
15 59 8010 616
15 60 15391 1183
15 61 7084 544
15 62 2128 163
15 63 15793 1214
15 64 366 28
15 65 9416 724
15 66 15662 1204
15 67 27327 2102
15 68 1003 77
15 69 3541 272
15 70 10756 827
15 71 323 24
15 72 12712 977
15 73 13452 1034
15 74 14489 1114
16 0 27725 2132
16 1 24784 1906
16 2 3552 273
16 3 11060 850
16 4 5549 426
16 5 26907 2069
16 6 14350 1103
16 7 218 16
16 8 19028 1463
16 9 23044 1772
16 10 5925 455
16 11 28045 2157
16 12 8218 632
16 13 26588 2045
16 14 6356 488
16 15 4285 329
16 16 0 0
16 17 19040 1464
16 18 22016 1693
16 19 20418 1570
16 20 6162 474
16 21 5781 444
16 22 7620 586
16 23 14797 1138
16 24 7591 583
16 25 14321 1101
16 26 24059 1850
16 27 16550 1273
16 28 26056 2004
16 29 14351 1103
16 30 1825 140
16 31 23331 1794
16 32 4844 372
16 33 25226 1940
16 34 7739 595
16 35 28526 2194
16 36 16301 1253
16 37 27611 2123
16 38 28526 2194
16 39 23955 1842
16 40 16256 1250
16 41 2553 196
16 42 10425 801
16 43 23141 1780
16 44 17408 1339
16 45 23639 1818
16 46 19126 1471
16 47 29091 2237
16 48 21622 1663
16 49 3565 274
16 50 10788 829
16 51 28558 2196
16 52 6921 532
16 53 9773 751
16 54 28851 2219
16 55 11146 857
16 56 20028 1540
16 57 10110 777
16 58 23077 1775
16 59 124 9
16 60 15964 1228
16 61 18972 1459
16 62 23745 1826
16 63 19025 1463
16 64 19281 1483
16 65 26359 2027
16 66 529 40
16 67 17092 1314
16 68 4458 342
16 69 15458 1189
16 70 14065 1081
16 71 17324 1332
16 72 2201 169
16 73 27908 2146
16 74 2290 176
17 0 7635 587
17 1 14071 1082
17 2 11171 859
17 3 13776 1059
17 4 22216 1708
17 5 18689 1437
17 6 3290 253
17 7 24813 1908
17 8 4110 316
17 9 26564 2043
17 10 18440 1418
17 11 21851 1680
17 12 29301 2253
17 13 13395 1030
17 14 10732 825
17 15 8788 676
17 16 14277 1098
17 17 0 0
17 18 10897 838
17 19 12209 939
17 20 26796 2061
17 21 661 50
17 22 9998 769
17 23 16441 1264
17 24 3368 259
17 25 19502 1500
17 26 26668 2051
17 27 7229 556
17 28 21887 1683
17 29 13908 1069
17 30 14577 1121
17 31 14080 1083
17 32 24203 1861
17 33 28727 2209
17 34 13766 1058
17 35 17345 1334
17 36 25580 1967
17 37 9149 703
17 38 11525 886
17 39 20173 1551
17 40 24141 1857
17 41 20843 1603
17 42 18311 1408
17 43 29502 2269
17 44 26535 2041
17 45 3704 284
17 46 26941 2072
17 47 23150 1780
17 48 28745 2211
17 49 20291 1560
17 50 8564 658
17 51 25102 1930
17 52 28489 2191
17 53 22475 1728
17 54 28144 2164
17 55 6804 523
17 56 23860 1835
17 57 17565 1351
17 58 15607 1200
17 59 1800 138
17 60 8431 648
17 61 15658 1204
17 62 13079 1006
17 63 27697 2130
17 64 8611 662
17 65 18624 1432
17 66 11788 906
17 67 25192 1937
17 68 10892 837
17 69 3813 293
17 70 8264 635
17 71 630 48
17 72 5545 426
17 73 26519 2039
17 74 12156 935
18 0 6928 532
18 1 321 24
18 2 10562 812
18 3 4614 354
18 4 11932 917
18 5 5168 397
18 6 4461 343
18 7 16258 1250
18 8 8759 673
18 9 5807 446
18 10 26742 2057
18 11 11733 902
18 12 25098 1930
18 13 8960 689
18 14 2339 179
18 15 27309 2100
18 16 12785 983
18 17 9103 700
18 18 0 0
18 19 4234 325
18 20 4243 326
18 21 16284 1252
18 22 1712 131
18 23 13686 1052
18 24 8044 618
18 25 22304 1715
18 26 14017 1078
18 27 20161 1550
18 28 19177 1475
18 29 29027 2232
18 30 7542 580
18 31 28157 2165
18 32 11076 852
18 33 2766 212
18 34 8990 691
18 35 4768 366
18 36 22776 1752
18 37 11788 906
18 38 9634 741
18 39 22970 1766
18 40 17681 1360
18 41 856 65
18 42 2861 220
18 43 23935 1841
18 44 25870 1990
18 45 21604 1661
18 46 10517 809
18 47 18619 1432
18 48 18624 1432
18 49 16880 1298
18 50 23926 1840
18 51 7953 611
18 52 8760 673
18 53 3355 258
18 54 16474 1267
18 55 1949 149
18 56 4125 317
18 57 17513 1347
18 58 19607 1508
18 59 24947 1919
18 60 26639 2049
18 61 12012 924
18 62 23167 1782
18 63 11365 874
18 64 6249 480
18 65 2929 225
18 66 17010 1308
18 67 25802 1984
18 68 15591 1199
18 69 9867 759
18 70 4555 350
18 71 5018 386
18 72 14829 1140
18 73 6444 495
18 74 7268 559
19 0 7988 614
19 1 6190 476
19 2 11204 861
19 3 24847 1911
19 4 26893 2068
19 5 15978 1229
19 6 26845 2065
19 7 5369 413
19 8 19327 1486
19 9 9504 731
19 10 7539 579
19 11 9534 733
19 12 13644 1049
19 13 13158 1012
19 14 9526 732
19 15 11317 870
19 16 20777 1598
19 17 22524 1732
19 18 10701 823
19 19 0 0
19 20 18069 1389
19 21 18789 1445
19 22 1840 141
19 23 717 55
19 24 10504 808
19 25 11202 861
19 26 1066 82
19 27 29548 2272
19 28 9266 712
19 29 6068 466
19 30 21941 1687
19 31 18679 1436
19 32 10580 813
19 33 574 44
19 34 29087 2237
19 35 24078 1852
19 36 15312 1177
19 37 12449 957
19 38 25122 1932
19 39 27673 2128
19 40 13555 1042
19 41 22176 1705
19 42 13207 1015
19 43 8728 671
19 44 21151 1627
19 45 2516 193
19 46 20221 1555
19 47 9157 704
19 48 8020 616
19 49 1668 128
19 50 28631 2202
19 51 23287 1791
19 52 10970 843
19 53 28363 2181
19 54 18214 1401
19 55 10543 811
19 56 26196 2015
19 57 17964 1381
19 58 11371 874
19 59 4535 348
19 60 27078 2082
19 61 4302 330
19 62 18978 1459
19 63 13585 1045
19 64 6491 499
19 65 872 67
19 66 24398 1876
19 67 8082 621
19 68 14094 1084
19 69 3686 283
19 70 22568 1736
19 71 28989 2229
19 72 13277 1021
19 73 26948 2072
19 74 27921 2147
20 0 23760 1827
20 1 7090 545
20 2 11503 884
20 3 3770 290
20 4 17693 1361
20 5 3912 300
20 6 15470 1190
20 7 511 39
20 8 6100 469
20 9 6983 537
20 10 24949 1919
20 11 22986 1768
20 12 12079 929
20 13 19610 1508
20 14 11952 919
20 15 11238 864
20 16 27716 2132
20 17 23995 1845
20 18 9845 757
20 19 12546 965
20 20 0 0
20 21 14356 1104
20 22 25988 1999
20 23 2102 161
20 24 3614 278
20 25 15957 1227
20 26 8187 629
20 27 23639 1818
20 28 25849 1988
20 29 2921 224
20 30 5595 430
20 31 25553 1965
20 32 25005 1923
20 33 5554 427
20 34 25522 1963
20 35 12815 985
20 36 16208 1246
20 37 1563 120
20 38 18438 1418
20 39 14160 1089
20 40 17226 1325
20 41 28605 2200
20 42 8821 678
20 43 23192 1784
20 44 13460 1035
20 45 4982 383
20 46 10195 784
20 47 8366 643
20 48 16012 1231
20 49 13812 1062
20 50 25123 1932
20 51 7391 568
20 52 11881 913
20 53 5745 441
20 54 6091 468
20 55 10107 777
20 56 17362 1335
20 57 20941 1610
20 58 24978 1921
20 59 16364 1258
20 60 3789 291
20 61 21836 1679
20 62 2978 229
20 63 14529 1117
20 64 28369 2182
20 65 617 47
20 66 7960 612
20 67 24872 1913
20 68 22469 1728
20 69 27864 2143
20 70 439 33
20 71 4869 374
20 72 15727 1209
20 73 9059 696
20 74 1713 131
21 0 1162 89
21 1 12029 925
21 2 22559 1735
21 3 21634 1664
21 4 20559 1581
21 5 6435 495
21 6 24481 1883
21 7 15837 1218
21 8 25279 1944
21 9 23397 1799
21 10 9159 704
21 11 28986 2229
21 12 14828 1140
21 13 20980 1613
21 14 21911 1685
21 15 8700 669
21 16 2322 178
21 17 2910 223
21 18 9559 735
21 19 11544 888
21 20 5493 422
21 21 0 0
21 22 4838 372
21 23 27398 2107
21 24 23437 1802
21 25 28421 2186
21 26 8337 641
21 27 21629 1663
21 28 15373 1182
21 29 11248 865
21 30 4167 320
21 31 10884 837
21 32 16679 1283
21 33 25544 1964
21 34 1525 117
21 35 22599 1738
21 36 10663 820
21 37 14796 1138
21 38 4059 312
21 39 12103 931
21 40 23355 1796
21 41 24507 1885
21 42 12121 932
21 43 9507 731
21 44 1776 136
21 45 19580 1506
21 46 18079 1390
21 47 27315 2101
21 48 6113 470
21 49 29551 2273
21 50 22458 1727
21 51 10429 802
21 52 26243 2018
21 53 11344 872
21 54 19809 1523
21 55 3197 245
21 56 3627 279
21 57 22717 1747
21 58 17664 1358
21 59 969 74
21 60 22429 1725
21 61 7424 571
21 62 20070 1543
21 63 24893 1914
21 64 6220 478
21 65 3172 244
21 66 29971 2305
21 67 2579 198
21 68 8361 643
21 69 18553 1427
21 70 12224 940
21 71 28136 2164
21 72 1373 105
21 73 3016 232
21 74 21567 1659
22 0 14514 1116
22 1 19734 1518
22 2 25965 1997
22 3 3500 269
22 4 20573 1582
22 5 26128 2009
22 6 20409 1569
22 7 18306 1408
22 8 23069 1774
22 9 10936 841
22 10 21481 1652
22 11 13389 1029
22 12 17433 1341
22 13 15369 1182
22 14 28337 2179
22 15 3500 269
22 16 5393 414
22 17 4913 377
22 18 12358 950
22 19 3439 264
22 20 23234 1787
22 21 6208 477
22 22 0 0
22 23 26276 2021
22 24 6477 498
22 25 1981 152
22 26 7005 538
22 27 9862 758
22 28 779 59
22 29 27075 2082
22 30 18401 1415
22 31 18587 1429
22 32 6629 509
22 33 19846 1526
22 34 19592 1507
22 35 24480 1883
22 36 22697 1745
22 37 7408 569
22 38 8258 635
22 39 25087 1929
22 40 26526 2040
22 41 313 24
22 42 11352 873
22 43 5796 445
22 44 25782 1983
22 45 4192 322
22 46 9699 746
22 47 10122 778
22 48 20451 1573
22 49 14028 1079
22 50 12299 946
22 51 4012 308
22 52 9921 763
22 53 10148 780
22 54 11045 849
22 55 1530 117
22 56 12278 944
22 57 18331 1410
22 58 19024 1463
22 59 14995 1153
22 60 2300 176
22 61 18652 1434
22 62 24235 1864
22 63 5899 453
22 64 13977 1075
22 65 13623 1047
22 66 22145 1703
22 67 19912 1531
22 68 29969 2305
22 69 15086 1160
22 70 19310 1485
22 71 778 59
22 72 5314 408
22 73 22154 1704
22 74 1246 95
23 0 13754 1058
23 1 25192 1937
23 2 14052 1080
23 3 19021 1463
23 4 7124 548
23 5 17788 1368
23 6 10165 781
23 7 16010 1231
23 8 23639 1818
23 9 22340 1718
23 10 21134 1625
23 11 25350 1950
23 12 19631 1510
23 13 4973 382
23 14 25966 1997
23 15 7372 567
23 16 1546 118
23 17 7317 562
23 18 13832 1064
23 19 23248 1788
23 20 17570 1351
23 21 24097 1853
23 22 18867 1451
23 23 0 0
23 24 15809 1216
23 25 25592 1968
23 26 15957 1227
23 27 28965 2228
23 28 543 41
23 29 9730 748
23 30 6710 516
23 31 5458 419
23 32 3551 273
23 33 29793 2291
23 34 12657 973
23 35 29560 2273
23 36 8766 674
23 37 21018 1616
23 38 28612 2200
23 39 21449 1649
23 40 26114 2008
23 41 16499 1269
23 42 4243 326
23 43 26733 2056
23 44 10197 784
23 45 27437 2110
23 46 20569 1582
23 47 27365 2105
23 48 20189 1553
23 49 29806 2292
23 50 16672 1282
23 51 25155 1935
23 52 16081 1237
23 53 12884 991
23 54 13372 1028
23 55 7237 556
23 56 22935 1764
23 57 21283 1637
23 58 15413 1185
23 59 9143 703
23 60 17325 1332
23 61 7311 562
23 62 9047 695
23 63 18470 1420
23 64 5057 389
23 65 12167 935
23 66 20944 1611
23 67 23860 1835
23 68 19759 1519
23 69 21923 1686
23 70 17899 1376
23 71 1286 98
23 72 8882 683
23 73 22739 1749
23 74 8112 624
24 0 13663 1051
24 1 29741 2287
24 2 11052 850
24 3 22010 1693
24 4 7086 545
24 5 20065 1543
24 6 17562 1350
24 7 25977 1998
24 8 10337 795
24 9 14394 1107
24 10 8545 657
24 11 27055 2081
24 12 10651 819
24 13 2783 214
24 14 24595 1891
24 15 15001 1153
24 16 8764 674
24 17 18669 1436
24 18 28269 2174
24 19 17525 1348
24 20 25616 1970
24 21 20004 1538
24 22 28577 2198
24 23 1448 111
24 24 0 0
24 25 7678 590
24 26 4948 380
24 27 9173 705
24 28 1154 88
24 29 20233 1556
24 30 27311 2100
24 31 5559 427
24 32 18780 1444
24 33 10069 774
24 34 23643 1818
24 35 5390 414
24 36 16724 1286
24 37 8839 679
24 38 23218 1786
24 39 20145 1549
24 40 28556 2196
24 41 12901 992
24 42 5342 410
24 43 9354 719
24 44 15557 1196
24 45 17824 1371
24 46 2769 213
24 47 8376 644
24 48 22273 1713
24 49 19047 1465
24 50 9367 720
24 51 19491 1499
24 52 14010 1077
24 53 20427 1571
24 54 2203 169
24 55 3891 299
24 56 8071 620
24 57 14626 1125
24 58 4737 364
24 59 18914 1454
24 60 15455 1188
24 61 21697 1669
24 62 18097 1392
24 63 14528 1117
24 64 2339 179
24 65 26481 2037
24 66 3614 278
24 67 29937 2302
24 68 25019 1924
24 69 1758 135
24 70 2236 172
24 71 2560 196
24 72 21865 1681
24 73 2344 180
24 74 274 21
25 0 21983 1691
25 1 15690 1206
25 2 1728 132
25 3 13653 1050
25 4 17866 1374
25 5 7637 587
25 6 18805 1446
25 7 7776 598
25 8 12271 943
25 9 19480 1498
25 10 2838 218
25 11 4082 314
25 12 3881 298
25 13 18111 1393
25 14 25264 1943
25 15 28814 2216
25 16 28573 2197
25 17 8986 691
25 18 13034 1002
25 19 11674 898
25 20 20574 1582
25 21 160 12
25 22 21742 1672
25 23 26563 2043
25 24 18029 1386
25 25 0 0
25 26 24685 1898
25 27 13241 1018
25 28 4912 377
25 29 26225 2017
25 30 8984 691
25 31 9127 702
25 32 14119 1086
25 33 21111 1623
25 34 17961 1381
25 35 9735 748
25 36 19029 1463
25 37 5844 449
25 38 9388 722
25 39 20000 1538
25 40 7202 554
25 41 4763 366
25 42 6305 485
25 43 27417 2109
25 44 15795 1215
25 45 6232 479
25 46 1282 98
25 47 27188 2091
25 48 21073 1621
25 49 20601 1584
25 50 6321 486
25 51 14262 1097
25 52 18528 1425
25 53 22059 1696
25 54 2944 226
25 55 8605 661
25 56 9849 757
25 57 931 71
25 58 25900 1992
25 59 11618 893
25 60 17741 1364
25 61 1587 122
25 62 19761 1520
25 63 13000 1000
25 64 15071 1159
25 65 4280 329
25 66 1429 109
25 67 20681 1590
25 68 7076 544
25 69 15308 1177
25 70 21116 1624
25 71 1209 93
25 72 1062 81
25 73 10881 837
25 74 11275 867
26 0 20679 1590
26 1 19775 1521
26 2 5372 413
26 3 7285 560
26 4 4563 351
26 5 246 18
26 6 17274 1328
26 7 10537 810
26 8 25967 1997
26 9 9948 765
26 10 21204 1631
26 11 22407 1723
26 12 25289 1945
26 13 10667 820
26 14 11563 889
26 15 27023 2078
26 16 22853 1757
26 17 15848 1219
26 18 1995 153
26 19 21623 1663
26 20 29326 2255
26 21 1963 151
26 22 3329 256
26 23 18622 1432
26 24 8652 665
26 25 4777 367
26 26 0 0
26 27 15087 1160
26 28 3549 273
26 29 21833 1679
26 30 28499 2192
26 31 1461 112
26 32 901 69
26 33 16566 1274
26 34 28701 2207
26 35 5623 432
26 36 29241 2249
26 37 21538 1656
26 38 12871 990
26 39 23473 1805
26 40 10206 785
26 41 12322 947
26 42 6656 512
26 43 4114 316
26 44 9663 743
26 45 11999 923
26 46 28982 2229
26 47 169 13
26 48 20183 1552
26 49 19112 1470
26 50 19757 1519
26 51 20913 1608
26 52 23683 1821
26 53 14790 1137
26 54 7461 573
26 55 8363 643
26 56 9776 752
26 57 4330 333
26 58 12458 958
26 59 12326 948
26 60 21754 1673
26 61 15593 1199
26 62 19425 1494
26 63 29118 2239
26 64 16373 1259
26 65 7885 606
26 66 11937 918
26 67 7329 563
26 68 19464 1497
26 69 14847 1142
26 70 21615 1662
26 71 18870 1451
26 72 16846 1295
26 73 17890 1376
26 74 21166 1628
27 0 17507 1346
27 1 24670 1897
27 2 27052 2080
27 3 12858 989
27 4 6570 505
27 5 12643 972
27 6 10000 769
27 7 21225 1632
27 8 9360 720
27 9 14032 1079
27 10 7091 545
27 11 20664 1589
27 12 15999 1230
27 13 7260 558
27 14 17617 1355
27 15 27750 2134
27 16 9519 732
27 17 21918 1686
27 18 2670 205
27 19 8425 648
27 20 3774 290
27 21 24268 1866
27 22 19466 1497
27 23 5493 422
27 24 7246 557
27 25 9003 692
27 26 5642 434
27 27 0 0
27 28 9275 713
27 29 12096 930
27 30 12495 961
27 31 19828 1525
27 32 16405 1261
27 33 18142 1395
27 34 22160 1704
27 35 29832 2294
27 36 28612 2200
27 37 18726 1440
27 38 10811 831
27 39 23446 1803
27 40 23279 1790
27 41 18976 1459
27 42 25313 1947
27 43 9229 709
27 44 16219 1247
27 45 26648 2049
27 46 29169 2243
27 47 5255 404
27 48 29418 2262
27 49 4437 341
27 50 11164 858
27 51 12478 959
27 52 18883 1452
27 53 157 12
27 54 2631 202
27 55 20056 1542
27 56 1866 143
27 57 12028 925
27 58 24314 1870
27 59 12101 930
27 60 2977 229
27 61 3578 275
27 62 13206 1015
27 63 6402 492
27 64 16038 1233
27 65 19613 1508
27 66 6773 521
27 67 25942 1995
27 68 25376 1952
27 69 5268 405
27 70 5644 434
27 71 5968 459
27 72 23124 1778
27 73 14260 1096
27 74 25440 1956
28 0 4721 363
28 1 28580 2198
28 2 4493 345
28 3 12184 937
28 4 24070 1851
28 5 18097 1392
28 6 1552 119
28 7 24351 1873
28 8 21723 1671
28 9 14916 1147
28 10 22635 1741
28 11 3181 244
28 12 7422 570
28 13 4858 373
28 14 20348 1565
28 15 11464 881
28 16 14861 1143
28 17 22401 1723
28 18 26366 2028
28 19 7293 561
28 20 6824 524
28 21 14831 1140
28 22 8942 687
28 23 6973 536
28 24 13055 1004
28 25 25076 1928
28 26 1406 108
28 27 25626 1971
28 28 0 0
28 29 29423 2263
28 30 20822 1601
28 31 5884 452
28 32 28004 2154
28 33 20779 1598
28 34 5861 450
28 35 3858 296
28 36 23007 1769
28 37 3784 291
28 38 18088 1391
28 39 27428 2109
28 40 24924 1917
28 41 9306 715
28 42 22676 1744
28 43 29876 2298
28 44 4416 339
28 45 18431 1417
28 46 6113 470
28 47 1034 79
28 48 22024 1694
28 49 8614 662
28 50 25410 1954
28 51 25915 1993
28 52 28839 2218
28 53 15061 1158
28 54 23708 1823
28 55 19572 1505
28 56 20673 1590
28 57 20956 1612
28 58 17185 1321
28 59 10621 817
28 60 6441 495
28 61 17260 1327
28 62 17426 1340
28 63 19352 1488
28 64 21129 1625
28 65 20490 1576
28 66 12926 994
28 67 3322 255
28 68 9451 727
28 69 15903 1223
28 70 29755 2288
28 71 26841 2064
28 72 2089 160
28 73 11637 895
28 74 10135 779
29 0 13199 1015
29 1 3779 290
29 2 19664 1512
29 3 9328 717
29 4 29337 2256
29 5 8596 661
29 6 26558 2042
29 7 22875 1759
29 8 13710 1054
29 9 9857 758
29 10 16302 1254
29 11 665 51
29 12 24963 1920
29 13 10753 827
29 14 17051 1311
29 15 24320 1870
29 16 23056 1773
29 17 14471 1113
29 18 17064 1312
29 19 11927 917
29 20 12565 966
29 21 4577 352
29 22 27670 2128
29 23 2251 173
29 24 15302 1177
29 25 25598 1969
29 26 9515 731
29 27 9418 724
29 28 18571 1428
29 29 0 0
29 30 11799 907
29 31 14385 1106
29 32 26408 2031
29 33 10039 772
29 34 10071 774
29 35 27257 2096
29 36 13893 1068
29 37 4230 325
29 38 3155 242
29 39 21482 1652
29 40 27432 2110
29 41 22799 1753
29 42 20172 1551
29 43 13626 1048
29 44 2679 206
29 45 19716 1516
29 46 3893 299
29 47 26391 2030
29 48 3063 235
29 49 5655 435
29 50 29745 2288
29 51 18068 1389
29 52 28086 2160
29 53 4142 318
29 54 24297 1869
29 55 24341 1872
29 56 4286 329
29 57 24870 1913
29 58 3672 282
29 59 18216 1401
29 60 16581 1275
29 61 25508 1962
29 62 3435 264
29 63 3598 276
29 64 29309 2254
29 65 19144 1472
29 66 16776 1290
29 67 26777 2059
29 68 13179 1013
29 69 2147 165
29 70 3367 259
29 71 7963 612
29 72 24666 1897
29 73 19260 1481
29 74 7653 588
30 0 17438 1341
30 1 24960 1920
30 2 9421 724
30 3 5947 457
30 4 7116 547
30 5 20949 1611
30 6 3813 293
30 7 16195 1245
30 8 26142 2010
30 9 28151 2165
30 10 11916 916
30 11 21814 1678
30 12 2220 170
30 13 29560 2273
30 14 24634 1894
30 15 28950 2226
30 16 12721 978
30 17 23393 1799
30 18 14888 1145
30 19 27642 2126
30 20 23854 1834
30 21 18528 1425
30 22 4752 365
30 23 5565 428
30 24 1769 136
30 25 23341 1795
30 26 173 13
30 27 2149 165
30 28 19936 1533
30 29 22768 1751
30 30 0 0
30 31 8376 644
30 32 17930 1379
30 33 28293 2176
30 34 4064 312
30 35 8279 636
30 36 2666 205
30 37 1796 138
30 38 22885 1760
30 39 3449 265
30 40 7474 574
30 41 5132 394
30 42 19909 1531
30 43 26699 2053
30 44 21416 1647
30 45 7639 587
30 46 29564 2274
30 47 25358 1950
30 48 7503 577
30 49 21900 1684
30 50 13027 1002
30 51 16854 1296
30 52 2050 157
30 53 228 17
30 54 27945 2149
30 55 18861 1450
30 56 319 24
30 57 19432 1494
30 58 10439 803
30 59 20222 1555
30 60 28259 2173
30 61 7442 572
30 62 8901 684
30 63 3665 281
30 64 14968 1151
30 65 8897 684
30 66 22376 1721
30 67 9470 728
30 68 11026 848
30 69 19700 1515
30 70 28473 2190
30 71 15795 1215
30 72 6044 464
30 73 22864 1758
30 74 9958 766
31 0 29358 2258
31 1 16233 1248
31 2 26885 2068
31 3 20426 1571
31 4 29277 2252
31 5 14295 1099
31 6 9755 750
31 7 28386 2183
31 8 1025 78
31 9 10719 824
31 10 24219 1863
31 11 11014 847
31 12 9908 762
31 13 6602 507
31 14 21578 1659
31 15 5130 394
31 16 23298 1792
31 17 29559 2273
31 18 17274 1328
31 19 27003 2077
31 20 27691 2130
31 21 21188 1629
31 22 6196 476
31 23 29899 2299
31 24 3305 254
31 25 18081 1390
31 26 27891 2145
31 27 26205 2015
31 28 22146 1703
31 29 18677 1436
31 30 24709 1900
31 31 0 0
31 32 2616 201
31 33 26348 2026
31 34 16397 1261
31 35 25009 1923
31 36 28252 2173
31 37 11019 847
31 38 12847 988
31 39 20832 1602
31 40 29918 2301
31 41 1330 102
31 42 20640 1587
31 43 214 16
31 44 2610 200
31 45 12532 964
31 46 8842 680
31 47 5389 414
31 48 28805 2215
31 49 21493 1653
31 50 22426 1725
31 51 16822 1294
31 52 18915 1455
31 53 4944 380
31 54 29107 2239
31 55 27074 2082
31 56 5700 438
31 57 24803 1907
31 58 13712 1054
31 59 14887 1145
31 60 6744 518
31 61 14316 1101
31 62 14524 1117
31 63 979 75
31 64 2943 226
31 65 4833 371
31 66 27160 2089
31 67 22108 1700
31 68 24455 1881
31 69 25547 1965
31 70 26306 2023
31 71 9161 704
31 72 14235 1095
31 73 23276 1790
31 74 4338 333
32 0 29890 2299
32 1 2613 201
32 2 9229 709
32 3 13293 1022
32 4 27307 2100
32 5 15128 1163
32 6 23204 1784
32 7 8283 637
32 8 24688 1899
32 9 17230 1325
32 10 18042 1387
32 11 6218 478
32 12 10834 833
32 13 19968 1536
32 14 23717 1824
32 15 18516 1424
32 16 21731 1671
32 17 25097 1930
32 18 13452 1034
32 19 25617 1970
32 20 18186 1398
32 21 2162 166
32 22 28533 2194
32 23 7909 608
32 24 10240 787
32 25 4368 336
32 26 15875 1221
32 27 19048 1465
32 28 8057 619
32 29 19806 1523
32 30 9107 700
32 31 29016 2232
32 32 0 0
32 33 22905 1761
32 34 19819 1524
32 35 2293 176
32 36 3646 280
32 37 6110 470
32 38 29687 2283
32 39 7690 591
32 40 13000 1000
32 41 26278 2021
32 42 599 46
32 43 3584 275
32 44 1813 139
32 45 8427 648
32 46 4300 330
32 47 13057 1004
32 48 1947 149
32 49 27103 2084
32 50 19938 1533
32 51 27137 2087
32 52 12140 933
32 53 28905 2223
32 54 14022 1078
32 55 21456 1650
32 56 25171 1936
32 57 3605 277
32 58 8350 642
32 59 22674 1744
32 60 15101 1161
32 61 21160 1627
32 62 25012 1924
32 63 28340 2180
32 64 25626 1971
32 65 257 19
32 66 2638 202
32 67 28043 2157
32 68 5569 428
32 69 2015 155
32 70 21395 1645
32 71 16208 1246
32 72 23519 1809
32 73 14685 1129
32 74 18559 1427
33 0 15533 1194
33 1 28692 2207
33 2 12032 925
33 3 17673 1359
33 4 18790 1445
33 5 8303 638
33 6 4558 350
33 7 29745 2288
33 8 6445 495
33 9 8881 683
33 10 18775 1444
33 11 21917 1685
33 12 24077 1852
33 13 8364 643
33 14 21054 1619
33 15 10763 827
33 16 22307 1715
33 17 28521 2193
33 18 14979 1152
33 19 27956 2150
33 20 21618 1662
33 21 22933 1764
33 22 9349 719
33 23 10231 787
33 24 20084 1544
33 25 15920 1224
33 26 14941 1149
33 27 4534 348
33 28 23835 1833
33 29 11727 902
33 30 14461 1112
33 31 13152 1011
33 32 10450 803
33 33 0 0
33 34 4223 324
33 35 9440 726
33 36 18705 1438
33 37 8235 633
33 38 13397 1030
33 39 22792 1753
33 40 6429 494
33 41 18000 1384
33 42 25758 1981
33 43 8480 652
33 44 19502 1500
33 45 24336 1872
33 46 19716 1516
33 47 17040 1310
33 48 21552 1657
33 49 17819 1370
33 50 10185 783
33 51 28765 2212
33 52 12549 965
33 53 12046 926
33 54 29772 2290
33 55 24898 1915
33 56 26038 2002
33 57 15365 1181
33 58 757 58
33 59 20639 1587
33 60 1524 117
33 61 21597 1661
33 62 15220 1170
33 63 24726 1902
33 64 8066 620
33 65 23419 1801
33 66 5240 403
33 67 12605 969
33 68 19125 1471
33 69 1823 140
33 70 2038 156
33 71 10903 838
33 72 14032 1079
33 73 15326 1178
33 74 10377 798
34 0 7770 597
34 1 29747 2288
34 2 3222 247
34 3 1622 124
34 4 24837 1910
34 5 1719 132
34 6 15840 1218
34 7 28189 2168
34 8 15505 1192
34 9 10262 789
34 10 14337 1102
34 11 12716 978
34 12 17979 1383
34 13 10091 776
34 14 3624 278
34 15 26931 2071
34 16 5171 397
34 17 22218 1709
34 18 28923 2224
34 19 2382 183
34 20 6350 488
34 21 25127 1932
34 22 12374 951
34 23 3834 294
34 24 6190 476
34 25 14734 1133
34 26 27083 2083
34 27 17247 1326
34 28 5519 424
34 29 25276 1944
34 30 22875 1759
34 31 25851 1988
34 32 16422 1263
34 33 7239 556
34 34 0 0
34 35 21756 1673
34 36 20039 1541
34 37 13737 1056
34 38 20264 1558
34 39 22060 1696
34 40 114 8
34 41 22699 1746
34 42 4941 380
34 43 501 38
34 44 4965 381
34 45 27057 2081
34 46 2754 211
34 47 5522 424
34 48 29185 2245
34 49 20247 1557
34 50 28726 2209
34 51 20175 1551
34 52 2073 159
34 53 4443 341
34 54 395 30
34 55 6695 515
34 56 13467 1035
34 57 12485 960
34 58 18067 1389
34 59 9385 721
34 60 20369 1566
34 61 2261 173
34 62 25580 1967
34 63 27645 2126
34 64 23008 1769
34 65 24371 1874
34 66 14980 1152
34 67 8046 618
34 68 10378 798
34 69 14983 1152
34 70 2894 222
34 71 13393 1030
34 72 27238 2095
34 73 14597 1122
34 74 10544 811
35 0 5250 403
35 1 29590 2276
35 2 13783 1060
35 3 29177 2244
35 4 6213 477
35 5 25061 1927
35 6 15053 1157
35 7 1244 95
35 8 16372 1259
35 9 15476 1190
35 10 12370 951
35 11 23211 1785
35 12 26372 2028
35 13 28906 2223
35 14 24961 1920
35 15 16195 1245
35 16 6166 474
35 17 18964 1458
35 18 151 11
35 19 24085 1852
35 20 23590 1814
35 21 26077 2005
35 22 26427 2032
35 23 19522 1501
35 24 6283 483
35 25 11073 851
35 26 29076 2236
35 27 6243 480
35 28 20482 1575
35 29 12725 978
35 30 9307 715
35 31 8572 659
35 32 28498 2192
35 33 9001 692
35 34 24707 1900
35 35 0 0
35 36 14777 1136
35 37 1523 117
35 38 20063 1543
35 39 15281 1175
35 40 12710 977
35 41 19664 1512
35 42 2785 214
35 43 9969 766
35 44 928 71
35 45 23439 1803
35 46 16126 1240
35 47 12123 932
35 48 9076 698
35 49 11296 868
35 50 27919 2147
35 51 26127 2009
35 52 2976 228
35 53 3355 258
35 54 22566 1735
35 55 3327 255
35 56 17177 1321
35 57 610 46
35 58 17241 1326
35 59 19002 1461
35 60 22005 1692
35 61 22656 1742
35 62 17381 1337
35 63 25283 1944
35 64 2340 180
35 65 27846 2142
35 66 1785 137
35 67 16095 1238
35 68 11389 876
35 69 9258 712
35 70 29049 2234
35 71 21451 1650
35 72 9846 757
35 73 6403 492
35 74 18758 1442
36 0 5508 423
36 1 8663 666
36 2 3174 244
36 3 23801 1830
36 4 16588 1276
36 5 5374 413
36 6 11443 880
36 7 9861 758
36 8 1458 112
36 9 5208 400
36 10 3225 248
36 11 11398 876
36 12 1406 108
36 13 26258 2019
36 14 22499 1730
36 15 6602 507
36 16 7931 610
36 17 19610 1508
36 18 19635 1510
36 19 25398 1953
36 20 15583 1198
36 21 25226 1940
36 22 7423 571
36 23 14305 1100
36 24 3346 257
36 25 27294 2099
36 26 15148 1165
36 27 12397 953
36 28 26993 2076
36 29 3497 269
36 30 9389 722
36 31 6854 527
36 32 13173 1013
36 33 1986 152
36 34 27637 2125
36 35 20729 1594
36 36 0 0
36 37 5165 397
36 38 20267 1559
36 39 6725 517
36 40 8021 617
36 41 11538 887
36 42 10169 782
36 43 7252 557
36 44 24802 1907
36 45 2253 173
36 46 21026 1617
36 47 9592 737
36 48 3338 256
36 49 16245 1249
36 50 16753 1288
36 51 18151 1396
36 52 19754 1519
36 53 8779 675
36 54 10281 790
36 55 14447 1111
36 56 8858 681
36 57 19740 1518
36 58 10274 790
36 59 9896 761
36 60 2553 196
36 61 19854 1527
36 62 10799 830
36 63 8864 681
36 64 7579 583
36 65 26728 2056
36 66 28116 2162
36 67 6071 467
36 68 23434 1802
36 69 25434 1956
36 70 9948 765
36 71 26916 2070
36 72 6590 506
36 73 22972 1767
36 74 21977 1690
37 0 19415 1493
37 1 22219 1709
37 2 24632 1894
37 3 13673 1051
37 4 12887 991
37 5 20881 1606
37 6 22479 1729
37 7 16276 1252
37 8 18619 1432
37 9 5306 408
37 10 12779 983
37 11 11658 896
37 12 19148 1472
37 13 27801 2138
37 14 1256 96
37 15 22079 1698
37 16 21272 1636
37 17 1796 138
37 18 11049 849
37 19 3187 245
37 20 27254 2096
37 21 18596 1430
37 22 16098 1238
37 23 26083 2006
37 24 5251 403
37 25 28372 2182
37 26 7929 609
37 27 24395 1876
37 28 7387 568
37 29 20799 1599
37 30 18392 1414
37 31 27418 2109
37 32 5914 454
37 33 4509 346
37 34 21332 1640
37 35 22984 1768
37 36 7721 593
37 37 0 0
37 38 8670 666
37 39 25971 1997
37 40 26895 2068
37 41 2599 199
37 42 8877 682
37 43 4241 326
37 44 1708 131
37 45 2545 195
37 46 12597 969
37 47 11177 859
37 48 502 38
37 49 21468 1651
37 50 13940 1072
37 51 8105 623
37 52 22238 1710
37 53 23962 1843
37 54 18706 1438
37 55 3510 270
37 56 26505 2038
37 57 7975 613
37 58 15665 1205
37 59 22740 1749
37 60 25073 1928
37 61 12283 944
37 62 4093 314
37 63 26243 2018
37 64 3053 234
37 65 24357 1873
37 66 12691 976
37 67 27902 2146
37 68 8318 639
37 69 27635 2125
37 70 4834 371
37 71 15539 1195
37 72 14773 1136
37 73 20274 1559
37 74 1342 103
38 0 5058 389
38 1 12788 983
38 2 17405 1338
38 3 3395 261
38 4 11549 888
38 5 6374 490
38 6 19749 1519
38 7 16507 1269
38 8 8360 643
38 9 26611 2047
38 10 1369 105
38 11 7092 545
38 12 26953 2073
38 13 16355 1258
38 14 4181 321
38 15 14314 1101
38 16 11604 892
38 17 24491 1883
38 18 14391 1107
38 19 7472 574
38 20 20420 1570
38 21 24747 1903
38 22 19440 1495
38 23 28192 2168
38 24 29258 2250
38 25 5370 413
38 26 22802 1754
38 27 22126 1702
38 28 9820 755
38 29 7170 551
38 30 25292 1945
38 31 25907 1992
38 32 13462 1035
38 33 16761 1289
38 34 5689 437
38 35 10672 820
38 36 4420 340
38 37 23586 1814
38 38 0 0
38 39 22392 1722
38 40 28498 2192
38 41 14645 1126
38 42 26954 2073
38 43 17954 1381
38 44 9590 737
38 45 19085 1468
38 46 10148 780
38 47 3921 301
38 48 25504 1961
38 49 14975 1151
38 50 9861 758
38 51 16302 1254
38 52 6775 521
38 53 8564 658
38 54 17710 1362
38 55 10826 832
38 56 23295 1791
38 57 29555 2273
38 58 24783 1906
38 59 4795 368
38 60 20567 1582
38 61 16703 1284
38 62 17636 1356
38 63 4971 382
38 64 10794 830
38 65 5760 443
38 66 25183 1937
38 67 24487 1883
38 68 27866 2143
38 69 3967 305
38 70 17126 1317
38 71 16711 1285
38 72 9829 756
38 73 8670 666
38 74 17936 1379
39 0 13952 1073
39 1 11142 857
39 2 560 43
39 3 10120 778
39 4 5620 432
39 5 20099 1546
39 6 14274 1098
39 7 6064 466
39 8 10050 773
39 9 10858 835
39 10 27074 2082
39 11 11892 914
39 12 2791 214
39 13 8366 643
39 14 18591 1430
39 15 9546 734
39 16 7730 594
39 17 29269 2251
39 18 9980 767
39 19 7799 599
39 20 13448 1034
39 21 12856 988
39 22 5065 389
39 23 25571 1967
39 24 20759 1596
39 25 2271 174
39 26 5776 444
39 27 20130 1548
39 28 26708 2054
39 29 26200 2015
39 30 21932 1687
39 31 20885 1606
39 32 12206 938
39 33 22267 1712
39 34 16198 1246
39 35 11667 897
39 36 29046 2234
39 37 12728 979
39 38 26567 2043
39 39 0 0
39 40 5511 423
39 41 17212 1324
39 42 4978 382
39 43 28385 2183
39 44 17528 1348
39 45 8640 664
39 46 5691 437
39 47 18035 1387
39 48 25209 1939
39 49 10309 793
39 50 14896 1145
39 51 19639 1510
39 52 25632 1971
39 53 5187 399
39 54 977 75
39 55 13407 1031
39 56 16758 1289
39 57 23009 1769
39 58 16881 1298
39 59 6479 498
39 60 1161 89
39 61 901 69
39 62 10595 815
39 63 25123 1932
39 64 25049 1926
39 65 11629 894
39 66 3796 292
39 67 11742 903
39 68 14030 1079
39 69 22630 1740
39 70 17188 1322
39 71 25168 1936
39 72 29076 2236
39 73 11314 870
39 74 12904 992
40 0 12085 929
40 1 24394 1876
40 2 22795 1753
40 3 5433 417
40 4 28827 2217
40 5 14510 1116
40 6 7344 564
40 7 3733 287
40 8 4432 340
40 9 17152 1319
40 10 5386 414
40 11 4686 360
40 12 25314 1947
40 13 5212 400
40 14 22031 1694
40 15 18081 1390
40 16 25557 1965
40 17 687 52
40 18 21440 1649
40 19 22722 1747
40 20 16258 1250
40 21 21536 1656
40 22 23685 1821
40 23 12075 928
40 24 8665 666
40 25 8590 660
40 26 8319 639
40 27 25633 1971
40 28 20069 1543
40 29 22458 1727
40 30 21560 1658
40 31 23145 1780
40 32 5154 396
40 33 22889 1760
40 34 24510 1885
40 35 2729 209
40 36 7023 540
40 37 26166 2012
40 38 18293 1407
40 39 26764 2058
40 40 0 0
40 41 20125 1548
40 42 26537 2041
40 43 882 67
40 44 7551 580
40 45 5779 444
40 46 8637 664
40 47 12738 979
40 48 14208 1092
40 49 11548 888
40 50 14955 1150
40 51 16614 1278
40 52 3180 244
40 53 5160 396
40 54 1217 93
40 55 8438 649
40 56 10621 817
40 57 3161 243
40 58 6581 506
40 59 5219 401
40 60 27132 2087
40 61 12631 971
40 62 26499 2038
40 63 27732 2133
40 64 13497 1038
40 65 17110 1316
40 66 26227 2017
40 67 23966 1843
40 68 22753 1750
40 69 16956 1304
40 70 14677 1129
40 71 9813 754
40 72 19779 1521
40 73 17173 1321
40 74 25106 1931
41 0 13253 1019
41 1 26305 2023
41 2 4598 353
41 3 23189 1783
41 4 23459 1804
41 5 28662 2204
41 6 2923 224
41 7 22100 1700
41 8 11670 897
41 9 7480 575
41 10 29067 2235
41 11 29692 2284
41 12 7568 582
41 13 23077 1775
41 14 1138 87
41 15 14225 1094
41 16 20873 1605
41 17 11208 862
41 18 5125 394
41 19 19026 1463
41 20 3785 291
41 21 23694 1822
41 22 638 49
41 23 22673 1744
41 24 23799 1830
41 25 7537 579
41 26 2379 183
41 27 9777 752
41 28 16899 1299
41 29 12026 925
41 30 16100 1238
41 31 6516 501
41 32 7741 595
41 33 7266 558
41 34 3724 286
41 35 1912 147
41 36 13249 1019
41 37 11397 876
41 38 9223 709
41 39 9472 728
41 40 4520 347
41 41 0 0
41 42 15152 1165
41 43 6110 470
41 44 11176 859
41 45 10108 777
41 46 465 35
41 47 16984 1306
41 48 15559 1196
41 49 863 66
41 50 23938 1841
41 51 12611 970
41 52 12992 999
41 53 1539 118
41 54 21442 1649
41 55 29617 2278
41 56 29807 2292
41 57 25090 1930
41 58 20686 1591
41 59 3852 296
41 60 9913 762
41 61 20935 1610
41 62 24552 1888
41 63 16559 1273
41 64 7614 585
41 65 1785 137
41 66 525 40
41 67 27046 2080
41 68 15853 1219
41 69 10567 812
41 70 12993 999
41 71 20892 1607
41 72 6812 524
41 73 25564 1966
41 74 19844 1526
42 0 17524 1348
42 1 607 46
42 2 13897 1069
42 3 14276 1098
42 4 21215 1631
42 5 13589 1045
42 6 21709 1669
42 7 29707 2285
42 8 2989 229
42 9 20653 1588
42 10 18169 1397
42 11 20649 1588
42 12 10634 818
42 13 24148 1857
42 14 7572 582
42 15 19491 1499
42 16 21729 1671
42 17 23798 1830
42 18 9301 715
42 19 27759 2135
42 20 21387 1645
42 21 22488 1729
42 22 24992 1922
42 23 28285 2175
42 24 27833 2141
42 25 4003 307
42 26 19545 1503
42 27 20913 1608
42 28 20093 1545
42 29 1915 147
42 30 17044 1311
42 31 12478 959
42 32 12866 989
42 33 16887 1299
42 34 7651 588
42 35 2937 225
42 36 28658 2204
42 37 17970 1382
42 38 12839 987
42 39 3019 232
42 40 14538 1118
42 41 16598 1276
42 42 0 0
42 43 28890 2222
42 44 21535 1656
42 45 19293 1484
42 46 2692 207
42 47 11569 889
42 48 10080 775
42 49 26400 2030
42 50 7741 595
42 51 7108 546
42 52 15686 1206
42 53 853 65
42 54 1326 102
42 55 13501 1038
42 56 14366 1105
42 57 14714 1131
42 58 11285 868
42 59 15831 1217
42 60 13063 1004
42 61 17976 1382
42 62 22942 1764
42 63 4569 351
42 64 12267 943
42 65 17558 1350
42 66 11097 853
42 67 17940 1380
42 68 23887 1837
42 69 720 55
42 70 28444 2188
42 71 6372 490
42 72 1398 107
42 73 18714 1439
42 74 16541 1272
43 0 2037 156
43 1 13151 1011
43 2 13326 1025
43 3 19962 1535
43 4 2888 222
43 5 22424 1724
43 6 3111 239
43 7 27174 2090
43 8 7338 564
43 9 22254 1711
43 10 18941 1457
43 11 1682 129
43 12 13299 1023
43 13 15362 1181
43 14 878 67
43 15 27630 2125
43 16 6085 468
43 17 8518 655
43 18 23816 1832
43 19 23408 1800
43 20 19498 1499
43 21 29546 2272
43 22 16417 1262
43 23 7268 559
43 24 1771 136
43 25 15567 1197
43 26 24486 1883
43 27 940 72
43 28 17181 1321
43 29 14401 1107
43 30 12326 948
43 31 12506 962
43 32 28842 2218
43 33 11744 903
43 34 29548 2272
43 35 26888 2068
43 36 8038 618
43 37 5213 401
43 38 12752 980
43 39 25786 1983
43 40 13027 1002
43 41 1219 93
43 42 2542 195
43 43 0 0
43 44 18642 1434
43 45 7600 584
43 46 1332 102
43 47 18183 1398
43 48 20392 1568
43 49 24376 1875
43 50 7891 607
43 51 2431 187
43 52 15952 1227
43 53 10998 846
43 54 16605 1277
43 55 3969 305
43 56 29069 2236
43 57 17306 1331
43 58 10578 813
43 59 13692 1053
43 60 1038 79
43 61 22833 1756
43 62 4291 330
43 63 14057 1081
43 64 814 62
43 65 22958 1766
43 66 9163 704
43 67 22210 1708
43 68 1358 104
43 69 22784 1752
43 70 1119 86
43 71 21991 1691
43 72 19347 1488
43 73 29144 2241
43 74 28412 2185
44 0 18035 1387
44 1 8222 632
44 2 2881 221
44 3 26850 2065
44 4 21921 1686
44 5 28794 2214
44 6 21534 1656
44 7 14442 1110
44 8 11955 919
44 9 1901 146
44 10 5582 429
44 11 11166 858
44 12 20680 1590
44 13 12492 960
44 14 23327 1794
44 15 2937 225
44 16 20991 1614
44 17 6406 492
44 18 194 14
44 19 9847 757
44 20 3732 287
44 21 25961 1997
44 22 21091 1622
44 23 2132 164
44 24 23744 1826
44 25 25501 1961
44 26 17367 1335
44 27 16773 1290
44 28 2228 171
44 29 17349 1334
44 30 27588 2122
44 31 11175 859
44 32 3237 249
44 33 21595 1661
44 34 8592 660
44 35 21074 1621
44 36 26631 2048
44 37 5987 460
44 38 25599 1969
44 39 20184 1552
44 40 8815 678
44 41 29025 2232
44 42 26963 2074
44 43 332 25
44 44 0 0
44 45 18774 1444
44 46 22470 1728
44 47 19124 1471
44 48 17966 1382
44 49 20747 1595
44 50 17584 1352
44 51 14591 1122
44 52 14430 1110
44 53 24326 1871
44 54 15293 1176
44 55 19493 1499
44 56 21658 1666
44 57 9887 760
44 58 18023 1386
44 59 4036 310
44 60 21594 1661
44 61 19589 1506
44 62 28475 2190
44 63 9114 701
44 64 1577 121
44 65 9570 736
44 66 18819 1447
44 67 3465 266
44 68 13689 1053
44 69 20465 1574
44 70 17343 1334
44 71 6740 518
44 72 1683 129
44 73 5151 396
44 74 7174 551
45 0 11824 909
45 1 6747 519
45 2 20239 1556
45 3 5064 389
45 4 3467 266
45 5 8099 623
45 6 27150 2088
45 7 2327 179
45 8 21850 1680
45 9 18903 1454
45 10 505 38
45 11 14844 1141
45 12 21716 1670
45 13 4656 358
45 14 15570 1197
45 15 11164 858
45 16 28831 2217
45 17 3662 281
45 18 16126 1240
45 19 7646 588
45 20 15215 1170
45 21 10321 793
45 22 18587 1429
45 23 25644 1972
45 24 20896 1607
45 25 9908 762
45 26 7755 596
45 27 25643 1972
45 28 1637 125
45 29 13212 1016
45 30 7275 559
45 31 28638 2202
45 32 8095 622
45 33 24594 1891
45 34 22844 1757
45 35 10607 815
45 36 16802 1292
45 37 13796 1061
45 38 7936 610
45 39 13427 1032
45 40 18632 1433
45 41 20933 1610
45 42 20645 1588
45 43 29750 2288
45 44 17192 1322
45 45 0 0
45 46 12256 942
45 47 1446 111
45 48 20283 1560
45 49 29817 2293
45 50 3034 233
45 51 23622 1817
45 52 26921 2070
45 53 11893 914
45 54 12873 990
45 55 8887 683
45 56 5162 397
45 57 4649 357
45 58 18417 1416
45 59 13384 1029
45 60 5578 429
45 61 15969 1228
45 62 13298 1022
45 63 2235 171
45 64 13972 1074
45 65 4980 383
45 66 7191 553
45 67 15819 1216
45 68 24554 1888
45 69 20591 1583
45 70 17801 1369
45 71 12626 971
45 72 1056 81
45 73 3785 291
45 74 3374 259
46 0 23453 1804
46 1 20742 1595
46 2 9503 731
46 3 28179 2167
46 4 4380 336
46 5 4415 339
46 6 5357 412
46 7 29993 2307
46 8 14601 1123
46 9 20143 1549
46 10 20751 1596
46 11 14577 1121
46 12 7800 600
46 13 25106 1931
46 14 22593 1737
46 15 17346 1334
46 16 27420 2109
46 17 15791 1214
46 18 27210 2093
46 19 11608 892
46 20 6549 503
46 21 13769 1059
46 22 16487 1268
46 23 6655 511
46 24 438 33
46 25 19434 1494
46 26 2669 205
46 27 20162 1550
46 28 1536 118
46 29 12026 925
46 30 23743 1826
46 31 28056 2158
46 32 29736 2287
46 33 12366 951
46 34 20452 1573
46 35 15431 1187
46 36 24523 1886
46 37 9575 736
46 38 11000 846
46 39 20935 1610
46 40 26029 2002
46 41 5160 396
46 42 17380 1336
46 43 27911 2147
46 44 8804 677
46 45 29372 2259
46 46 0 0
46 47 7791 599
46 48 14264 1097
46 49 19265 1481
46 50 3233 248
46 51 12859 989
46 52 16213 1247
46 53 23979 1844
46 54 22726 1748
46 55 27000 2076
46 56 7895 607
46 57 8845 680
46 58 4979 383
46 59 18823 1447
46 60 4708 362
46 61 7709 593
46 62 29345 2257
46 63 19124 1471
46 64 29183 2244
46 65 16055 1235
46 66 1429 109
46 67 8891 683
46 68 24500 1884
46 69 29571 2274
46 70 10096 776
46 71 28045 2157
46 72 2114 162
46 73 18745 1441
46 74 26601 2046
47 0 22701 1746
47 1 12502 961
47 2 14974 1151
47 3 21247 1634
47 4 587 45
47 5 596 45
47 6 9166 705
47 7 3333 256
47 8 12406 954
47 9 26771 2059
47 10 25967 1997
47 11 14695 1130
47 12 5766 443
47 13 20349 1565
47 14 23049 1773
47 15 9561 735
47 16 20010 1539
47 17 26778 2059
47 18 11179 859
47 19 6368 489
47 20 17318 1332
47 21 14514 1116
47 22 23128 1779
47 23 9242 710
47 24 11171 859
47 25 17006 1308
47 26 27847 2142
47 27 16452 1265
47 28 12970 997
47 29 28566 2197
47 30 6393 491
47 31 6061 466
47 32 21671 1667
47 33 12569 966
47 34 28506 2192
47 35 3131 240
47 36 8524 655
47 37 18157 1396
47 38 25823 1986
47 39 28622 2201
47 40 12726 978
47 41 11940 918
47 42 12154 934
47 43 2602 200
47 44 15697 1207
47 45 20225 1555
47 46 2486 191
47 47 0 0
47 48 26836 2064
47 49 14117 1085
47 50 14530 1117
47 51 11735 902
47 52 26310 2023
47 53 21382 1644
47 54 24873 1913
47 55 8995 691
47 56 27442 2110
47 57 10453 804
47 58 485 37
47 59 13242 1018
47 60 16385 1260
47 61 26485 2037
47 62 1013 77
47 63 13498 1038
47 64 1474 113
47 65 13238 1018
47 66 2665 205
47 67 6366 489
47 68 27107 2085
47 69 25730 1979
47 70 15559 1196
47 71 29925 2301
47 72 4255 327
47 73 17131 1317
47 74 20739 1595
48 0 13056 1004
48 1 23296 1792
48 2 20612 1585
48 3 2933 225
48 4 2253 173
48 5 7247 557
48 6 25214 1939
48 7 7599 584
48 8 2106 162
48 9 10164 781
48 10 25330 1948
48 11 25560 1966
48 12 1847 142
48 13 1198 92
48 14 8405 646
48 15 25510 1962
48 16 4074 313
48 17 27398 2107
48 18 6204 477
48 19 28469 2189
48 20 16894 1299
48 21 19721 1517
48 22 26789 2060
48 23 15376 1182
48 24 7590 583
48 25 21190 1630
48 26 26616 2047
48 27 5275 405
48 28 28185 2168
48 29 19348 1488
48 30 29268 2251
48 31 2724 209
48 32 18935 1456
48 33 18498 1422
48 34 13632 1048
48 35 1283 98
48 36 8305 638
48 37 21600 1661
48 38 16516 1270
48 39 2279 175
48 40 25940 1995
48 41 28258 2173
48 42 18373 1413
48 43 15762 1212
48 44 5511 423
48 45 12666 974
48 46 21670 1666
48 47 26554 2042
48 48 0 0
48 49 7198 553
48 50 6808 523
48 51 6470 497
48 52 14638 1126
48 53 670 51
48 54 20613 1585
48 55 27126 2086
48 56 2725 209
48 57 5874 451
48 58 104 8
48 59 5334 410
48 60 17944 1380
48 61 2900 223
48 62 25301 1946
48 63 21967 1689
48 64 15617 1201
48 65 5777 444
48 66 15728 1209
48 67 15195 1168
48 68 26255 2019
48 69 1454 111
48 70 11845 911
48 71 14554 1119
48 72 12730 979
48 73 17509 1346
48 74 4263 327
49 0 21383 1644
49 1 8637 664
49 2 11417 878
49 3 22912 1762
49 4 23539 1810
49 5 23602 1815
49 6 107 8
49 7 2513 193
49 8 1657 127
49 9 18541 1426
49 10 9742 749
49 11 24966 1920
49 12 11748 903
49 13 10830 833
49 14 24073 1851
49 15 3238 249
49 16 6433 494
49 17 23017 1770
49 18 22678 1744
49 19 19056 1465
49 20 27788 2137
49 21 15475 1190
49 22 7161 550
49 23 22232 1710
49 24 29198 2246
49 25 1271 97
49 26 29072 2236
49 27 27540 2118
49 28 23736 1825
49 29 7886 606
49 30 1128 86
49 31 9867 759
49 32 26169 2013
49 33 20531 1579
49 34 3187 245
49 35 27444 2111
49 36 6578 506
49 37 27615 2124
49 38 9925 763
49 39 13879 1067
49 40 25012 1924
49 41 15690 1206
49 42 7668 589
49 43 26569 2043
49 44 1527 117
49 45 25728 1979
49 46 2152 165
49 47 8037 618
49 48 202 15
49 49 0 0
49 50 9661 743
49 51 29483 2267
49 52 23849 1834
49 53 11401 877
49 54 24365 1874
49 55 28702 2207
49 56 4013 308
49 57 10102 777
49 58 21593 1661
49 59 24980 1921
49 60 2006 154
49 61 24229 1863
49 62 18750 1442
49 63 22439 1726
49 64 29871 2297
49 65 28062 2158
49 66 3025 232
49 67 4874 374
49 68 29503 2269
49 69 4965 381
49 70 19434 1494
49 71 7343 564
49 72 27646 2126
49 73 15088 1160
49 74 1501 115
50 0 155 11
50 1 26761 2058
50 2 25516 1962
50 3 5272 405
50 4 29984 2306
50 5 29594 2276
50 6 1022 78
50 7 28771 2213
50 8 786 60
50 9 10074 774
50 10 11993 922
50 11 21704 1669
50 12 24160 1858
50 13 3395 261
50 14 8301 638
50 15 4505 346
50 16 4043 311
50 17 26067 2005
50 18 21963 1689
50 19 6931 533
50 20 14836 1141
50 21 18829 1448
50 22 11244 864
50 23 25216 1939
50 24 29816 2293
50 25 24401 1877
50 26 17760 1366
50 27 3363 258
50 28 4687 360
50 29 5921 455
50 30 6797 522
50 31 4701 361
50 32 8040 618
50 33 17364 1335
50 34 27422 2109
50 35 29438 2264
50 36 5684 437
50 37 8585 660
50 38 5091 391
50 39 28626 2202
50 40 26842 2064
50 41 18062 1389
50 42 1950 150
50 43 10274 790
50 44 12219 939
50 45 15239 1172
50 46 8051 619
50 47 16889 1299
50 48 19795 1522
50 49 13766 1058
50 50 0 0
50 51 29561 2273
50 52 17783 1367
50 53 4172 320
50 54 6468 497
50 55 23331 1794
50 56 10105 777
50 57 11175 859
50 58 11074 851
50 59 29163 2243
50 60 9519 732
50 61 9311 716
50 62 12550 965
50 63 20061 1543
50 64 5840 449
50 65 20140 1549
50 66 2925 225
50 67 21510 1654
50 68 17684 1360
50 69 27216 2093
50 70 10812 831
50 71 16310 1254
50 72 8528 656
50 73 3927 302
50 74 24749 1903
51 0 13964 1074
51 1 16182 1244
51 2 10435 802
51 3 7757 596
51 4 4328 332
51 5 9376 721
51 6 521 40
51 7 26148 2011
51 8 16576 1275
51 9 21766 1674
51 10 2080 160
51 11 6477 498
51 12 27952 2150
51 13 4673 359
51 14 20831 1602
51 15 4431 340
51 16 11377 875
51 17 11908 916
51 18 4586 352
51 19 28157 2165
51 20 9952 765
51 21 13981 1075
51 22 4802 369
51 23 29783 2291
51 24 18923 1455
51 25 17162 1320
51 26 12283 944
51 27 3176 244
51 28 18622 1432
51 29 19027 1463
51 30 22490 1730
51 31 3576 275
51 32 14138 1087
51 33 6412 493
51 34 23457 1804
51 35 4134 318
51 36 15145 1165
51 37 1899 146
51 38 14787 1137
51 39 7887 606
51 40 19095 1468
51 41 11865 912
51 42 6294 484
51 43 15768 1212
51 44 28024 2155
51 45 15357 1181
51 46 6097 469
51 47 24018 1847
51 48 8891 683
51 49 25642 1972
51 50 18852 1450
51 51 0 0
51 52 12835 987
51 53 11097 853
51 54 28089 2160
51 55 20442 1572
51 56 5618 432
51 57 18389 1414
51 58 15042 1157
51 59 9308 716
51 60 4195 322
51 61 28880 2221
51 62 10073 774
51 63 4573 351
51 64 24974 1921
51 65 7212 554
51 66 2623 201
51 67 22131 1702
51 68 4931 379
51 69 21767 1674
51 70 6213 477
51 71 1333 102
51 72 19665 1512
51 73 22181 1706
51 74 19793 1522
52 0 4426 340
52 1 8182 629
52 2 28638 2202
52 3 13085 1006
52 4 16324 1255
52 5 23191 1783
52 6 22863 1758
52 7 10869 836
52 8 3852 296
52 9 6056 465
52 10 10477 805
52 11 26678 2052
52 12 9676 744
52 13 9164 704
52 14 18338 1410
52 15 24014 1847
52 16 7091 545
52 17 19824 1524
52 18 17206 1323
52 19 28397 2184
52 20 21845 1680
52 21 15636 1202
52 22 12334 948
52 23 656 50
52 24 25504 1961
52 25 26123 2009
52 26 10227 786
52 27 12509 962
52 28 11965 920
52 29 17244 1326
52 30 22367 1720
52 31 28353 2181
52 32 17986 1383
52 33 24291 1868
52 34 4021 309
52 35 26414 2031
52 36 7896 607
52 37 29324 2255
52 38 23904 1838
52 39 13413 1031
52 40 8618 662
52 41 15722 1209
52 42 16213 1247
52 43 26494 2038
52 44 10498 807
52 45 17911 1377
52 46 12132 933
52 47 21026 1617
52 48 18051 1388
52 49 21778 1675
52 50 8841 680
52 51 12236 941
52 52 0 0
52 53 1877 144
52 54 24010 1846
52 55 4776 367
52 56 14867 1143
52 57 7196 553
52 58 24217 1862
52 59 29810 2293
52 60 16741 1287
52 61 25149 1934
52 62 21938 1687
52 63 2637 202
52 64 20693 1591
52 65 27626 2125
52 66 25322 1947
52 67 13725 1055
52 68 7222 555
52 69 19487 1499
52 70 15963 1227
52 71 15625 1201
52 72 16489 1268
52 73 16318 1255
52 74 25846 1988
53 0 5626 432
53 1 25550 1965
53 2 25052 1927
53 3 5385 414
53 4 2844 218
53 5 29483 2267
53 6 9930 763
53 7 15350 1180
53 8 29858 2296
53 9 6940 533
53 10 26492 2037
53 11 4061 312
53 12 19896 1530
53 13 3966 305
53 14 25556 1965
53 15 11406 877
53 16 17813 1370
53 17 5696 438
53 18 5392 414
53 19 7019 539
53 20 26510 2039
53 21 5736 441
53 22 14252 1096
53 23 24180 1860
53 24 12164 935
53 25 2268 174
53 26 6950 534
53 27 12579 967
53 28 26944 2072
53 29 7279 559
53 30 22594 1738
53 31 3812 293
53 32 13103 1007
53 33 18334 1410
53 34 19858 1527
53 35 27928 2148
53 36 18944 1457
53 37 871 67
53 38 14539 1118
53 39 29807 2292
53 40 28704 2208
53 41 23276 1790
53 42 954 73
53 43 1428 109
53 44 24378 1875
53 45 3902 300
53 46 12848 988
53 47 21010 1616
53 48 26225 2017
53 49 25451 1957
53 50 29458 2266
53 51 514 39
53 52 14829 1140
53 53 0 0
53 54 12967 997
53 55 27756 2135
53 56 15615 1201
53 57 5687 437
53 58 1062 81
53 59 895 68
53 60 4073 313
53 61 7026 540
53 62 28564 2197
53 63 12272 944
53 64 7480 575
53 65 27554 2119
53 66 17106 1315
53 67 1705 131
53 68 10939 841
53 69 4430 340
53 70 26942 2072
53 71 28854 2219
53 72 16855 1296
53 73 20097 1545
53 74 22481 1729
54 0 23576 1813
54 1 22688 1745
54 2 1263 97
54 3 1163 89
54 4 29802 2292
54 5 3829 294
54 6 3394 261
54 7 5779 444
54 8 2911 223
54 9 22134 1702
54 10 12846 988
54 11 7992 614
54 12 2287 175
54 13 3293 253
54 14 26201 2015
54 15 5699 438
54 16 7671 590
54 17 12696 976
54 18 7177 552
54 19 4036 310
54 20 28779 2213
54 21 23539 1810
54 22 5006 385
54 23 8670 666
54 24 9792 753
54 25 9714 747
54 26 29249 2249
54 27 4254 327
54 28 3866 297
54 29 4101 315
54 30 158 12
54 31 711 54
54 32 16641 1280
54 33 21592 1660
54 34 26847 2065
54 35 4137 318
54 36 2152 165
54 37 24309 1869
54 38 17868 1374
54 39 8688 668
54 40 20204 1554
54 41 18443 1418
54 42 17041 1310
54 43 11462 881
54 44 1184 91
54 45 20205 1554
54 46 11796 907
54 47 17955 1381
54 48 12205 938
54 49 2085 160
54 50 29821 2293
54 51 20515 1578
54 52 25778 1982
54 53 16714 1285
54 54 0 0
54 55 21137 1625
54 56 15927 1225
54 57 5540 426
54 58 23745 1826
54 59 4890 376
54 60 26838 2064
54 61 10805 831
54 62 21687 1668
54 63 19262 1481
54 64 29971 2305
54 65 5455 419
54 66 9156 704
54 67 22406 1723
54 68 1503 115
54 69 14336 1102
54 70 20738 1595
54 71 7084 544
54 72 9429 725
54 73 25722 1978
54 74 7145 549
55 0 27168 2089
55 1 3776 290
55 2 23880 1836
55 3 7665 589
55 4 11257 865
55 5 1644 126
55 6 7560 581
55 7 27980 2152
55 8 16780 1290
55 9 1296 99
55 10 509 39
55 11 7603 584
55 12 1285 98
55 13 3793 291
55 14 565 43
55 15 15411 1185
55 16 10159 781
55 17 25178 1936
55 18 4282 329
55 19 7316 562
55 20 7023 540
55 21 21824 1678
55 22 23867 1835
55 23 19562 1504
55 24 26966 2074
55 25 22277 1713
55 26 5117 393
55 27 12315 947
55 28 22958 1766
55 29 24782 1906
55 30 6747 519
55 31 7712 593
55 32 3348 257
55 33 19567 1505
55 34 29691 2283
55 35 4229 325
55 36 6277 482
55 37 12540 964
55 38 25777 1982
55 39 9172 705
55 40 4861 373
55 41 23894 1838
55 42 27950 2150
55 43 17730 1363
55 44 11638 895
55 45 16870 1297
55 46 11090 853
55 47 11911 916
55 48 26242 2018
55 49 11983 921
55 50 6686 514
55 51 2664 204
55 52 7302 561
55 53 24020 1847
55 54 10102 777
55 55 0 0
55 56 6060 466
55 57 16372 1259
55 58 22580 1736
55 59 29481 2267
55 60 2348 180
55 61 2540 195
55 62 22291 1714
55 63 3966 305
55 64 10384 798
55 65 4177 321
55 66 5144 395
55 67 25299 1946
55 68 23673 1821
55 69 25714 1978
55 70 1876 144
55 71 3483 267
55 72 12982 998
55 73 23418 1801
55 74 9959 766
56 0 11230 863
56 1 10069 774
56 2 12903 992
56 3 4380 336
56 4 22240 1710
56 5 14805 1138
56 6 7816 601
56 7 10926 840
56 8 29353 2257
56 9 27363 2104
56 10 5383 414
56 11 4480 344
56 12 5776 444
56 13 5743 441
56 14 28094 2161
56 15 21318 1639
56 16 23934 1841
56 17 19917 1532
56 18 23737 1825
56 19 22278 1713
56 20 19406 1492
56 21 26555 2042
56 22 23687 1822
56 23 6660 512
56 24 20906 1608
56 25 6516 501
56 26 4891 376
56 27 5302 407
56 28 23325 1794
56 29 28394 2184
56 30 1832 140
56 31 28861 2220
56 32 23697 1822
56 33 4521 347
56 34 29538 2272
56 35 10356 796
56 36 18015 1385
56 37 19323 1486
56 38 27374 2105
56 39 13862 1066
56 40 29217 2247
56 41 22764 1751
56 42 22200 1707
56 43 2443 187
56 44 765 58
56 45 16774 1290
56 46 6681 513
56 47 4774 367
56 48 29206 2246
56 49 29449 2265
56 50 11515 885
56 51 299 23
56 52 1196 92
56 53 29960 2304
56 54 23414 1801
56 55 11824 909
56 56 0 0
56 57 21384 1644
56 58 16507 1269
56 59 23312 1793
56 60 29772 2290
56 61 12936 995
56 62 28918 2224
56 63 9532 733
56 64 20200 1553
56 65 16800 1292
56 66 9936 764
56 67 2953 227
56 68 25537 1964
56 69 721 55
56 70 25201 1938
56 71 27956 2150
56 72 23868 1836
56 73 21233 1633
56 74 26726 2055
57 0 16275 1251
57 1 17750 1365
57 2 15627 1202
57 3 1294 99
57 4 25622 1970
57 5 5555 427
57 6 1951 150
57 7 8758 673
57 8 5784 444
57 9 12877 990
57 10 29362 2258
57 11 16511 1270
57 12 19838 1526
57 13 26897 2069
57 14 27332 2102
57 15 3809 293
57 16 29411 2262
57 17 6482 498
57 18 26212 2016
57 19 16401 1261
57 20 29311 2254
57 21 29145 2241
57 22 11006 846
57 23 13840 1064
57 24 15158 1166
57 25 21177 1629
57 26 22494 1730
57 27 13489 1037
57 28 16165 1243
57 29 13958 1073
57 30 11822 909
57 31 3017 232
57 32 2833 217
57 33 18674 1436
57 34 10560 812
57 35 26269 2020
57 36 24149 1857
57 37 10512 808
57 38 8453 650
57 39 11135 856
57 40 9801 753
57 41 6746 518
57 42 23270 1790
57 43 9639 741
57 44 27059 2081
57 45 23476 1805
57 46 14186 1091
57 47 14912 1147
57 48 2287 175
57 49 21210 1631
57 50 5962 458
57 51 21503 1654
57 52 23838 1833
57 53 29635 2279
57 54 26201 2015
57 55 27225 2094
57 56 6093 468
57 57 0 0
57 58 6393 491
57 59 21138 1626
57 60 22689 1745
57 61 14636 1125
57 62 23050 1773
57 63 20759 1596
57 64 2717 209
57 65 29295 2253
57 66 22982 1767
57 67 12567 966
57 68 19766 1520
57 69 25836 1987
57 70 10853 834
57 71 10819 832
57 72 16043 1234
57 73 28709 2208
57 74 1644 126
58 0 25673 1974
58 1 25021 1924
58 2 7539 579
58 3 18092 1391
58 4 7736 595
58 5 24640 1895
58 6 10798 830
58 7 24535 1887
58 8 19799 1523
58 9 18275 1405
58 10 26310 2023
58 11 4315 331
58 12 16881 1298
58 13 5045 388
58 14 16152 1242
58 15 29611 2277
58 16 4954 381
58 17 14924 1148
58 18 6575 505
58 19 366 28
58 20 11989 922
58 21 2167 166
58 22 24239 1864
58 23 11462 881
58 24 29240 2249
58 25 9497 730
58 26 16726 1286
58 27 5116 393
58 28 17920 1378
58 29 16783 1291
58 30 9438 726
58 31 16182 1244
58 32 9296 715
58 33 17739 1364
58 34 23740 1826
58 35 13866 1066
58 36 1633 125
58 37 13019 1001
58 38 17421 1340
58 39 20529 1579
58 40 16003 1231
58 41 16733 1287
58 42 21662 1666
58 43 11717 901
58 44 10588 814
58 45 13097 1007
58 46 20847 1603
58 47 9975 767
58 48 26908 2069
58 49 18827 1448
58 50 17897 1376
58 51 11917 916
58 52 11405 877
58 53 29241 2249
58 54 9858 758
58 55 7610 585
58 56 29487 2268
58 57 5315 408
58 58 0 0
58 59 11526 886
58 60 27438 2110
58 61 15814 1216
58 62 4345 334
58 63 19895 1530
58 64 8521 655
58 65 9165 705
58 66 6768 520
58 67 29166 2243
58 68 4606 354
58 69 15778 1213
58 70 28535 2195
58 71 18091 1391
58 72 1852 142
58 73 11732 902
58 74 12490 960
59 0 11672 897
59 1 1552 119
59 2 8407 646
59 3 7143 549
59 4 24502 1884
59 5 11686 898
59 6 3974 305
59 7 19739 1518
59 8 13569 1043
59 9 5089 391
59 10 1969 151
59 11 3510 270
59 12 12628 971
59 13 29993 2307
59 14 21728 1671
59 15 3651 280
59 16 11776 905
59 17 6385 491
59 18 6567 505
59 19 26710 2054
59 20 29967 2305
59 21 22461 1727
59 22 24897 1915
59 23 15895 1222
59 24 28465 2189
59 25 9383 721
59 26 26302 2023
59 27 11303 869
59 28 26241 2018
59 29 10621 817
59 30 18186 1398
59 31 25029 1925
59 32 6032 464
59 33 14776 1136
59 34 10659 819
59 35 14337 1102
59 36 15153 1165
59 37 10610 816
59 38 25160 1935
59 39 293 22
59 40 15253 1173
59 41 2300 176
59 42 21558 1658
59 43 14368 1105
59 44 12859 989
59 45 4414 339
59 46 9758 750
59 47 8253 634
59 48 24559 1889
59 49 8810 677
59 50 2936 225
59 51 26089 2006
59 52 11595 891
59 53 4537 349
59 54 1337 102
59 55 21995 1691
59 56 27004 2077
59 57 20857 1604
59 58 3267 251
59 59 0 0
59 60 8702 669
59 61 9248 711
59 62 22542 1734
59 63 13845 1065
59 64 2989 229
59 65 9235 710
59 66 8409 646
59 67 16610 1277
59 68 8860 681
59 69 1443 111
59 70 20207 1554
59 71 20779 1598
59 72 5409 416
59 73 29568 2274
59 74 29981 2306
60 0 19710 1516
60 1 14851 1142
60 2 3699 284
60 3 20820 1601
60 4 12578 967
60 5 28802 2215
60 6 1409 108
60 7 11045 849
60 8 29271 2251
60 9 28974 2228
60 10 486 37
60 11 1565 120
60 12 24995 1922
60 13 3471 267
60 14 16789 1291
60 15 11500 884
60 16 26400 2030
60 17 13668 1051
60 18 12779 983
60 19 3659 281
60 20 8452 650
60 21 705 54
60 22 22378 1721
60 23 4876 375
60 24 18347 1411
60 25 25957 1996
60 26 1483 114
60 27 11130 856
60 28 25047 1926
60 29 19194 1476
60 30 21143 1626
60 31 20532 1579
60 32 3991 307
60 33 24356 1873
60 34 23727 1825
60 35 16812 1293
60 36 23333 1794
60 37 1887 145
60 38 1306 100
60 39 26599 2046
60 40 24966 1920
60 41 10362 797
60 42 5446 418
60 43 1713 131
60 44 3524 271
60 45 18648 1434
60 46 5495 422
60 47 5621 432
60 48 21325 1640
60 49 17128 1317
60 50 13324 1024
60 51 10980 844
60 52 21302 1638
60 53 7101 546
60 54 7426 571
60 55 4255 327
60 56 8840 680
60 57 5940 456
60 58 185 14
60 59 9028 694
60 60 0 0
60 61 11512 885
60 62 2246 172
60 63 23760 1827
60 64 19198 1476
60 65 23916 1839
60 66 20488 1576
60 67 10819 832
60 68 13414 1031
60 69 29527 2271
60 70 26655 2050
60 71 24262 1866
60 72 16699 1284
60 73 27154 2088
60 74 23229 1786
61 0 13170 1013
61 1 1674 128
61 2 18768 1443
61 3 399 30
61 4 24912 1916
61 5 13579 1044
61 6 1112 85
61 7 27685 2129
61 8 19680 1513
61 9 9382 721
61 10 386 29
61 11 1010 77
61 12 14960 1150
61 13 25869 1989
61 14 26917 2070
61 15 26952 2073
61 16 26838 2064
61 17 18126 1394
61 18 8500 653
61 19 21934 1687
61 20 27053 2081
61 21 6768 520
61 22 26492 2037
61 23 11466 882
61 24 10755 827
61 25 1075 82
61 26 234 18
61 27 11264 866
61 28 14815 1139
61 29 28179 2167
61 30 27009 2077
61 31 27881 2144
61 32 1146 88
61 33 26093 2007
61 34 1944 149
61 35 8985 691
61 36 28624 2201
61 37 8310 639
61 38 4364 335
61 39 9943 764
61 40 21622 1663
61 41 9597 738
61 42 10682 821
61 43 24522 1886
61 44 29310 2254
61 45 17932 1379
61 46 4053 311
61 47 26954 2073
61 48 16486 1268
61 49 1363 104
61 50 2347 180
61 51 8466 651
61 52 27971 2151
61 53 3380 260
61 54 18436 1418
61 55 5979 459
61 56 25168 1936
61 57 18134 1394
61 58 8431 648
61 59 15092 1160
61 60 21099 1623
61 61 0 0
61 62 25599 1969
61 63 6484 498
61 64 28896 2222
61 65 12616 970
61 66 25241 1941
61 67 18552 1427
61 68 25348 1949
61 69 23803 1831
61 70 4084 314
61 71 20815 1601
61 72 12556 965
61 73 26816 2062
61 74 9913 762
62 0 18986 1460
62 1 13411 1031
62 2 1980 152
62 3 24658 1896
62 4 2252 173
62 5 310 23
62 6 24187 1860
62 7 5567 428
62 8 15143 1164
62 9 26706 2054
62 10 8721 670
62 11 11516 885
62 12 13208 1016
62 13 11752 904
62 14 29169 2243
62 15 8445 649
62 16 18590 1430
62 17 10356 796
62 18 16222 1247
62 19 22853 1757
62 20 703 54
62 21 17996 1384
62 22 5097 392
62 23 25003 1923
62 24 15351 1180
62 25 17307 1331
62 26 21845 1680
62 27 1890 145
62 28 28655 2204
62 29 9509 731
62 30 6860 527
62 31 12117 932
62 32 11133 856
62 33 29502 2269
62 34 15959 1227
62 35 241 18
62 36 16100 1238
62 37 11969 920
62 38 17736 1364
62 39 4310 331
62 40 11352 873
62 41 4306 331
62 42 26963 2074
62 43 25199 1938
62 44 25202 1938
62 45 22892 1760
62 46 16914 1301
62 47 529 40
62 48 8749 673
62 49 28411 2185
62 50 4908 377
62 51 13192 1014
62 52 13660 1050
62 53 4466 343
62 54 8560 658
62 55 2215 170
62 56 7259 558
62 57 8764 674
62 58 18557 1427
62 59 17832 1371
62 60 18472 1420
62 61 8980 690
62 62 0 0
62 63 13351 1027
62 64 10430 802
62 65 8304 638
62 66 15456 1188
62 67 3975 305
62 68 19191 1476
62 69 23791 1830
62 70 14213 1093
62 71 28518 2193
62 72 29883 2298
62 73 9922 763
62 74 4008 308
63 0 13709 1054
63 1 8095 622
63 2 6040 464
63 3 16088 1237
63 4 2804 215
63 5 12290 945
63 6 3483 267
63 7 8896 684
63 8 10069 774
63 9 11193 861
63 10 3758 289
63 11 25662 1974
63 12 1870 143
63 13 27781 2137
63 14 28020 2155
63 15 24204 1861
63 16 12132 933
63 17 29766 2289
63 18 23231 1787
63 19 19098 1469
63 20 10164 781
63 21 14610 1123
63 22 17371 1336
63 23 3658 281
63 24 12399 953
63 25 21558 1658
63 26 26514 2039
63 27 14057 1081
63 28 20026 1540
63 29 20162 1550
63 30 1772 136
63 31 18172 1397
63 32 11402 877
63 33 1548 119
63 34 26893 2068
63 35 3925 301
63 36 20710 1593
63 37 24759 1904
63 38 4501 346
63 39 14825 1140
63 40 13745 1057
63 41 17303 1331
63 42 21050 1619
63 43 17883 1375
63 44 14411 1108
63 45 27261 2097
63 46 6089 468
63 47 28747 2211
63 48 7323 563
63 49 16045 1234
63 50 18876 1452
63 51 3975 305
63 52 9723 747
63 53 11268 866
63 54 9659 743
63 55 11926 917
63 56 28786 2214
63 57 26370 2028
63 58 5838 449
63 59 10424 801
63 60 6070 466
63 61 23740 1826
63 62 28129 2163
63 63 0 0
63 64 27816 2139
63 65 7434 571
63 66 18645 1434
63 67 22162 1704
63 68 25632 1971
63 69 3273 251
63 70 15115 1162
63 71 5040 387
63 72 20028 1540
63 73 19853 1527
63 74 13425 1032
64 0 29770 2290
64 1 21696 1668
64 2 15140 1164
64 3 2251 173
64 4 4830 371
64 5 13208 1016
64 6 738 56
64 7 22037 1695
64 8 25714 1978
64 9 29815 2293
64 10 10962 843
64 11 23971 1843
64 12 2246 172
64 13 8951 688
64 14 29624 2278
64 15 21546 1657
64 16 24135 1856
64 17 10857 835
64 18 18820 1447
64 19 13282 1021
64 20 3056 235
64 21 19056 1465
64 22 22575 1736
64 23 26470 2036
64 24 535 41
64 25 16763 1289
64 26 24454 1881
64 27 26270 2020
64 28 673 51
64 29 9215 708
64 30 26238 2018
64 31 22976 1767
64 32 17382 1337
64 33 25592 1968
64 34 28806 2215
64 35 20819 1601
64 36 27597 2122
64 37 8095 622
64 38 9670 743
64 39 3125 240
64 40 29447 2265
64 41 9780 752
64 42 9801 753
64 43 24460 1881
64 44 2841 218
64 45 12674 974
64 46 9726 748
64 47 5567 428
64 48 15440 1187
64 49 28783 2214
64 50 24633 1894
64 51 20560 1581
64 52 19917 1532
64 53 29360 2258
64 54 2379 183
64 55 3689 283
64 56 18480 1421
64 57 3104 238
64 58 6334 487
64 59 21144 1626
64 60 24854 1911
64 61 7347 565
64 62 19088 1468
64 63 3920 301
64 64 0 0
64 65 27007 2077
64 66 10337 795
64 67 13897 1069
64 68 12403 954
64 69 2932 225
64 70 28534 2194
64 71 14711 1131
64 72 9750 750
64 73 20229 1556
64 74 9974 767
65 0 3105 238
65 1 10404 800
65 2 7250 557
65 3 16973 1305
65 4 19821 1524
65 5 7539 579
65 6 7060 543
65 7 11180 860
65 8 11541 887
65 9 2887 222
65 10 7619 586
65 11 17926 1378
65 12 21511 1654
65 13 9091 699
65 14 12598 969
65 15 28253 2173
65 16 19079 1467
65 17 29604 2277
65 18 22301 1715
65 19 14014 1078
65 20 29760 2289
65 21 21536 1656
65 22 15621 1201
65 23 19776 1521
65 24 6639 510
65 25 14668 1128
65 26 23536 1810
65 27 28669 2205
65 28 21499 1653
65 29 15680 1206
65 30 8029 617
65 31 16436 1264
65 32 26405 2031
65 33 16924 1301
65 34 14202 1092
65 35 9804 754
65 36 5202 400
65 37 20819 1601
65 38 22405 1723
65 39 26771 2059
65 40 17757 1365
65 41 15044 1157
65 42 11216 862
65 43 12241 941
65 44 23348 1796
65 45 2024 155
65 46 20312 1562
65 47 19256 1481
65 48 17743 1364
65 49 11576 890
65 50 7385 568
65 51 13656 1050
65 52 19708 1516
65 53 25738 1979
65 54 5497 422
65 55 22679 1744
65 56 17688 1360
65 57 22341 1718
65 58 25987 1999
65 59 9908 762
65 60 22194 1707
65 61 1627 125
65 62 19716 1516
65 63 11511 885
65 64 7261 558
65 65 0 0
65 66 2715 208
65 67 20512 1577
65 68 18929 1456
65 69 16797 1292
65 70 26334 2025
65 71 14050 1080
65 72 15945 1226
65 73 13448 1034
65 74 13064 1004
66 0 4400 338
66 1 18654 1434
66 2 3265 251
66 3 13112 1008
66 4 14294 1099
66 5 5432 417
66 6 19481 1498
66 7 3169 243
66 8 4105 315
66 9 21101 1623
66 10 14601 1123
66 11 21302 1638
66 12 18919 1455
66 13 5661 435
66 14 29960 2304
66 15 2925 225
66 16 3457 265
66 17 27098 2084
66 18 23048 1772
66 19 24075 1851
66 20 26789 2060
66 21 5189 399
66 22 25910 1993
66 23 21667 1666
66 24 4632 356
66 25 10164 781
66 26 4384 337
66 27 4024 309
66 28 21841 1680
66 29 27956 2150
66 30 25400 1953
66 31 3140 241
66 32 106 8
66 33 15175 1167
66 34 1893 145
66 35 21989 1691
66 36 6253 481
66 37 13913 1070
66 38 23277 1790
66 39 10201 784
66 40 15761 1212
66 41 22855 1758
66 42 12359 950
66 43 27880 2144
66 44 4053 311
66 45 7316 562
66 46 18247 1403
66 47 13267 1020
66 48 25833 1987
66 49 11017 847
66 50 360 27
66 51 10105 777
66 52 16371 1259
66 53 13902 1069
66 54 7907 608
66 55 25199 1938
66 56 8185 629
66 57 22897 1761
66 58 18446 1418
66 59 10373 797
66 60 2887 222
66 61 28672 2205
66 62 21495 1653
66 63 27861 2143
66 64 10077 775
66 65 4412 339
66 66 0 0
66 67 10991 845
66 68 21452 1650
66 69 7152 550
66 70 7099 546
66 71 22122 1701
66 72 15259 1173
66 73 2215 170
66 74 4767 366
67 0 9617 739
67 1 21211 1631
67 2 16972 1305
67 3 2222 170
67 4 28464 2189
67 5 4240 326
67 6 13730 1056
67 7 10412 800
67 8 19120 1470
67 9 7690 591
67 10 22948 1765
67 11 7799 599
67 12 5717 439
67 13 12787 983
67 14 27939 2149
67 15 851 65
67 16 21125 1625
67 17 25556 1965
67 18 11686 898
67 19 29228 2248
67 20 21233 1633
67 21 523 40
67 22 11051 850
67 23 11124 855
67 24 17422 1340
67 25 26674 2051
67 26 5414 416
67 27 27045 2080
67 28 15893 1222
67 29 2530 194
67 30 8520 655
67 31 20805 1600
67 32 4843 372
67 33 22211 1708
67 34 13932 1071
67 35 10237 787
67 36 7036 541
67 37 18526 1425
67 38 1713 131
67 39 28644 2203
67 40 12734 979
67 41 12923 994
67 42 10786 829
67 43 9484 729
67 44 3098 238
67 45 8458 650
67 46 17895 1376
67 47 525 40
67 48 13885 1068
67 49 17731 1363
67 50 4367 335
67 51 21597 1661
67 52 17283 1329
67 53 23313 1793
67 54 14836 1141
67 55 10378 798
67 56 23513 1808
67 57 21745 1672
67 58 11473 882
67 59 10567 812
67 60 25156 1935
67 61 20404 1569
67 62 3187 245
67 63 29119 2239
67 64 8296 638
67 65 5066 389
67 66 7970 613
67 67 0 0
67 68 8275 636
67 69 5156 396
67 70 7429 571
67 71 10708 823
67 72 22482 1729
67 73 233 17
67 74 13759 1058
68 0 14200 1092
68 1 18968 1459
68 2 27978 2152
68 3 29761 2289
68 4 1181 90
68 5 24661 1897
68 6 26041 2003
68 7 3913 301
68 8 14150 1088
68 9 14253 1096
68 10 5999 461
68 11 13003 1000
68 12 26526 2040
68 13 7292 560
68 14 29928 2302
68 15 23345 1795
68 16 21102 1623
68 17 26632 2048
68 18 23045 1772
68 19 10132 779
68 20 719 55
68 21 22230 1710
68 22 15063 1158
68 23 1031 79
68 24 21840 1680
68 25 22512 1731
68 26 3334 256
68 27 11542 887
68 28 19358 1489
68 29 16265 1251
68 30 18371 1413
68 31 13074 1005
68 32 6471 497
68 33 445 34
68 34 3034 233
68 35 15587 1199
68 36 22497 1730
68 37 14898 1146
68 38 5293 407
68 39 2994 230
68 40 18763 1443
68 41 16193 1245
68 42 270 20
68 43 4834 371
68 44 3778 290
68 45 10447 803
68 46 24300 1869
68 47 28848 2219
68 48 6147 472
68 49 12684 975
68 50 22448 1726
68 51 14784 1137
68 52 19130 1471
68 53 26503 2038
68 54 15750 1211
68 55 22123 1701
68 56 5692 437
68 57 2622 201
68 58 25350 1950
68 59 9997 769
68 60 11553 888
68 61 1589 122
68 62 12623 971
68 63 17664 1358
68 64 10254 788
68 65 12634 971
68 66 10909 839
68 67 10789 829
68 68 0 0
68 69 27742 2134
68 70 28623 2201
68 71 15434 1187
68 72 14104 1084
68 73 16987 1306
68 74 534 41
69 0 13232 1017
69 1 5881 452
69 2 11945 918
69 3 2842 218
69 4 17190 1322
69 5 7122 547
69 6 25531 1963
69 7 19094 1468
69 8 9189 706
69 9 18532 1425
69 10 28526 2194
69 11 6893 530
69 12 4933 379
69 13 9330 717
69 14 11985 921
69 15 4330 333
69 16 800 61
69 17 24063 1851
69 18 27984 2152
69 19 24650 1896
69 20 28191 2168
69 21 4823 371
69 22 6352 488
69 23 675 51
69 24 20327 1563
69 25 25587 1968
69 26 25734 1979
69 27 26164 2012
69 28 24102 1854
69 29 18198 1399
69 30 27322 2101
69 31 28078 2159
69 32 25149 1934
69 33 3408 262
69 34 6484 498
69 35 14092 1084
69 36 28556 2196
69 37 7016 539
69 38 19480 1498
69 39 12596 968
69 40 18101 1392
69 41 19866 1528
69 42 19442 1495
69 43 23110 1777
69 44 4909 377
69 45 19171 1474
69 46 19335 1487
69 47 10324 794
69 48 21620 1663
69 49 25044 1926
69 50 28593 2199
69 51 5536 425
69 52 11146 857
69 53 20044 1541
69 54 21719 1670
69 55 2513 193
69 56 23192 1784
69 57 6650 511
69 58 27124 2086
69 59 25293 1945
69 60 13407 1031
69 61 12255 942
69 62 27871 2143
69 63 5247 403
69 64 1786 137
69 65 26154 2011
69 66 1722 132
69 67 27686 2129
69 68 7092 545
69 69 0 0
69 70 11510 885
69 71 20478 1575
69 72 12003 923
69 73 24223 1863
69 74 21939 1687
70 0 14386 1106
70 1 27731 2133
70 2 10095 776
70 3 29845 2295
70 4 7301 561
70 5 1428 109
70 6 24288 1868
70 7 29005 2231
70 8 13747 1057
70 9 2290 176
70 10 9134 702
70 11 607 46
70 12 1431 110
70 13 1076 82
70 14 24095 1853
70 15 3484 268
70 16 15360 1181
70 17 6126 471
70 18 23439 1803
70 19 29464 2266
70 20 21871 1682
70 21 21357 1642
70 22 7863 604
70 23 5495 422
70 24 8384 644
70 25 27555 2119
70 26 16756 1288
70 27 13439 1033
70 28 12997 999
70 29 23249 1788
70 30 4909 377
70 31 29570 2274
70 32 20420 1570
70 33 20001 1538
70 34 7560 581
70 35 14844 1141
70 36 20290 1560
70 37 3615 278
70 38 8938 687
70 39 2621 201
70 40 9369 720
70 41 16978 1306
70 42 18474 1421
70 43 3954 304
70 44 19604 1508
70 45 13678 1052
70 46 25655 1973
70 47 15945 1226
70 48 26352 2027
70 49 24155 1858
70 50 23820 1832
70 51 2257 173
70 52 26651 2050
70 53 21770 1674
70 54 19148 1472
70 55 5474 421
70 56 17427 1340
70 57 15631 1202
70 58 29191 2245
70 59 24402 1877
70 60 7998 615
70 61 20818 1601
70 62 20150 1550
70 63 10764 828
70 64 25836 1987
70 65 16727 1286
70 66 12263 943
70 67 23750 1826
70 68 18541 1426
70 69 9124 701
70 70 0 0
70 71 3082 237
70 72 21493 1653
70 73 21377 1644
70 74 4590 353
71 0 29417 2262
71 1 14315 1101
71 2 29008 2231
71 3 13531 1040
71 4 20502 1577
71 5 25516 1962
71 6 14688 1129
71 7 15313 1177
71 8 23457 1804
71 9 21895 1684
71 10 4892 376
71 11 20675 1590
71 12 920 70
71 13 5550 426
71 14 12904 992
71 15 6170 474
71 16 24694 1899
71 17 6951 534
71 18 23006 1769
71 19 12497 961
71 20 8161 627
71 21 5348 411
71 22 21849 1680
71 23 2904 223
71 24 17249 1326
71 25 1773 136
71 26 2258 173
71 27 757 58
71 28 8924 686
71 29 14810 1139
71 30 16058 1235
71 31 19744 1518
71 32 1554 119
71 33 16864 1297
71 34 10739 826
71 35 12521 963
71 36 22894 1761
71 37 6644 511
71 38 16218 1247
71 39 25393 1953
71 40 14285 1098
71 41 4871 374
71 42 28235 2171
71 43 2715 208
71 44 17528 1348
71 45 24263 1866
71 46 5056 388
71 47 4535 348
71 48 18772 1444
71 49 24289 1868
71 50 6328 486
71 51 16852 1296
71 52 23630 1817
71 53 10880 836
71 54 28124 2163
71 55 22869 1759
71 56 13625 1048
71 57 21889 1683
71 58 24695 1899
71 59 10253 788
71 60 25761 1981
71 61 26382 2029
71 62 7954 611
71 63 29840 2295
71 64 20169 1551
71 65 28448 2188
71 66 15951 1227
71 67 1841 141
71 68 29721 2286
71 69 3144 241
71 70 4923 378
71 71 0 0
71 72 11972 920
71 73 986 75
71 74 20458 1573
72 0 14831 1140
72 1 5869 451
72 2 5981 460
72 3 18962 1458
72 4 3803 292
72 5 13325 1025
72 6 14513 1116
72 7 18324 1409
72 8 11951 919
72 9 28447 2188
72 10 19784 1521
72 11 18946 1457
72 12 19874 1528
72 13 22043 1695
72 14 12766 982
72 15 26631 2048
72 16 29183 2244
72 17 27918 2147
72 18 13879 1067
72 19 26142 2010
72 20 18883 1452
72 21 16090 1237
72 22 5742 441
72 23 21948 1688
72 24 24456 1881
72 25 21412 1647
72 26 3189 245
72 27 9946 765
72 28 19028 1463
72 29 22694 1745
72 30 13221 1017
72 31 13637 1049
72 32 8503 654
72 33 28534 2194
72 34 892 68
72 35 14498 1115
72 36 22200 1707
72 37 2943 226
72 38 12420 955
72 39 18595 1430
72 40 531 40
72 41 25389 1953
72 42 10781 829
72 43 16127 1240
72 44 22126 1702
72 45 10412 800
72 46 5565 428
72 47 28617 2201
72 48 12912 993
72 49 17463 1343
72 50 4843 372
72 51 21324 1640
72 52 16957 1304
72 53 19718 1516
72 54 6624 509
72 55 21992 1691
72 56 23618 1816
72 57 9630 740
72 58 29717 2285
72 59 16673 1282
72 60 13760 1058
72 61 24750 1903
72 62 17096 1315
72 63 4130 317
72 64 12926 994
72 65 15644 1203
72 66 997 76
72 67 29287 2252
72 68 25085 1929
72 69 24219 1863
72 70 10001 769
72 71 25718 1978
72 72 0 0
72 73 5595 430
72 74 11268 866
73 0 17409 1339
73 1 7518 578
73 2 19749 1519
73 3 323 24
73 4 15849 1219
73 5 25794 1984
73 6 12524 963
73 7 13952 1073
73 8 19173 1474
73 9 25439 1956
73 10 5054 388
73 11 8176 628
73 12 3806 292
73 13 21944 1688
73 14 21478 1652
73 15 25708 1977
73 16 23196 1784
73 17 5713 439
73 18 2371 182
73 19 10135 779
73 20 10319 793
73 21 8702 669
73 22 5855 450
73 23 26818 2062
73 24 9437 725
73 25 15718 1209
73 26 1812 139
73 27 26959 2073
73 28 6825 525
73 29 28828 2217
73 30 21081 1621
73 31 17258 1327
73 32 22548 1734
73 33 25612 1970
73 34 16178 1244
73 35 2225 171
73 36 232 17
73 37 6781 521
73 38 17125 1317
73 39 11947 919
73 40 17227 1325
73 41 17569 1351
73 42 4395 338
73 43 18738 1441
73 44 29407 2262
73 45 26560 2043
73 46 23755 1827
73 47 472 36
73 48 28897 2222
73 49 18247 1403
73 50 20454 1573
73 51 7540 580
73 52 10682 821
73 53 10240 787
73 54 17327 1332
73 55 26325 2025
73 56 2876 221
73 57 27115 2085
73 58 27874 2144
73 59 11443 880
73 60 12454 958
73 61 14228 1094
73 62 6508 500
73 63 5718 439
73 64 20180 1552
73 65 5609 431
73 66 22261 1712
73 67 17889 1376
73 68 8024 617
73 69 6723 517
73 70 958 73
73 71 1069 82
73 72 1043 80
73 73 0 0
73 74 7263 558
74 0 15281 1175
74 1 10175 782
74 2 21443 1649
74 3 20727 1594
74 4 20657 1589
74 5 4262 327
74 6 12858 989
74 7 19335 1487
74 8 464 35
74 9 27038 2079
74 10 16448 1265
74 11 3564 274
74 12 502 38
74 13 8997 692
74 14 2941 226
74 15 154 11
74 16 7625 586
74 17 23739 1826
74 18 14841 1141
74 19 3735 287
74 20 22348 1719
74 21 21197 1630
74 22 22260 1712
74 23 20118 1547
74 24 27826 2140
74 25 11523 886
74 26 265 20
74 27 22388 1722
74 28 2815 216
74 29 29391 2260
74 30 6942 534
74 31 29748 2288
74 32 4176 321
74 33 15120 1163
74 34 5671 436
74 35 23488 1806
74 36 10003 769
74 37 12189 937
74 38 21090 1622
74 39 26100 2007
74 40 183 14
74 41 28360 2181
74 42 3061 235
74 43 9885 760
74 44 18102 1392
74 45 16491 1268
74 46 21490 1653
74 47 24805 1908
74 48 19830 1525
74 49 912 70
74 50 9678 744
74 51 14306 1100
74 52 25864 1989
74 53 23322 1794
74 54 24787 1906
74 55 21062 1620
74 56 10294 791
74 57 15014 1154
74 58 12580 967
74 59 13003 1000
74 60 9244 711
74 61 6188 476
74 62 21807 1677
74 63 1290 99
74 64 8784 675
74 65 5389 414
74 66 8026 617
74 67 1488 114
74 68 18673 1436
74 69 4186 322
74 70 17196 1322
74 71 27267 2097
74 72 899 69
74 73 5962 458
74 74 0 0
