50
644 5992
991 5522
818 5413
883 8134
630 5721
1129 5173
720 9357
1057 7761
926 5427
1108 8201
815 6171
965 8273
646 6235
1135 8905
687 8404
1017 5271
652 5260
949 5536
729 6454
604 8618
648 8952
906 9476
740 9387
1149 6307
876 5481
646 5065
628 6819
900 9936
651 7162
787 5536
623 7308
613 5258
1005 6935
821 8659
702 7809
924 6771
1185 7445
895 5482
687 6739
958 6516
609 6718
802 8823
1119 8860
1164 8537
1089 7364
1105 7618
976 5348
1196 9435
1060 9948
1046 7027
0 0 0 0
0 1 10974 844
0 2 15478 1190
0 3 7671 590
0 4 22930 1763
0 5 7093 545
0 6 25957 1996
0 7 4613 354
0 8 21182 1629
0 9 25365 1951
0 10 23024 1771
0 11 29920 2301
0 12 27581 2121
0 13 16843 1295
0 14 2381 183
0 15 9740 749
0 16 12085 929
0 17 4905 377
0 18 3089 237
0 19 25497 1961
0 20 19041 1464
0 21 28995 2230
0 22 10229 786
0 23 1866 143
0 24 8052 619
0 25 21543 1657
0 26 6283 483
0 27 26779 2059
0 28 15173 1167
0 29 7981 613
0 30 11167 859
0 31 6508 500
0 32 13142 1010
0 33 3458 266
0 34 22277 1713
0 35 27628 2125
0 36 23603 1815
0 37 10497 807
0 38 20931 1610
0 39 26351 2027
0 40 17902 1377
0 41 12964 997
0 42 20247 1557
0 43 12709 977
0 44 15271 1174
0 45 1392 107
0 46 19400 1492
0 47 16703 1284
0 48 20424 1571
0 49 15682 1206
1 0 10977 844
1 1 0 0
1 2 6654 511
1 3 17406 1338
1 4 18072 1390
1 5 23870 1836
1 6 22960 1766
1 7 19321 1486
1 8 4514 347
1 9 25425 1955
1 10 3297 253
1 11 19534 1502
1 12 16966 1305
1 13 25166 1935
1 14 13319 1024
1 15 1281 98
1 16 12157 935
1 17 14274 1098
1 18 28090 2160
1 19 25090 1930
1 20 27468 2112
1 21 14214 1093
1 22 2716 208
1 23 27487 2114
1 24 17367 1335
1 25 24961 1920
1 26 19765 1520
1 27 22649 1742
1 28 26990 2076
1 29 20502 1577
1 30 2265 174
1 31 10550 811
1 32 25925 1994
1 33 19049 1465
1 34 247 19
1 35 347 26
1 36 11632 894
1 37 12351 950
1 38 22317 1716
1 39 15432 1187
1 40 21791 1676
1 41 17047 1311
1 42 4750 365
1 43 15656 1204
1 44 2794 214
1 45 10950 842
1 46 17704 1361
1 47 25999 1999
1 48 19093 1468
1 49 26381 2029
2 0 14659 1127
2 1 10582 814
2 2 0 0
2 3 505 38
2 4 8334 641
2 5 24421 1878
2 6 3984 306
2 7 12026 925
2 8 28754 2211
2 9 29671 2282
2 10 24005 1846
2 11 19066 1466
2 12 23024 1771
2 13 27583 2121
2 14 1258 96
2 15 13830 1063
2 16 4387 337
2 17 10144 780
2 18 27691 2130
2 19 14111 1085
2 20 14533 1117
2 21 23719 1824
2 22 29701 2284
2 23 7387 568
2 24 14308 1100
2 25 20560 1581
2 26 24998 1922
2 27 14876 1144
2 28 26345 2026
2 29 20643 1587
2 30 25131 1933
2 31 28121 2163
2 32 2246 172
2 33 24041 1849
2 34 5106 392
2 35 8738 672
2 36 11535 887
2 37 9378 721
2 38 6096 468
2 39 20755 1596
2 40 9332 717
2 41 20038 1541
2 42 13471 1036
2 43 5659 435
2 44 25930 1994
2 45 10994 845
2 46 27753 2134
2 47 20732 1594
2 48 29338 2256
2 49 28604 2200
3 0 10474 805
3 1 7972 613
3 2 10134 779
3 3 0 0
3 4 29686 2283
3 5 21081 1621
3 6 2711 208
3 7 22208 1708
3 8 6781 521
3 9 9214 708
3 10 21923 1686
3 11 11018 847
3 12 11924 917
3 13 5947 457
3 14 17813 1370
3 15 3930 302
3 16 29552 2273
3 17 23887 1837
3 18 29756 2288
3 19 23285 1791
3 20 6509 500
3 21 6095 468
3 22 2303 177
3 23 19588 1506
3 24 9967 766
3 25 17709 1362
3 26 7101 546
3 27 20351 1565
3 28 18960 1458
3 29 4101 315
3 30 19139 1472
3 31 13202 1015
3 32 24867 1912
3 33 23423 1801
3 34 4610 354
3 35 7569 582
3 36 25444 1957
3 37 14063 1081
3 38 668 51
3 39 11682 898
3 40 8038 618
3 41 7436 572
3 42 29740 2287
3 43 29827 2294
3 44 6651 511
3 45 19004 1461
3 46 11760 904
3 47 23503 1807
3 48 20956 1612
3 49 6029 463
4 0 21700 1669
4 1 7366 566
4 2 15923 1224
4 3 2000 153
4 4 0 0
4 5 14446 1111
4 6 29811 2293
4 7 19895 1530
4 8 10657 819
4 9 7125 548
4 10 8654 665
4 11 22074 1698
4 12 29523 2271
4 13 10283 791
4 14 2489 191
4 15 26037 2002
4 16 134 10
4 17 28299 2176
4 18 18959 1458
4 19 3744 288
4 20 8542 657
4 21 15400 1184
4 22 6536 502
4 23 10413 801
4 24 20855 1604
4 25 7354 565
4 26 14238 1095
4 27 2824 217
4 28 4044 311
4 29 29654 2281
4 30 26803 2061
4 31 7284 560
4 32 2557 196
4 33 25738 1979
4 34 19010 1462
4 35 7153 550
4 36 5529 425
4 37 6503 500
4 38 23299 1792
4 39 12941 995
4 40 25534 1964
4 41 29687 2283
4 42 19723 1517
4 43 26615 2047
4 44 8926 686
4 45 10513 808
4 46 9393 722
4 47 22114 1701
4 48 17579 1352
4 49 7269 559
5 0 10516 808
5 1 17816 1370
5 2 564 43
5 3 3089 237
5 4 19583 1506
5 5 0 0
5 6 24863 1912
5 7 21183 1629
5 8 29660 2281
5 9 6085 468
5 10 13204 1015
5 11 7375 567
5 12 19902 1530
5 13 22954 1765
5 14 20863 1604
5 15 11876 913
5 16 10271 790
5 17 21437 1649
5 18 11526 886
5 19 13458 1035
5 20 13722 1055
5 21 14479 1113
5 22 21350 1642
5 23 26738 2056
5 24 23773 1828
5 25 13278 1021
5 26 24559 1889
5 27 24901 1915
5 28 29649 2280
5 29 25223 1940
5 30 21107 1623
5 31 20502 1577
5 32 6707 515
5 33 22562 1735
5 34 13701 1053
5 35 6343 487
5 36 8844 680
5 37 5677 436
5 38 22554 1734
5 39 14496 1115
5 40 7651 588
5 41 18021 1386
5 42 24305 1869
5 43 22390 1722
5 44 21326 1640
5 45 14134 1087
5 46 19685 1514
5 47 12935 995
5 48 20987 1614
5 49 26062 2004
6 0 26576 2044
6 1 11459 881
6 2 5735 441
6 3 786 60
6 4 18363 1412
6 5 12280 944
6 6 0 0
6 7 11014 847
6 8 10995 845
6 9 13518 1039
6 10 1179 90
6 11 16715 1285
6 12 1762 135
6 13 13627 1048
6 14 17989 1383
6 15 4062 312
6 16 8133 625
6 17 10232 787
6 18 14651 1127
6 19 28759 2212
6 20 13521 1040
6 21 6302 484
6 22 15324 1178
6 23 25952 1996
6 24 23126 1778
6 25 3289 253
6 26 11855 911
6 27 17616 1355
6 28 1466 112
6 29 18149 1396
6 30 11183 860
6 31 21302 1638
6 32 13585 1045
6 33 4893 376
6 34 28714 2208
6 35 17357 1335
6 36 25560 1966
6 37 22140 1703
6 38 13348 1026
6 39 13783 1060
6 40 11477 882
6 41 827 63
6 42 29668 2282
6 43 9957 765
6 44 23282 1790
6 45 11312 870
6 46 20589 1583
6 47 3830 294
6 48 16842 1295
6 49 27788 2137
7 0 2551 196
7 1 21964 1689
7 2 13980 1075
7 3 17796 1368
7 4 6524 501
7 5 7333 564
7 6 628 48
7 7 0 0
7 8 12295 945
7 9 23732 1825
7 10 24910 1916
7 11 14555 1119
7 12 10808 831
7 13 29514 2270
7 14 21796 1676
7 15 28467 2189
7 16 14060 1081
7 17 17279 1329
7 18 17194 1322
7 19 1017 78
7 20 7393 568
7 21 3509 269
7 22 3336 256
7 23 19598 1507
7 24 25628 1971
7 25 2101 161
7 26 29180 2244
7 27 26319 2024
7 28 8600 661
7 29 3021 232
7 30 3061 235
7 31 12223 940
7 32 5213 401
7 33 7666 589
7 34 8891 683
7 35 11341 872
7 36 4195 322
7 37 8339 641
7 38 25199 1938
7 39 4787 368
7 40 5103 392
7 41 29051 2234
7 42 8941 687
7 43 6400 492
7 44 12948 996
7 45 7805 600
7 46 19384 1491
7 47 13672 1051
7 48 12850 988
7 49 4419 339
8 0 6369 489
8 1 7590 583
8 2 13151 1011
8 3 19393 1491
8 4 28643 2203
8 5 2074 159
8 6 23989 1845
8 7 9729 748
8 8 0 0
8 9 13287 1022
8 10 14937 1149
8 11 24080 1852
8 12 26311 2023
8 13 26566 2043
8 14 11374 874
8 15 12706 977
8 16 2101 161
8 17 1006 77
8 18 22520 1732
8 19 12162 935
8 20 23178 1782
8 21 2758 212
8 22 9103 700
8 23 24836 1910
8 24 23648 1819
8 25 6711 516
8 26 3478 267
8 27 24544 1888
8 28 22503 1731
8 29 28294 2176
8 30 7001 538
8 31 22122 1701
8 32 24023 1847
8 33 2409 185
8 34 11007 846
8 35 13003 1000
8 36 16385 1260
8 37 25380 1952
8 38 5831 448
8 39 3110 239
8 40 24154 1858
8 41 28045 2157
8 42 27007 2077
8 43 15952 1227
8 44 5912 454
8 45 29963 2304
8 46 15333 1179
8 47 14450 1111
8 48 7985 614
8 49 19314 1485
9 0 21743 1672
9 1 28333 2179
9 2 27941 2149
9 3 7891 607
9 4 7465 574
9 5 9058 696
9 6 7802 600
9 7 10210 785
9 8 3542 272
9 9 0 0
9 10 20523 1578
9 11 19239 1479
9 12 18142 1395
9 13 27789 2137
9 14 12981 998
9 15 8021 617
9 16 8771 674
9 17 5998 461
9 18 26846 2065
9 19 12339 949
9 20 22014 1693
9 21 9327 717
9 22 10244 788
9 23 23980 1844
9 24 16103 1238
9 25 20083 1544
9 26 28652 2204
9 27 25707 1977
9 28 1080 83
9 29 19472 1497
9 30 7148 549
9 31 26035 2002
9 32 20444 1572
9 33 28259 2173
9 34 7710 593
9 35 16701 1284
9 36 2134 164
9 37 28198 2169
9 38 8290 637
9 39 7552 580
9 40 18356 1412
9 41 8450 650
9 42 4161 320
9 43 27560 2120
9 44 3624 278
9 45 21968 1689
9 46 10814 831
9 47 5872 451
9 48 28771 2213
9 49 7961 612
10 0 15095 1161
10 1 7119 547
10 2 14748 1134
10 3 14923 1147
10 4 22553 1734
10 5 23356 1796
10 6 13368 1028
10 7 7412 570
10 8 27263 2097
10 9 7892 607
10 10 0 0
10 11 16754 1288
10 12 13304 1023
10 13 2738 210
10 14 14678 1129
10 15 17478 1344
10 16 5871 451
10 17 23794 1830
10 18 9474 728
10 19 11363 874
10 20 16901 1300
10 21 9912 762
10 22 6629 509
10 23 16427 1263
10 24 18168 1397
10 25 14619 1124
10 26 15083 1160
10 27 5899 453
10 28 27987 2152
10 29 24384 1875
10 30 24028 1848
10 31 9241 710
10 32 10494 807
10 33 13540 1041
10 34 27342 2103
10 35 1189 91
10 36 10918 839
10 37 14330 1102
10 38 9437 725
10 39 28957 2227
10 40 23848 1834
10 41 22516 1732
10 42 8211 631
10 43 3568 274
10 44 19512 1500
10 45 25044 1926
10 46 9924 763
10 47 17284 1329
10 48 6294 484
10 49 18002 1384
11 0 18263 1404
11 1 5770 443
11 2 28555 2196
11 3 4937 379
11 4 2376 182
11 5 3159 243
11 6 23087 1775
11 7 16122 1240
11 8 27634 2125
11 9 18907 1454
11 10 11471 882
11 11 0 0
11 12 20251 1557
11 13 24291 1868
11 14 24180 1860
11 15 522 40
11 16 17069 1313
11 17 24375 1875
11 18 28750 2211
11 19 4019 309
11 20 23903 1838
11 21 1564 120
11 22 28327 2179
11 23 967 74
11 24 15807 1215
11 25 24229 1863
11 26 18645 1434
11 27 20313 1562
11 28 17808 1369
11 29 14208 1092
11 30 2255 173
11 31 5276 405
11 32 19904 1531
11 33 10371 797
11 34 15004 1154
11 35 11205 861
11 36 24258 1866
11 37 27048 2080
11 38 29251 2250
11 39 991 76
11 40 17204 1323
11 41 7677 590
11 42 1418 109
11 43 13289 1022
11 44 16005 1231
11 45 23574 1813
11 46 21246 1634
11 47 12508 962
11 48 27660 2127
11 49 27350 2103
12 0 3797 292
12 1 20292 1560
12 2 8730 671
12 3 15833 1217
12 4 6643 511
12 5 23718 1824
12 6 2114 162
12 7 10246 788
12 8 14553 1119
12 9 23636 1818
12 10 26353 2027
12 11 20997 1615
12 12 0 0
12 13 20119 1547
12 14 17922 1378
12 15 16693 1284
12 16 6069 466
12 17 22120 1701
12 18 20624 1586
12 19 21022 1617
12 20 28168 2166
12 21 8779 675
12 22 24707 1900
12 23 1503 115
12 24 14227 1094
12 25 4608 354
12 26 1505 115
12 27 8657 665
12 28 11935 918
12 29 24872 1913
12 30 18316 1408
12 31 22426 1725
12 32 17670 1359
12 33 27327 2102
12 34 26678 2052
12 35 21793 1676
12 36 13556 1042
12 37 12383 952
12 38 879 67
12 39 1349 103
12 40 9176 705
12 41 13565 1043
12 42 2771 213
12 43 15761 1212
12 44 5489 422
12 45 3675 282
12 46 10158 781
12 47 23057 1773
12 48 7413 570
12 49 277 21
13 0 14906 1146
13 1 11988 922
13 2 20800 1600
13 3 7072 544
13 4 3514 270
13 5 27000 2076
13 6 22420 1724
13 7 20485 1575
13 8 21134 1625
13 9 16631 1279
13 10 12518 962
13 11 9552 734
13 12 11118 855
13 13 0 0
13 14 11033 848
13 15 22457 1727
13 16 10185 783
13 17 13196 1015
13 18 15132 1164
13 19 1034 79
13 20 15176 1167
13 21 29691 2283
13 22 24466 1882
13 23 25128 1932
13 24 20810 1600
13 25 29082 2237
13 26 14874 1144
13 27 3417 262
13 28 818 62
13 29 10416 801
13 30 1432 110
13 31 3175 244
13 32 19610 1508
13 33 17299 1330
13 34 26500 2038
13 35 7912 608
13 36 9048 696
13 37 15942 1226
13 38 12282 944
13 39 13386 1029
13 40 17101 1315
13 41 28070 2159
13 42 26287 2022
13 43 8323 640
13 44 24842 1910
13 45 17815 1370
13 46 18049 1388
13 47 3591 276
13 48 29247 2249
13 49 21578 1659
14 0 15988 1229
14 1 29115 2239
14 2 28823 2217
14 3 12053 927
14 4 25665 1974
14 5 4229 325
14 6 29135 2241
14 7 5603 431
14 8 4599 353
14 9 25965 1997
14 10 2883 221
14 11 29732 2287
14 12 17161 1320
14 13 16896 1299
14 14 0 0
14 15 315 24
14 16 17601 1353
14 17 1655 127
14 18 19231 1479
14 19 8272 636
14 20 27088 2083
14 21 26335 2025
14 22 10527 809
14 23 6119 470
14 24 3253 250
14 25 7464 574
14 26 5077 390
14 27 7866 605
14 28 9025 694
14 29 4340 333
14 30 9336 718
14 31 966 74
14 32 178 13
14 33 8504 654
14 34 890 68
14 35 11602 892
14 36 21414 1647
14 37 4849 373
14 38 28303 2177
14 39 11951 919
14 40 2825 217
14 41 15540 1195
14 42 836 64
14 43 5043 387
14 44 27965 2151
14 45 12953 996
14 46 25848 1988
14 47 11461 881
14 48 18863 1451
14 49 2584 198
15 0 15277 1175
15 1 20395 1568
15 2 25968 1997
15 3 4382 337
15 4 16299 1253
15 5 18731 1440
15 6 24283 1867
15 7 6654 511
15 8 12779 983
15 9 24585 1891
15 10 24387 1875
15 11 8547 657
15 12 26633 2048
15 13 17444 1341
15 14 2730 210
15 15 0 0
15 16 16785 1291
15 17 11101 853
15 18 24849 1911
15 19 8059 619
15 20 27499 2115
15 21 14783 1137
15 22 1093 84
15 23 4532 348
15 24 20309 1562
15 25 14102 1084
15 26 1667 128
15 27 444 34
15 28 17200 1323
15 29 24274 1867
15 30 29886 2298
15 31 18477 1421
15 32 25106 1931
15 33 2021 155
15 34 2281 175
15 35 29025 2232
15 36 24966 1920
15 37 12943 995
15 38 25043 1926
15 39 28136 2164
15 40 28978 2229
15 41 22423 1724
15 42 14162 1089
15 43 25171 1936
15 44 25447 1957
15 45 9905 761
15 46 17817 1370
15 47 18804 1446
15 48 6628 509
15 49 24594 1891
16 0 18928 1456
16 1 6379 490
16 2 19742 1518
16 3 9563 735
16 4 2121 163
16 5 17763 1366
16 6 13684 1052
16 7 23723 1824
16 8 28005 2154
16 9 25230 1940
16 10 24488 1883
16 11 8698 669
16 12 28146 2165
16 13 3506 269
16 14 5695 438
16 15 10255 788
16 16 0 0
16 17 5580 429
16 18 29396 2261
16 19 2159 166
16 20 11815 908
16 21 7929 609
16 22 14248 1096
16 23 13542 1041
16 24 29501 2269
16 25 11665 897
16 26 25436 1956
16 27 19102 1469
16 28 8500 653
16 29 22987 1768
16 30 2085 160
16 31 20766 1597
16 32 24430 1879
16 33 13909 1069
16 34 14452 1111
16 35 2620 201
16 36 10752 827
16 37 7077 544
16 38 531 40
16 39 2358 181
16 40 18317 1409
16 41 7721 593
16 42 18855 1450
16 43 13741 1057
16 44 11971 920
16 45 12260 943
16 46 25302 1946
16 47 22365 1720
16 48 11453 881
16 49 19519 1501
17 0 5432 417
17 1 16849 1296
17 2 29194 2245
17 3 12717 978
17 4 12691 976
17 5 920 70
17 6 23948 1842
17 7 5207 400
17 8 23765 1828
17 9 11631 894
17 10 8977 690
17 11 10286 791
17 12 13174 1013
17 13 22849 1757
17 14 18479 1421
17 15 25325 1948
17 16 27723 2132
17 17 0 0
17 18 29125 2240
17 19 26042 2003
17 20 25984 1998
17 21 10088 776
17 22 2038 156
17 23 9216 708
17 24 6253 481
17 25 23495 1807
17 26 1143 87
17 27 29279 2252
17 28 16231 1248
17 29 13890 1068
17 30 9001 692
17 31 5250 403
17 32 24156 1858
17 33 21677 1667
17 34 18686 1437
17 35 22249 1711
17 36 6571 505
17 37 1334 102
17 38 14218 1093
17 39 18733 1441
17 40 3602 277
17 41 22504 1731
17 42 24685 1898
17 43 12009 923
17 44 2269 174
17 45 4445 341
17 46 19847 1526
17 47 24993 1922
17 48 11157 858
17 49 13426 1032
18 0 8262 635
18 1 25414 1954
18 2 15313 1177
18 3 24110 1854
18 4 14365 1105
18 5 28538 2195
18 6 20717 1593
18 7 24781 1906
18 8 28571 2197
18 9 21691 1668
18 10 11466 882
18 11 10071 774
18 12 18934 1456
18 13 417 32
18 14 26959 2073
18 15 11645 895
18 16 6833 525
18 17 18526 1425
18 18 0 0
18 19 12465 958
18 20 1426 109
18 21 27019 2078
18 22 27540 2118
18 23 18664 1435
18 24 1883 144
18 25 7335 564
18 26 1709 131
18 27 26023 2001
18 28 7025 540
18 29 10108 777
18 30 15138 1164
18 31 4610 354
18 32 283 21
18 33 3334 256
18 34 16617 1278
18 35 10471 805
18 36 277 21
18 37 13159 1012
18 38 17305 1331
18 39 3926 302
18 40 21800 1676
18 41 13718 1055
18 42 20833 1602
18 43 18689 1437
18 44 23870 1836
18 45 2467 189
18 46 19129 1471
18 47 3919 301
18 48 24947 1919
18 49 19125 1471
19 0 779 59
19 1 19294 1484
19 2 18262 1404
19 3 26008 2000
19 4 17759 1366
19 5 23981 1844
19 6 4535 348
19 7 15581 1198
19 8 20823 1601
19 9 3778 290
19 10 631 48
19 11 18776 1444
19 12 4293 330
19 13 29561 2273
19 14 25286 1945
19 15 24888 1914
19 16 12765 981
19 17 27456 2112
19 18 17690 1360
19 19 0 0
19 20 8683 667
19 21 11015 847
19 22 657 50
19 23 27281 2098
19 24 19256 1481
19 25 9933 764
19 26 9352 719
19 27 22516 1732
19 28 17331 1333
19 29 16348 1257
19 30 24326 1871
19 31 10330 794
19 32 14844 1141
19 33 13336 1025
19 34 21847 1680
19 35 29480 2267
19 36 364 28
19 37 182 14
19 38 8047 619
19 39 15079 1159
19 40 3251 250
19 41 5773 444
19 42 27331 2102
19 43 24436 1879
19 44 27550 2119
19 45 23384 1798
19 46 11578 890
19 47 25174 1936
19 48 23943 1841
19 49 452 34
20 0 15812 1216
20 1 14862 1143
20 2 15801 1215
20 3 26144 2011
20 4 14309 1100
20 5 18839 1449
20 6 22205 1708
20 7 28742 2210
20 8 14571 1120
20 9 27387 2106
20 10 14359 1104
20 11 18842 1449
20 12 17455 1342
20 13 16169 1243
20 14 18532 1425
20 15 15642 1203
20 16 22256 1712
20 17 24725 1901
20 18 6987 537
20 19 8183 629
20 20 0 0
20 21 17241 1326
20 22 29230 2248
20 23 25456 1958
20 24 29861 2297
20 25 10878 836
20 26 2894 222
20 27 24955 1919
20 28 22997 1769
20 29 7911 608
20 30 2086 160
20 31 28580 2198
20 32 14827 1140
20 33 20301 1561
20 34 26052 2004
20 35 9427 725
20 36 18303 1407
20 37 2535 195
20 38 19024 1463
20 39 1390 106
20 40 10746 826
20 41 5883 452
20 42 18428 1417
20 43 22270 1713
20 44 17668 1359
20 45 26073 2005
20 46 10989 845
20 47 18479 1421
20 48 11747 903
20 49 10119 778
21 0 6742 518
21 1 17224 1324
21 2 21848 1680
21 3 1423 109
21 4 21340 1641
21 5 21256 1635
21 6 5968 459
21 7 9016 693
21 8 21342 1641
21 9 6362 489
21 10 26832 2064
21 11 9040 695
21 12 17271 1328
21 13 23320 1793
21 14 22243 1711
21 15 29121 2240
21 16 23650 1819
21 17 25550 1965
21 18 10375 798
21 19 22178 1706
21 20 16893 1299
21 21 0 0
21 22 15697 1207
21 23 23923 1840
21 24 17307 1331
21 25 10581 813
21 26 28315 2178
21 27 29363 2258
21 28 13245 1018
21 29 24110 1854
21 30 18454 1419
21 31 15053 1157
21 32 13442 1034
21 33 10292 791
21 34 7287 560
21 35 6088 468
21 36 26919 2070
21 37 9310 716
21 38 9174 705
21 39 10906 838
21 40 16597 1276
21 41 12844 988
21 42 24305 1869
21 43 12651 973
21 44 24911 1916
21 45 18901 1453
21 46 11764 904
21 47 3232 248
21 48 15830 1217
21 49 2920 224
22 0 164 12
22 1 24297 1869
22 2 9500 730
22 3 16701 1284
22 4 910 70
22 5 7277 559
22 6 26445 2034
22 7 18967 1459
22 8 17604 1354
22 9 11068 851
22 10 18502 1423
22 11 24613 1893
22 12 29707 2285
22 13 27390 2106
22 14 16572 1274
22 15 26101 2007
22 16 7041 541
22 17 23027 1771
22 18 1263 97
22 19 24318 1870
22 20 13275 1021
22 21 20096 1545
22 22 0 0
22 23 20343 1564
22 24 14364 1104
22 25 15600 1200
22 26 2116 162
22 27 25624 1971
22 28 27997 2153
22 29 9462 727
22 30 10307 792
22 31 8373 644
22 32 11421 878
22 33 8180 629
22 34 28773 2213
22 35 2297 176
22 36 11774 905
22 37 9795 753
22 38 22295 1715
22 39 11420 878
22 40 1778 136
22 41 12305 946
22 42 6029 463
22 43 26829 2063
22 44 29742 2287
22 45 26460 2035
22 46 18962 1458
22 47 7934 610
22 48 5520 424
22 49 9150 703
23 0 10671 820
23 1 26179 2013
23 2 20192 1553
23 3 24843 1911
23 4 27696 2130
23 5 4677 359
23 6 27955 2150
23 7 2519 193
23 8 15574 1198
23 9 17234 1325
23 10 21186 1629
23 11 17141 1318
23 12 11183 860
23 13 29117 2239
23 14 2283 175
23 15 16881 1298
23 16 17106 1315
23 17 18131 1394
23 18 11264 866
23 19 5661 435
23 20 29362 2258
23 21 10035 771
23 22 24849 1911
23 23 0 0
23 24 11603 892
23 25 19597 1507
23 26 25052 1927
23 27 15679 1206
23 28 26709 2054
23 29 21303 1638
23 30 7010 539
23 31 7783 598
23 32 21025 1617
23 33 8254 634
23 34 29549 2273
23 35 20752 1596
23 36 3320 255
23 37 22839 1756
23 38 5113 393
23 39 27948 2149
23 40 21459 1650
23 41 28810 2216
23 42 5857 450
23 43 11468 882
23 44 11459 881
23 45 5935 456
23 46 12091 930
23 47 11263 866
23 48 14050 1080
23 49 10417 801
24 0 27267 2097
24 1 11699 899
24 2 11543 887
24 3 25249 1942
24 4 18414 1416
24 5 2584 198
24 6 27695 2130
24 7 18097 1392
24 8 14264 1097
24 9 4832 371
24 10 7353 565
24 11 9073 697
24 12 28127 2163
24 13 17950 1380
24 14 14144 1088
24 15 24383 1875
24 16 27989 2153
24 17 5378 413
24 18 13346 1026
24 19 10906 838
24 20 19983 1537
24 21 22165 1705
24 22 25514 1962
24 23 5701 438
24 24 0 0
24 25 19254 1481
24 26 28462 2189
24 27 16205 1246
24 28 26044 2003
24 29 13608 1046
24 30 9507 731
24 31 496 38
24 32 27216 2093
24 33 25204 1938
24 34 13538 1041
24 35 10619 816
24 36 11810 908
24 37 2901 223
24 38 7805 600
24 39 11465 881
24 40 20050 1542
24 41 11636 895
24 42 6665 512
24 43 14503 1115
24 44 11791 907
24 45 8842 680
24 46 5318 409
24 47 20149 1549
24 48 3513 270
24 49 24950 1919
25 0 25979 1998
25 1 18592 1430
25 2 11431 879
25 3 14860 1143
25 4 15560 1196
25 5 27190 2091
25 6 29761 2289
25 7 25722 1978
25 8 8151 627
25 9 10042 772
25 10 26491 2037
25 11 21921 1686
25 12 23074 1774
25 13 21421 1647
25 14 8692 668
25 15 4465 343
25 16 15208 1169
25 17 5013 385
25 18 15973 1228
25 19 2767 212
25 20 27426 2109
25 21 8719 670
25 22 6809 523
25 23 7736 595
25 24 19172 1474
25 25 0 0
25 26 16582 1275
25 27 20770 1597
25 28 28720 2209
25 29 16826 1294
25 30 8473 651
25 31 22526 1732
25 32 23106 1777
25 33 29304 2254
25 34 22788 1752
25 35 22712 1747
25 36 9435 725
25 37 13906 1069
25 38 24354 1873
25 39 19975 1536
25 40 12359 950
25 41 22425 1725
25 42 25443 1957
25 43 845 65
25 44 16753 1288
25 45 23628 1817
25 46 22360 1720
25 47 20390 1568
25 48 5203 400
25 49 5191 399
26 0 4221 324
26 1 19528 1502
26 2 20140 1549
26 3 19585 1506
26 4 22717 1747
26 5 11692 899
26 6 20698 1592
26 7 17286 1329
26 8 8857 681
26 9 29729 2286
26 10 3000 230
26 11 5664 435
26 12 28598 2199
26 13 9248 711
26 14 3699 284
26 15 4702 361
26 16 29694 2284
26 17 8116 624
26 18 25385 1952
26 19 12363 951
26 20 4413 339
26 21 6871 528
26 22 25559 1966
26 23 20628 1586
26 24 22902 1761
26 25 2163 166
26 26 0 0
26 27 18364 1412
26 28 7617 585
26 29 10175 782
26 30 4224 324
26 31 29753 2288
26 32 11140 856
26 33 18550 1426
26 34 28556 2196
26 35 7709 593
26 36 5720 440
26 37 10573 813
26 38 28236 2172
26 39 13058 1004
26 40 1072 82
26 41 27464 2112
26 42 15492 1191
26 43 1947 149
26 44 3992 307
26 45 16476 1267
26 46 24242 1864
26 47 25763 1981
26 48 7845 603
26 49 16192 1245
27 0 16599 1276
27 1 9470 728
27 2 21683 1667
27 3 20966 1612
27 4 22439 1726
27 5 23944 1841
27 6 27942 2149
27 7 10291 791
27 8 3690 283
27 9 14342 1103
27 10 4126 317
27 11 5725 440
27 12 23797 1830
27 13 22975 1767
27 14 11651 896
27 15 7771 597
27 16 3498 269
27 17 7626 586
27 18 14457 1112
27 19 22468 1728
27 20 11021 847
27 21 22685 1745
27 22 11344 872
27 23 28534 2194
27 24 4317 332
27 25 17622 1355
27 26 22895 1761
27 27 0 0
27 28 8266 635
27 29 16258 1250
27 30 21451 1650
27 31 137 10
27 32 22729 1748
27 33 21820 1678
27 34 791 60
27 35 15382 1183
27 36 11776 905
27 37 12016 924
27 38 29212 2247
27 39 5029 386
27 40 20752 1596
27 41 17700 1361
27 42 25879 1990
27 43 20458 1573
27 44 24853 1911
27 45 524 40
27 46 14501 1115
27 47 26554 2042
27 48 20213 1554
27 49 17570 1351
28 0 15917 1224
28 1 1791 137
28 2 23917 1839
28 3 26109 2008
28 4 22136 1702
28 5 9804 754
28 6 3864 297
28 7 14727 1132
28 8 24952 1919
28 9 12677 975
28 10 26266 2020
28 11 11424 878
28 12 6055 465
28 13 26691 2053
28 14 3898 299
28 15 28821 2217
28 16 4151 319
28 17 20212 1554
28 18 17792 1368
28 19 25517 1962
28 20 17277 1329
28 21 17128 1317
28 22 4324 332
28 23 10639 818
28 24 28604 2200
28 25 1873 144
28 26 29659 2281
28 27 15151 1165
28 28 0 0
28 29 15887 1222
28 30 9997 769
28 31 29212 2247
28 32 21800 1676
28 33 16467 1266
28 34 20311 1562
28 35 11813 908
28 36 27437 2110
28 37 22784 1752
28 38 21627 1663
28 39 29756 2288
28 40 22606 1738
28 41 24195 1861
28 42 1390 106
28 43 12676 975
28 44 15998 1230
28 45 20656 1588
28 46 3298 253
28 47 19002 1461
28 48 20552 1580
28 49 28232 2171
29 0 13886 1068
29 1 9511 731
29 2 14589 1122
29 3 6059 466
29 4 12327 948
29 5 15973 1228
29 6 1571 120
29 7 5965 458
29 8 850 65
29 9 7826 602
29 10 1229 94
29 11 12835 987
29 12 12456 958
29 13 15102 1161
29 14 23774 1828
29 15 13068 1005
29 16 29201 2246
29 17 9755 750
29 18 11700 900
29 19 24286 1868
29 20 12741 980
29 21 20082 1544
29 22 13689 1053
29 23 8414 647
29 24 15163 1166
29 25 13797 1061
29 26 1575 121
29 27 5387 414
29 28 1404 108
29 29 0 0
29 30 23384 1798
29 31 12183 937
29 32 13921 1070
29 33 19824 1524
29 34 7801 600
29 35 7848 603
29 36 20392 1568
29 37 5153 396
29 38 28442 2187
29 39 7200 553
29 40 21329 1640
29 41 26453 2034
29 42 1790 137
29 43 5976 459
29 44 4623 355
29 45 11231 863
29 46 25569 1966
29 47 1679 129
29 48 29459 2266
29 49 20103 1546
30 0 25663 1974
30 1 10889 837
30 2 29459 2266
30 3 27233 2094
30 4 27966 2151
30 5 1733 133
30 6 26411 2031
30 7 2883 221
30 8 7186 552
30 9 5556 427
30 10 143 11
30 11 21395 1645
30 12 11095 853
30 13 15264 1174
30 14 16402 1261
30 15 15518 1193
30 16 15547 1195
30 17 1490 114
30 18 29347 2257
30 19 17604 1354
30 20 12675 975
30 21 28391 2183
30 22 11217 862
30 23 24327 1871
30 24 24739 1903
30 25 20871 1605
30 26 793 61
30 27 13632 1048
30 28 17836 1372
30 29 20184 1552
30 30 0 0
30 31 16914 1301
30 32 18305 1408
30 33 29737 2287
30 34 13170 1013
30 35 8172 628
30 36 2171 167
30 37 4388 337
30 38 4724 363
30 39 23291 1791
30 40 5233 402
30 41 16396 1261
30 42 22653 1742
30 43 7291 560
30 44 29550 2273
30 45 3697 284
30 46 8657 665
30 47 22500 1730
30 48 23839 1833
30 49 18785 1445
31 0 5207 400
31 1 12250 942
31 2 21778 1675
31 3 29593 2276
31 4 24470 1882
31 5 16878 1298
31 6 24947 1919
31 7 15859 1219
31 8 21028 1617
31 9 12747 980
31 10 28407 2185
31 11 295 22
31 12 23884 1837
31 13 10551 811
31 14 9399 723
31 15 27141 2087
31 16 4326 332
31 17 16854 1296
31 18 5714 439
31 19 242 18
31 20 16255 1250
31 21 2656 204
31 22 16525 1271
31 23 10914 839
31 24 12954 996
31 25 25803 1984
31 26 21139 1626
31 27 14793 1137
31 28 3047 234
31 29 26866 2066
31 30 468 36
31 31 0 0
31 32 1905 146
31 33 9781 752
31 34 4128 317
31 35 6135 471
31 36 21942 1687
31 37 5887 452
31 38 12141 933
31 39 26226 2017
31 40 6883 529
31 41 1017 78
31 42 26636 2048
31 43 1763 135
31 44 25255 1942
31 45 5737 441
31 46 15797 1215
31 47 5003 384
31 48 20552 1580
31 49 2111 162
32 0 14349 1103
32 1 2099 161
32 2 6096 468
32 3 9909 762
32 4 17773 1367
32 5 27491 2114
32 6 6504 500
32 7 15135 1164
32 8 23418 1801
32 9 16831 1294
32 10 1058 81
32 11 3869 297
32 12 29529 2271
32 13 13888 1068
32 14 9553 734
32 15 10821 832
32 16 24527 1886
32 17 28876 2221
32 18 1564 120
32 19 29503 2269
32 20 1969 151
32 21 12542 964
32 22 21228 1632
32 23 26123 2009
32 24 21332 1640
32 25 3852 296
32 26 14449 1111
32 27 10380 798
32 28 12842 987
32 29 25331 1948
32 30 1434 110
32 31 16846 1295
32 32 0 0
32 33 10840 833
32 34 15783 1214
32 35 7407 569
32 36 15134 1164
32 37 20837 1602
32 38 10210 785
32 39 9593 737
32 40 24970 1920
32 41 23188 1783
32 42 3467 266
32 43 15979 1229
32 44 24535 1887
32 45 22524 1732
32 46 14850 1142
32 47 17741 1364
32 48 15436 1187
32 49 26675 2051
33 0 22157 1704
33 1 2722 209
33 2 12176 936
33 3 28069 2159
33 4 7526 578
33 5 21822 1678
33 6 7429 571
33 7 29098 2238
33 8 12558 966
33 9 23663 1820
33 10 4634 356
33 11 17295 1330
33 12 24310 1870
33 13 3855 296
33 14 27617 2124
33 15 26721 2055
33 16 8612 662
33 17 18664 1435
33 18 18196 1399
33 19 20418 1570
33 20 4172 320
33 21 21909 1685
33 22 27496 2115
33 23 11590 891
33 24 11230 863
33 25 11039 849
33 26 1058 81
33 27 21041 1618
33 28 15040 1156
33 29 23956 1842
33 30 26842 2064
33 31 20804 1600
33 32 18460 1420
33 33 0 0
33 34 12968 997
33 35 14857 1142
33 36 14934 1148
33 37 1658 127
33 38 17101 1315
33 39 6250 480
33 40 6086 468
33 41 20546 1580
33 42 2914 224
33 43 15286 1175
33 44 20701 1592
33 45 9314 716
33 46 24336 1872
33 47 17796 1368
33 48 14493 1114
33 49 25521 1963
34 0 8987 691
34 1 22095 1699
34 2 1169 89
34 3 16530 1271
34 4 6799 523
34 5 5251 403
34 6 4385 337
34 7 21576 1659
34 8 28938 2226
34 9 2014 154
34 10 13453 1034
34 11 20719 1593
34 12 7405 569
34 13 1636 125
34 14 8781 675
34 15 13747 1057
34 16 18478 1421
34 17 26697 2053
34 18 28112 2162
34 19 22430 1725
34 20 26840 2064
34 21 25741 1980
34 22 28357 2181
34 23 3188 245
34 24 12883 991
34 25 8783 675
34 26 5063 389
34 27 12784 983
34 28 22332 1717
34 29 17002 1307
34 30 5649 434
34 31 1473 113
34 32 9763 751
34 33 6053 465
34 34 0 0
34 35 5484 421
34 36 26217 2016
34 37 28514 2193
34 38 29200 2246
34 39 6343 487
34 40 12257 942
34 41 23323 1794
34 42 21578 1659
34 43 3137 241
34 44 8087 622
34 45 25506 1962
34 46 1686 129
34 47 12629 971
34 48 200 15
34 49 11923 917
35 0 16856 1296
35 1 7397 569
35 2 20557 1581
35 3 22551 1734
35 4 15623 1201
35 5 22475 1728
35 6 11181 860
35 7 1202 92
35 8 12144 934
35 9 18708 1439
35 10 23609 1816
35 11 24392 1876
35 12 26130 2010
35 13 6139 472
35 14 4119 316
35 15 18449 1419
35 16 2494 191
35 17 20139 1549
35 18 6802 523
35 19 4916 378
35 20 8917 685
35 21 2072 159
35 22 16828 1294
35 23 12779 983
35 24 27882 2144
35 25 8919 686
35 26 19539 1503
35 27 6390 491
35 28 26350 2026
35 29 7667 589
35 30 16057 1235
35 31 1932 148
35 32 24785 1906
35 33 1368 105
35 34 10776 828
35 35 0 0
35 36 7425 571
35 37 10049 773
35 38 27177 2090
35 39 29224 2248
35 40 17412 1339
35 41 26392 2030
35 42 13421 1032
35 43 9169 705
35 44 5904 454
35 45 3639 279
35 46 4624 355
35 47 11450 880
35 48 25625 1971
35 49 8047 619
36 0 8465 651
36 1 29042 2234
36 2 27285 2098
36 3 17967 1382
36 4 22834 1756
36 5 2919 224
36 6 10306 792
36 7 8169 628
36 8 5591 430
36 9 7016 539
36 10 26739 2056
36 11 9703 746
36 12 10713 824
36 13 6791 522
36 14 18308 1408
36 15 23173 1782
36 16 12899 992
36 17 28094 2161
36 18 25916 1993
36 19 14285 1098
36 20 18262 1404
36 21 13185 1014
36 22 20284 1560
36 23 18564 1428
36 24 7443 572
36 25 11230 863
36 26 5591 430
36 27 29779 2290
36 28 28454 2188
36 29 27567 2120
36 30 22287 1714
36 31 3043 234
36 32 7248 557
36 33 10361 797
36 34 13339 1026
36 35 22012 1693
36 36 0 0
36 37 15702 1207
36 38 27711 2131
36 39 28122 2163
36 40 4636 356
36 41 22525 1732
36 42 5016 385
36 43 14342 1103
36 44 12763 981
36 45 6921 532
36 46 5886 452
36 47 14871 1143
36 48 17726 1363
36 49 12892 991
37 0 29404 2261
37 1 28130 2163
37 2 24417 1878
37 3 9192 707
37 4 10176 782
37 5 6635 510
37 6 14265 1097
37 7 25111 1931
37 8 8560 658
37 9 26472 2036
37 10 23608 1816
37 11 26663 2051
37 12 23119 1778
37 13 7955 611
37 14 17870 1374
37 15 6619 509
37 16 5761 443
37 17 20833 1602
37 18 20998 1615
37 19 13001 1000
37 20 13410 1031
37 21 12914 993
37 22 13459 1035
37 23 7723 594
37 24 19337 1487
37 25 27283 2098
37 26 22200 1707
37 27 12406 954
37 28 9766 751
37 29 2978 229
37 30 14581 1121
37 31 2761 212
37 32 19221 1478
37 33 27591 2122
37 34 16042 1234
37 35 19461 1497
37 36 27034 2079
37 37 0 0
37 38 24640 1895
37 39 12237 941
37 40 29520 2270
37 41 9074 698
37 42 146 11
37 43 28120 2163
37 44 12264 943
37 45 6278 482
37 46 14077 1082
37 47 22770 1751
37 48 17509 1346
37 49 29717 2285
38 0 14130 1086
38 1 3167 243
38 2 24141 1857
38 3 26552 2042
38 4 9911 762
38 5 9091 699
38 6 7179 552
38 7 13193 1014
38 8 14688 1129
38 9 5079 390
38 10 16502 1269
38 11 22257 1712
38 12 116 8
38 13 21983 1691
38 14 23710 1823
38 15 2002 154
38 16 29956 2304
38 17 21047 1619
38 18 13941 1072
38 19 24740 1903
38 20 11527 886
38 21 10259 789
38 22 23817 1832
38 23 12713 977
38 24 25381 1952
38 25 23413 1801
38 26 25010 1923
38 27 16574 1274
38 28 16857 1296
38 29 8517 655
38 30 19697 1515
38 31 25749 1980
38 32 20401 1569
38 33 17051 1311
38 34 13317 1024
38 35 24277 1867
38 36 7292 560
38 37 15348 1180
38 38 0 0
38 39 29679 2283
38 40 10454 804
38 41 15265 1174
38 42 8005 615
38 43 17530 1348
38 44 10761 827
38 45 29601 2277
38 46 5922 455
38 47 7779 598
38 48 3983 306
38 49 25484 1960
39 0 24121 1855
39 1 26110 2008
39 2 8690 668
39 3 10213 785
39 4 27226 2094
39 5 28391 2183
39 6 13298 1022
39 7 12878 990
39 8 6998 538
39 9 11826 909
39 10 17448 1342
39 11 27774 2136
39 12 18173 1397
39 13 17264 1328
39 14 13659 1050
39 15 7102 546
39 16 4952 380
39 17 14063 1081
39 18 15977 1229
39 19 1765 135
39 20 7771 597
39 21 12153 934
39 22 13083 1006
39 23 12548 965
39 24 21804 1677
39 25 5372 413
39 26 4467 343
39 27 11940 918
39 28 2361 181
39 29 18424 1417
39 30 8601 661
39 31 22742 1749
39 32 27615 2124
39 33 25843 1987
39 34 4067 312
39 35 3755 288
39 36 20428 1571
39 37 20944 1611
39 38 1582 121
39 39 0 0
39 40 5334 410
39 41 5797 445
39 42 8868 682
39 43 11918 916
39 44 16106 1238
39 45 13164 1012
39 46 17834 1371
39 47 18772 1444
39 48 6563 504
39 49 15614 1201
40 0 20304 1561
40 1 19573 1505
40 2 21580 1660
40 3 12577 967
40 4 8069 620
40 5 4981 383
40 6 931 71
40 7 26125 2009
40 8 6236 479
40 9 10561 812
40 10 395 30
40 11 7057 542
40 12 7422 570
40 13 20211 1554
40 14 24606 1892
40 15 12630 971
40 16 698 53
40 17 147 11
40 18 3030 233
40 19 23921 1840
40 20 26606 2046
40 21 16403 1261
40 22 15780 1213
40 23 19061 1466
40 24 18887 1452
40 25 28002 2154
40 26 29456 2265
40 27 10912 839
40 28 3199 246
40 29 25033 1925
40 30 10944 841
40 31 22681 1744
40 32 24831 1910
40 33 16077 1236
40 34 4451 342
40 35 16276 1252
40 36 13782 1060
40 37 21511 1654
40 38 3821 293
40 39 3399 261
40 40 0 0
40 41 26369 2028
40 42 8964 689
40 43 2173 167
40 44 3079 236
40 45 14501 1115
40 46 27665 2128
40 47 16104 1238
40 48 28013 2154
40 49 13007 1000
41 0 28938 2226
41 1 14809 1139
41 2 24768 1905
41 3 2029 156
41 4 21656 1665
41 5 23509 1808
41 6 18812 1447
41 7 5360 412
41 8 14163 1089
41 9 14607 1123
41 10 28017 2155
41 11 18875 1451
41 12 2772 213
41 13 20295 1561
41 14 9495 730
41 15 3022 232
41 16 2286 175
41 17 13227 1017
41 18 18433 1417
41 19 18215 1401
41 20 9963 766
41 21 28061 2158
41 22 23074 1774
41 23 7215 555
41 24 8001 615
41 25 27818 2139
41 26 1878 144
41 27 23649 1819
41 28 12487 960
41 29 28781 2213
41 30 29708 2285
41 31 20900 1607
41 32 22494 1730
41 33 29567 2274
41 34 7128 548
41 35 14042 1080
41 36 26612 2047
41 37 24467 1882
41 38 4997 384
41 39 12345 949
41 40 4555 350
41 41 0 0
41 42 28911 2223
41 43 19952 1534
41 44 21433 1648
41 45 15490 1191
41 46 5551 427
41 47 26511 2039
41 48 21699 1669
41 49 25858 1989
42 0 9072 697
42 1 29748 2288
42 2 3947 303
42 3 17067 1312
42 4 17584 1352
42 5 18296 1407
42 6 537 41
42 7 11010 846
42 8 14531 1117
42 9 12262 943
42 10 12548 965
42 11 14520 1116
42 12 17997 1384
42 13 17487 1345
42 14 14958 1150
42 15 1374 105
42 16 24306 1869
42 17 20100 1546
42 18 11288 868
42 19 26481 2037
42 20 22792 1753
42 21 194 14
42 22 5689 437
42 23 22202 1707
42 24 13103 1007
42 25 6604 508
42 26 29352 2257
42 27 15348 1180
42 28 4124 317
42 29 27563 2120
42 30 7214 554
42 31 28711 2208
42 32 24542 1887
42 33 25879 1990
42 34 22405 1723
42 35 15058 1158
42 36 3532 271
42 37 18474 1421
42 38 21997 1692
42 39 5660 435
42 40 11261 866
42 41 23429 1802
42 42 0 0
42 43 25258 1942
42 44 23414 1801
42 45 22313 1716
42 46 25396 1953
42 47 7732 594
42 48 448 34
42 49 15691 1207
43 0 3472 267
43 1 14133 1087
43 2 4459 343
43 3 10974 844
43 4 24878 1913
43 5 23241 1787
43 6 28491 2191
43 7 797 61
43 8 27257 2096
43 9 3164 243
43 10 644 49
43 11 1468 112
43 12 250 19
43 13 6166 474
43 14 25919 1993
43 15 5007 385
43 16 12902 992
43 17 25812 1985
43 18 1367 105
43 19 10804 831
43 20 4194 322
43 21 4408 339
43 22 27677 2129
43 23 6878 529
43 24 5380 413
43 25 19789 1522
43 26 19302 1484
43 27 26248 2019
43 28 26568 2043
43 29 28962 2227
43 30 21819 1678
43 31 3123 240
43 32 4071 313
43 33 2105 161
43 34 20683 1591
43 35 17773 1367
43 36 3491 268
43 37 343 26
43 38 22270 1713
43 39 27710 2131
43 40 28431 2187
43 41 4521 347
43 42 23241 1787
43 43 0 0
43 44 26986 2075
43 45 15987 1229
43 46 15006 1154
43 47 22583 1737
43 48 10590 814
43 49 13108 1008
44 0 17345 1334
44 1 15365 1181
44 2 1963 151
44 3 27145 2088
44 4 25742 1980
44 5 2467 189
44 6 3070 236
44 7 14217 1093
44 8 22316 1716
44 9 20202 1554
44 10 6739 518
44 11 26260 2020
44 12 16768 1289
44 13 8848 680
44 14 17241 1326
44 15 25947 1995
44 16 7055 542
44 17 27228 2094
44 18 18930 1456
44 19 6781 521
44 20 4099 315
44 21 6670 513
44 22 1053 81
44 23 15685 1206
44 24 28043 2157
44 25 7753 596
44 26 7706 592
44 27 2549 196
44 28 21214 1631
44 29 21455 1650
44 30 20394 1568
44 31 20368 1566
44 32 11755 904
44 33 8493 653
44 34 20034 1541
44 35 29983 2306
44 36 11482 883
44 37 10197 784
44 38 12623 971
44 39 27530 2117
44 40 8129 625
44 41 29300 2253
44 42 14842 1141
44 43 13819 1063
44 44 0 0
44 45 4255 327
44 46 26827 2063
44 47 15257 1173
44 48 2988 229
44 49 18199 1399
45 0 5868 451
45 1 17306 1331
45 2 5527 425
45 3 29530 2271
45 4 6469 497
45 5 4821 370
45 6 20260 1558
45 7 25622 1970
45 8 25479 1959
45 9 7418 570
45 10 24964 1920
45 11 21888 1683
45 12 25182 1937
45 13 17551 1350
45 14 25528 1963
45 15 9261 712
45 16 28354 2181
45 17 22622 1740
45 18 22972 1767
45 19 23375 1798
45 20 26827 2063
45 21 1255 96
45 22 12615 970
45 23 11007 846
45 24 22238 1710
45 25 9731 748
45 26 1022 78
45 27 23302 1792
45 28 23942 1841
45 29 488 37
45 30 9626 740
45 31 7635 587
45 32 17190 1322
45 33 24737 1902
45 34 2165 166
45 35 29162 2243
45 36 24878 1913
45 37 28942 2226
45 38 2947 226
45 39 6569 505
45 40 2470 190
45 41 4246 326
45 42 20246 1557
45 43 14463 1112
45 44 22698 1746
45 45 0 0
45 46 9412 724
45 47 22595 1738
45 48 23625 1817
45 49 804 61
46 0 7658 589
46 1 26150 2011
46 2 22275 1713
46 3 10507 808
46 4 21904 1684
46 5 16815 1293
46 6 12761 981
46 7 19856 1527
46 8 27018 2078
46 9 5420 416
46 10 14401 1107
46 11 12940 995
46 12 1881 144
46 13 24945 1918
46 14 29406 2262
46 15 8231 633
46 16 6001 461
46 17 13913 1070
46 18 20871 1605
46 19 17752 1365
46 20 9897 761
46 21 26336 2025
46 22 27605 2123
46 23 2131 163
46 24 874 67
46 25 29076 2236
46 26 24240 1864
46 27 26285 2021
46 28 24148 1857
46 29 27762 2135
46 30 10398 799
46 31 1502 115
46 32 20894 1607
46 33 22987 1768
46 34 23085 1775
46 35 1575 121
46 36 4933 379
46 37 8686 668
46 38 26822 2063
46 39 15903 1223
46 40 3326 255
46 41 11897 915
46 42 11413 877
46 43 10090 776
46 44 18154 1396
46 45 15038 1156
46 46 0 0
46 47 18031 1387
46 48 16517 1270
46 49 4389 337
47 0 18224 1401
47 1 22737 1749
47 2 16328 1256
47 3 13651 1050
47 4 18068 1389
47 5 22569 1736
47 6 950 73
47 7 3442 264
47 8 20863 1604
47 9 6514 501
47 10 22456 1727
47 11 2466 189
47 12 12138 933
47 13 27593 2122
47 14 18112 1393
47 15 27087 2083
47 16 1134 87
47 17 11099 853
47 18 7955 611
47 19 24096 1853
47 20 18006 1385
47 21 10376 798
47 22 4767 366
47 23 13588 1045
47 24 18710 1439
47 25 17084 1314
47 26 11367 874
47 27 4179 321
47 28 5934 456
47 29 29468 2266
47 30 15835 1218
47 31 3364 258
47 32 10184 783
47 33 5485 421
47 34 23007 1769
47 35 13822 1063
47 36 2439 187
47 37 16956 1304
47 38 23429 1802
47 39 4015 308
47 40 10201 784
47 41 20205 1554
47 42 22667 1743
47 43 13516 1039
47 44 19458 1496
47 45 6442 495
47 46 26372 2028
47 47 0 0
47 48 13698 1053
47 49 1286 98
48 0 2573 197
48 1 4542 349
48 2 2572 197
48 3 1147 88
48 4 28154 2165
48 5 7200 553
48 6 20064 1543
48 7 2807 215
48 8 3044 234
48 9 13313 1024
48 10 19213 1477
48 11 23051 1773
48 12 13167 1012
48 13 18709 1439
48 14 28522 2194
48 15 26343 2026
48 16 24547 1888
48 17 1697 130
48 18 23428 1802
48 19 19875 1528
48 20 27583 2121
48 21 6099 469
48 22 6398 492
48 23 28185 2168
48 24 5618 432
48 25 15307 1177
48 26 24232 1864
48 27 699 53
48 28 29399 2261
48 29 26947 2072
48 30 17964 1381
48 31 22927 1763
48 32 7587 583
48 33 16682 1283
48 34 27941 2149
48 35 15324 1178
48 36 26731 2056
48 37 26660 2050
48 38 20585 1583
48 39 700 53
48 40 19157 1473
48 41 12928 994
48 42 1123 86
48 43 25685 1975
48 44 22042 1695
48 45 10413 801
48 46 18584 1429
48 47 3449 265
48 48 0 0
48 49 8576 659
49 0 19622 1509
49 1 13240 1018
49 2 14845 1141
49 3 20015 1539
49 4 1250 96
49 5 19222 1478
49 6 27855 2142
49 7 11833 910
49 8 25805 1985
49 9 13810 1062
49 10 5006 385
49 11 6653 511
49 12 12654 973
49 13 17161 1320
49 14 6191 476
49 15 22738 1749
49 16 20103 1546
49 17 6630 510
49 18 14793 1137
49 19 1786 137
49 20 13137 1010
49 21 1591 122
49 22 17722 1363
49 23 19844 1526
49 24 2263 174
49 25 21387 1645
49 26 25775 1982
49 27 24671 1897
49 28 29482 2267
49 29 15999 1230
49 30 4331 333
49 31 14515 1116
49 32 29912 2300
49 33 11744 903
49 34 8518 655
49 35 9559 735
49 36 23210 1785
49 37 12161 935
49 38 8984 691
49 39 7492 576
49 40 21335 1641
49 41 28672 2205
49 42 29196 2245
49 43 10517 809
49 44 16255 1250
49 45 5628 432
49 46 15343 1180
49 47 26157 2012
49 48 7706 592
49 49 0 0
