25
1079 6702
707 8929
803 5761
787 7258
1066 5953
685 9137
1021 9642
970 9643
665 5036
615 9920
1190 6147
854 9419
903 8534
682 9922
891 8317
999 6012
1045 5714
877 9080
731 6002
961 7908
1189 8560
905 8233
612 9582
794 7092
1024 7184
0 0 0 0
0 1 27966 2151
0 2 13466 1035
0 3 22034 1694
0 4 21762 1674
0 5 8640 664
0 6 29616 2278
0 7 25416 1955
0 8 5448 419
0 9 5810 446
0 10 23363 1797
0 11 15300 1176
0 12 10208 785
0 13 1211 93
0 14 9817 755
0 15 16806 1292
0 16 7871 605
0 17 3986 306
0 18 29604 2277
0 19 19462 1497
0 20 23685 1821
0 21 28249 2173
0 22 14530 1117
0 23 12860 989
0 24 29105 2238
1 0 22240 1710
1 1 0 0
1 2 9312 716
1 3 5312 408
1 4 13741 1057
1 5 532 40
1 6 13680 1052
1 7 18712 1439
1 8 13708 1054
1 9 735 56
1 10 5465 420
1 11 2069 159
1 12 5588 429
1 13 22197 1707
1 14 23450 1803
1 15 20537 1579
1 16 24009 1846
1 17 11037 849
1 18 24132 1856
1 19 4643 357
1 20 12229 940
1 21 22055 1696
1 22 8766 674
1 23 10545 811
1 24 22263 1712
2 0 15263 1174
2 1 12824 986
2 2 0 0
2 3 13391 1030
2 4 854 65
2 5 25963 1997
2 6 27016 2078
2 7 20146 1549
2 8 7660 589
2 9 8020 616
2 10 29587 2275
2 11 18233 1402
2 12 28613 2201
2 13 12826 986
2 14 7764 597
2 15 26294 2022
2 16 29074 2236
2 17 10220 786
2 18 8030 617
2 19 12936 995
2 20 1299 99
2 21 23744 1826
2 22 23826 1832
2 23 2796 215
2 24 8006 615
3 0 28030 2156
3 1 1073 82
3 2 27819 2139
3 3 0 0
3 4 20146 1549
3 5 7994 614
3 6 13938 1072
3 7 1315 101
3 8 828 63
3 9 22476 1728
3 10 4274 328
3 11 8106 623
3 12 19585 1506
3 13 5450 419
3 14 16255 1250
3 15 8787 675
3 16 9759 750
3 17 24801 1907
3 18 21446 1649
3 19 29828 2294
3 20 7743 595
3 21 24749 1903
3 22 3637 279
3 23 18407 1415
3 24 2438 187
4 0 2541 195
4 1 20583 1583
4 2 5628 432
4 3 23202 1784
4 4 0 0
4 5 19922 1532
4 6 14133 1087
4 7 18298 1407
4 8 27209 2093
4 9 26681 2052
4 10 13037 1002
4 11 19279 1483
4 12 1329 102
4 13 29491 2268
4 14 25576 1967
4 15 9667 743
4 16 19479 1498
4 17 5517 424
4 18 12415 955
4 19 14754 1134
4 20 22366 1720
4 21 14039 1079
4 22 15699 1207
4 23 644 49
4 24 6409 493
5 0 4317 332
5 1 9686 745
5 2 21049 1619
5 3 28329 2179
5 4 772 59
5 5 0 0
5 6 24326 1871
5 7 8591 660
5 8 19704 1515
5 9 3507 269
5 10 14450 1111
5 11 16023 1232
5 12 453 34
5 13 27355 2104
5 14 10174 782
5 15 29606 2277
5 16 23075 1775
5 17 1321 101
5 18 7279 559
5 19 20542 1580
5 20 15530 1194
5 21 18554 1427
5 22 5544 426
5 23 17419 1339
5 24 23977 1844
6 0 12928 994
6 1 10201 784
6 2 29415 2262
6 3 16545 1272
6 4 15540 1195
6 5 3017 232
6 6 0 0
6 7 9445 726
6 8 25299 1946
6 9 23428 1802
6 10 26903 2069
6 11 3595 276
6 12 5189 399
6 13 20619 1586
6 14 9996 768
6 15 3032 233
6 16 3678 282
6 17 18715 1439
6 18 9940 764
6 19 19946 1534
6 20 11246 865
6 21 2506 192
6 22 13949 1073
6 23 23783 1829
6 24 1431 110
7 0 761 58
7 1 18259 1404
7 2 12759 981
7 3 23763 1827
7 4 15695 1207
7 5 12961 997
7 6 18217 1401
7 7 0 0
7 8 24315 1870
7 9 15582 1198
7 10 10728 825
7 11 8340 641
7 12 7900 607
7 13 22890 1760
7 14 7106 546
7 15 17654 1358
7 16 19767 1520
7 17 13157 1012
7 18 10252 788
7 19 27572 2120
7 20 5635 433
7 21 28566 2197
7 22 21447 1649
7 23 5815 447
7 24 21115 1624
8 0 4035 310
8 1 17595 1353
8 2 22291 1714
8 3 26707 2054
8 4 18457 1419
8 5 16883 1298
8 6 13342 1026
8 7 19341 1487
8 8 0 0
8 9 9492 730
8 10 27144 2088
8 11 26959 2073
8 12 24880 1913
8 13 595 45
8 14 22044 1695
8 15 15089 1160
8 16 23747 1826
8 17 26018 2001
8 18 26725 2055
8 19 29030 2233
8 20 11959 919
8 21 11967 920
8 22 27256 2096
8 23 15827 1217
8 24 29103 2238
9 0 11700 900
9 1 27699 2130
9 2 26626 2048
9 3 16019 1232
9 4 29604 2277
9 5 13271 1020
9 6 26933 2071
9 7 14567 1120
9 8 8545 657
9 9 0 0
9 10 3835 295
9 11 17363 1335
9 12 17926 1378
9 13 25089 1929
9 14 2775 213
9 15 28183 2167
9 16 23421 1801
9 17 5072 390
9 18 5469 420
9 19 14474 1113
9 20 1991 153
9 21 5149 396
9 22 21614 1662
9 23 15512 1193
9 24 10406 800
10 0 7135 548
10 1 19451 1496
10 2 12541 964
10 3 17060 1312
10 4 25710 1977
10 5 21932 1687
10 6 15500 1192
10 7 6128 471
10 8 27078 2082
10 9 29309 2254
10 10 0 0
10 11 23340 1795
10 12 5157 396
10 13 14547 1119
10 14 4553 350
10 15 23610 1816
10 16 25787 1983
10 17 19408 1492
10 18 15495 1191
10 19 27758 2135
10 20 5702 438
10 21 6992 537
10 22 13680 1052
10 23 21783 1675
10 24 21059 1619
11 0 21533 1656
11 1 19804 1523
11 2 28140 2164
11 3 25986 1998
11 4 9407 723
11 5 127 9
11 6 26714 2054
11 7 11786 906
11 8 7641 587
11 9 10560 812
11 10 13887 1068
11 11 0 0
11 12 25082 1929
11 13 12444 957
11 14 18151 1396
11 15 9962 766
11 16 19147 1472
11 17 7004 538
11 18 20488 1576
11 19 27747 2134
11 20 5544 426
11 21 21876 1682
11 22 424 32
11 23 15809 1216
11 24 18235 1402
12 0 29930 2302
12 1 11780 906
12 2 24818 1909
12 3 18471 1420
12 4 8627 663
12 5 27306 2100
12 6 26188 2014
12 7 1585 121
12 8 2358 181
12 9 15853 1219
12 10 16122 1240
12 11 2602 200
12 12 0 0
12 13 20959 1612
12 14 20969 1613
12 15 9075 698
12 16 17514 1347
12 17 20748 1596
12 18 7929 609
12 19 28638 2202
12 20 2582 198
12 21 12919 993
12 22 21844 1680
12 23 18025 1386
12 24 3894 299
13 0 19852 1527
13 1 8119 624
13 2 28690 2206
13 3 5877 452
13 4 15839 1218
13 5 24850 1911
13 6 26017 2001
13 7 12289 945
13 8 18347 1411
13 9 15998 1230
13 10 21969 1689
13 11 27181 2090
13 12 7834 602
13 13 0 0
13 14 18848 1449
13 15 8809 677
13 16 11760 904
13 17 27729 2133
13 18 15590 1199
13 19 29873 2297
13 20 27962 2150
13 21 27412 2108
13 22 4105 315
13 23 12786 983
13 24 19088 1468
14 0 12879 990
14 1 19349 1488
14 2 25193 1937
14 3 24959 1919
14 4 27090 2083
14 5 15340 1180
14 6 14509 1116
14 7 8485 652
14 8 21651 1665
14 9 13018 1001
14 10 12336 948
14 11 26586 2045
14 12 13667 1051
14 13 23476 1805
14 14 0 0
14 15 17808 1369
14 16 22524 1732
14 17 24166 1858
14 18 2337 179
14 19 6630 510
14 20 118 9
14 21 22753 1750
14 22 7924 609
14 23 2295 176
14 24 22030 1694
15 0 1013 77
15 1 23011 1770
15 2 10291 791
15 3 20499 1576
15 4 18942 1457
15 5 12048 926
15 6 14663 1127
15 7 3106 238
15 8 13738 1056
15 9 17999 1384
15 10 16665 1281
15 11 28498 2192
15 12 18540 1426
15 13 21349 1642
15 14 23983 1844
15 15 0 0
15 16 23310 1793
15 17 22359 1719
15 18 5324 409
15 19 10671 820
15 20 11482 883
15 21 26650 2050
15 22 25075 1928
15 23 3886 298
15 24 29864 2297
16 0 5977 459
16 1 19685 1514
16 2 28215 2170
16 3 21583 1660
16 4 29243 2249
16 5 14307 1100
16 6 16129 1240
16 7 10577 813
16 8 7777 598
16 9 13849 1065
16 10 16865 1297
16 11 15866 1220
16 12 27056 2081
16 13 16166 1243
16 14 11739 903
16 15 27648 2126
16 16 0 0
16 17 25185 1937
16 18 8238 633
16 19 25696 1976
16 20 17773 1367
16 21 23857 1835
16 22 15747 1211
16 23 1270 97
16 24 16738 1287
17 0 21073 1621
17 1 3957 304
17 2 10857 835
17 3 16120 1240
17 4 7042 541
17 5 16103 1238
17 6 14460 1112
17 7 21867 1682
17 8 20543 1580
17 9 20736 1595
17 10 7129 548
17 11 7997 615
17 12 25240 1941
17 13 3525 271
17 14 27958 2150
17 15 29555 2273
17 16 5168 397
17 17 0 0
17 18 13677 1052
17 19 17772 1367
17 20 15273 1174
17 21 9181 706
17 22 465 35
17 23 17977 1382
17 24 8700 669
18 0 15357 1181
18 1 2324 178
18 2 14838 1141
18 3 3130 240
18 4 10568 812
18 5 17635 1356
18 6 27616 2124
18 7 28229 2171
18 8 8562 658
18 9 11019 847
18 10 2790 214
18 11 2286 175
18 12 28121 2163
18 13 22320 1716
18 14 27828 2140
18 15 3662 281
18 16 20490 1576
18 17 29868 2297
18 18 0 0
18 19 26614 2047
18 20 24929 1917
18 21 13292 1022
18 22 29999 2307
18 23 19202 1477
18 24 18571 1428
19 0 16313 1254
19 1 2673 205
19 2 24236 1864
19 3 305 23
19 4 9195 707
19 5 4210 323
19 6 20862 1604
19 7 13381 1029
19 8 14981 1152
19 9 1344 103
19 10 16814 1293
19 11 29485 2268
19 12 23954 1842
19 13 4641 357
19 14 1342 103
19 15 3527 271
19 16 1423 109
19 17 9456 727
19 18 9569 736
19 19 0 0
19 20 20289 1560
19 21 1765 135
19 22 21082 1621
19 23 2127 163
19 24 25224 1940
20 0 13852 1065
20 1 4841 372
20 2 28055 2158
20 3 18932 1456
20 4 15013 1154
20 5 18677 1436
20 6 12834 987
20 7 19644 1511
20 8 2873 221
20 9 12691 976
20 10 29081 2237
20 11 23268 1789
20 12 9449 726
20 13 27092 2084
20 14 17790 1368
20 15 27592 2122
20 16 3704 284
20 17 10401 800
20 18 28721 2209
20 19 26870 2066
20 20 0 0
20 21 28620 2201
20 22 27802 2138
20 23 15424 1186
20 24 14347 1103
21 0 20618 1586
21 1 23041 1772
21 2 28136 2164
21 3 21869 1682
21 4 22762 1750
21 5 5699 438
21 6 13192 1014
21 7 17055 1311
21 8 8414 647
21 9 11059 850
21 10 6122 470
21 11 5195 399
21 12 15213 1170
21 13 21775 1675
21 14 10659 819
21 15 24483 1883
21 16 23516 1808
21 17 15747 1211
21 18 3831 294
21 19 789 60
21 20 25216 1939
21 21 0 0
21 22 28268 2174
21 23 12428 956
21 24 28820 2216
22 0 18415 1416
22 1 9794 753
22 2 28497 2192
22 3 12967 997
22 4 8472 651
22 5 5412 416
22 6 1594 122
22 7 17123 1317
22 8 26500 2038
22 9 17364 1335
22 10 7250 557
22 11 14521 1117
22 12 28257 2173
22 13 6502 500
22 14 25539 1964
22 15 14865 1143
22 16 23782 1829
22 17 12866 989
22 18 17369 1336
22 19 27564 2120
22 20 3753 288
22 21 20810 1600
22 22 0 0
22 23 2867 220
22 24 26691 2053
23 0 17776 1367
23 1 1088 83
23 2 10121 778
23 3 5501 423
23 4 25614 1970
23 5 6002 461
23 6 11283 867
23 7 22144 1703
23 8 28790 2214
23 9 22502 1730
23 10 492 37
23 11 9102 700
23 12 15511 1193
23 13 29862 2297
23 14 17201 1323
23 15 21948 1688
23 16 27888 2145
23 17 13269 1020
23 18 12092 930
23 19 14389 1106
23 20 10466 805
23 21 11837 910
23 22 28716 2208
23 23 0 0
23 24 4560 350
24 0 27417 2109
24 1 7617 585
24 2 20837 1602
24 3 3090 237
24 4 28052 2157
24 5 20371 1567
24 6 15980 1229
24 7 3501 269
24 8 7732 594
24 9 13224 1017
24 10 13643 1049
24 11 18797 1445
24 12 6439 495
24 13 25445 1957
24 14 21490 1653
24 15 1824 140
24 16 3439 264
24 17 28057 2158
24 18 21376 1644
24 19 13712 1054
24 20 12713 977
24 21 11009 846
24 22 25479 1959
24 23 537 41
24 24 0 0
