75
1002 5542
797 5532
1018 6791
767 5608
861 9966
747 9853
1071 8778
927 9183
852 6392
1099 8575
623 8207
1034 7714
1084 6822
665 7165
1088 8809
602 5349
1088 6208
995 5937
615 8378
1101 6658
1156 7521
1132 6331
874 5983
817 5678
650 5465
1150 9458
1067 6671
812 8202
824 8562
799 5079
736 7155
833 8566
770 5535
649 5450
898 7739
1013 8875
1152 9484
780 6467
1144 5152
741 6235
638 8065
710 9220
1186 7063
881 9463
800 8882
684 6058
866 7590
714 7745
690 6923
1064 6200
1199 5751
695 8189
1166 5622
618 6585
1199 6385
691 9561
927 6037
772 9775
976 8833
739 7140
909 7470
1065 5849
1157 5164
960 5730
1031 8118
806 9574
989 8474
1177 7648
1143 5747
857 9703
981 6044
1106 6330
918 7318
645 7288
712 5968
0 0 0 0
0 1 12123 728
0 2 27743 2154
0 3 22843 1880
0 4 14815 2152
0 5 12139 873
0 6 2991 239
0 7 22974 1737
0 8 26538 3633
0 9 4731 431
0 10 7491 882
0 11 16303 1081
0 12 8379 1241
0 13 1698 153
0 14 15968 1354
0 15 24566 2978
0 16 9680 698
0 17 25002 2098
0 18 22415 1727
0 19 17964 1111
0 20 22586 1491
0 21 26045 1917
0 22 10611 700
0 23 13353 2087
0 24 9866 1910
0 25 13024 1169
0 26 12244 1337
0 27 17658 2336
0 28 22658 2164
0 29 13088 1010
0 30 27771 5038
0 31 16939 1257
0 32 7164 429
0 33 6645 663
0 34 23334 1885
0 35 27636 2417
0 36 20581 1251
0 37 24301 2534
0 38 8072 831
0 39 11983 1467
0 40 20953 1607
0 41 26541 2749
0 42 22537 3002
0 43 28281 4093
0 44 17991 2167
0 45 9668 1406
0 46 7107 1183
0 47 10683 1726
0 48 9478 1555
0 49 6206 630
0 50 18847 2775
0 51 27690 4520
0 52 8963 1293
0 53 22722 2835
0 54 15138 1196
0 55 17924 1852
0 56 30229 1687
0 57 4760 520
0 58 8831 808
0 59 10928 1001
0 60 9525 861
0 61 20215 1328
0 62 19984 3910
0 63 11340 1697
0 64 4803 540
0 65 16150 1398
0 66 13341 1063
0 67 14362 1713
0 68 15352 2847
0 69 10439 792
0 70 15503 2781
0 71 12152 807
0 72 24128 2722
0 73 1614 159
0 74 5729 1203
1 0 12123 889
1 1 0 0
1 2 25062 1816
1 3 17531 1513
1 4 2779 217
1 5 1239 80
1 6 14620 1334
1 7 28072 2269
1 8 21839 2214
1 9 15313 945
1 10 18516 1524
1 11 16669 1005
1 12 19222 2034
1 13 13663 1714
1 14 26295 2174
1 15 27350 2312
1 16 11269 1060
1 17 25209 2212
1 18 20910 1334
1 19 10791 1255
1 20 25275 2255
1 21 29390 2344
1 22 22722 2261
1 23 2549 386
1 24 16613 2881
1 25 6691 552
1 26 1612 162
1 27 18404 2194
1 28 25548 2633
1 29 20294 1754
1 30 35705 6700
1 31 4860 355
1 32 18850 1112
1 33 6010 461
1 34 25379 3134
1 35 25344 1999
1 36 14040 890
1 37 31596 2432
1 38 15025 825
1 39 17744 3268
1 40 13712 743
1 41 26087 1629
1 42 28639 4240
1 43 36133 3707
1 44 15511 1476
1 45 3752 331
1 46 18102 2156
1 47 18196 2324
1 48 20304 2645
1 49 12853 1148
1 50 20153 3078
1 51 36283 4604
1 52 20502 2868
1 53 28894 3209
1 54 11070 917
1 55 12043 980
1 56 27908 2263
1 57 16002 1018
1 58 4349 355
1 59 22665 1719
1 60 10218 1072
1 61 22816 2033
1 62 20235 2262
1 63 16715 1950
1 64 9801 889
1 65 11370 996
1 66 14241 1790
1 67 6082 878
1 68 5304 861
1 69 10572 795
1 70 4274 524
1 71 5807 605
1 72 32331 2079
1 73 13507 1333
1 74 16282 2623
2 0 27743 2040
2 1 25062 2332
2 2 0 0
2 3 8314 814
2 4 24470 1862
2 5 23823 1959
2 6 27294 2461
2 7 16770 1426
2 8 4956 485
2 9 32423 3252
2 10 34681 3382
2 11 11617 956
2 12 26673 3936
2 13 27761 4200
2 14 27882 1740
2 15 11810 1120
2 16 18091 1508
2 17 6307 521
2 18 5430 432
2 19 14793 1170
2 20 11420 1074
2 21 13520 1465
2 22 33177 2366
2 23 22761 3361
2 24 20198 3846
2 25 18444 1097
2 26 23449 2024
2 27 10681 2137
2 28 11832 1186
2 29 20149 1164
2 30 26652 4532
2 31 24804 2739
2 32 28664 1542
2 33 23889 1628
2 34 10112 1242
2 35 872 69
2 36 11934 1159
2 37 22892 1716
2 38 21086 1932
2 39 18401 3259
2 40 12855 1219
2 41 4883 492
2 42 19058 1812
2 43 26718 4018
2 44 10068 756
2 45 27693 2933
2 46 26733 4981
2 47 20904 2561
2 48 26925 4006
2 49 21910 1548
2 50 10348 1535
2 51 28659 4915
2 52 28864 2899
2 53 19294 1716
2 54 14190 1231
2 55 13156 1467
2 56 2855 179
2 57 32176 2186
2 58 27675 3979
2 59 30581 1847
2 60 18430 1704
2 61 11546 787
2 62 8592 963
2 63 18267 2320
2 64 23112 1483
2 65 13714 1093
2 66 14442 1483
2 67 19083 2358
2 68 20562 3257
2 69 17523 1481
2 70 22364 3341
2 71 19448 1045
2 72 25391 1847
2 73 27579 2989
2 74 25683 3390
3 0 22843 1514
3 1 17531 1707
3 2 8314 672
3 3 0 0
3 4 16546 2085
3 5 16318 1300
3 6 23225 1324
3 7 20253 1389
3 8 4310 627
3 9 27552 2448
3 10 30255 2039
3 11 9552 1105
3 12 24234 3058
3 13 23318 2078
3 14 27671 2329
3 15 16488 1676
3 16 13511 998
3 17 11649 1361
3 18 6996 586
3 19 6807 569
3 20 15100 1362
3 21 18642 1091
3 22 30445 1874
3 23 15078 2429
3 24 17877 1927
3 25 11301 781
3 26 15939 1716
3 27 9961 1526
3 28 15539 1600
3 29 19371 1598
3 30 30267 5565
3 31 16661 1653
3 32 25694 1541
3 33 17678 1744
3 34 14253 956
3 35 8884 1018
3 36 3691 272
3 37 26052 2147
3 38 18027 1675
3 39 16789 2413
3 40 4542 307
3 41 11416 890
3 42 22121 2822
3 43 30473 3580
3 44 5783 687
3 45 20590 1731
3 46 23901 2874
3 47 19129 2489
3 48 24809 4161
3 49 17958 1411
3 50 11003 1715
3 51 31887 4389
3 52 26400 3774
3 53 22398 2643
3 54 7765 932
3 55 5555 439
3 56 11090 798
3 57 27567 1702
3 58 20729 2587
3 59 28452 3089
3 60 13392 1679
3 61 13761 1305
3 62 9447 1287
3 63 16204 2936
3 64 18041 1515
3 65 6868 484
3 66 11043 810
3 67 11449 1824
3 68 12633 1794
3 69 12509 1092
3 70 14367 1991
3 71 12378 1185
3 72 28106 2195
3 73 23119 2120
3 74 22428 2786
4 0 14815 1400
4 1 2779 284
4 2 24470 1922
4 3 16546 1676
4 4 0 0
4 5 2760 342
4 6 17213 2020
4 7 29175 3338
4 8 20834 2435
4 9 18092 1783
4 10 21296 1979
4 11 17241 1231
4 12 21613 2625
4 13 16315 1476
4 14 28489 2450
4 15 27973 2265
4 16 12710 1378
4 17 25313 2199
4 18 20772 2359
4 19 9749 724
4 20 25940 3358
4 21 30085 2133
4 22 25386 3814
4 23 2277 428
4 24 18455 2676
4 25 6874 609
4 26 2790 218
4 27 18945 2686
4 28 26248 3093
4 29 22043 2837
4 30 37283 5575
4 31 2125 273
4 32 21396 1930
4 33 8468 888
4 34 25898 2211
4 35 24840 1767
4 36 12902 952
4 37 33092 3504
4 38 17000 1943
4 39 19352 3805
4 40 12367 1576
4 41 26007 2287
4 42 29940 2775
4 43 37689 4417
4 44 15462 1378
4 45 6367 680
4 46 20538 3389
4 47 20084 3621
4 48 22674 2977
4 49 14962 1602
4 50 20722 2161
4 51 37999 6362
4 52 23003 3723
4 53 30204 3160
4 54 11066 851
4 55 11314 1199
4 56 27325 2158
4 57 18774 2760
4 58 7049 771
4 59 25195 2193
4 60 11648 1098
4 61 23550 2655
4 62 20557 2061
4 63 18316 1996
4 64 12109 1607
4 65 11094 1000
4 66 15151 1287
4 67 5533 870
4 68 3920 568
4 69 11807 1094
4 70 2222 276
4 71 6333 519
4 72 34008 3548
4 73 16152 1516
4 74 18696 2987
5 0 12139 717
5 1 1239 83
5 2 23823 1809
5 3 16318 1314
5 4 2760 215
5 5 0 0
5 6 14473 1221
5 7 27061 1816
5 8 20624 1828
5 9 15630 1717
5 10 18830 1813
5 11 15519 1252
5 12 18856 2654
5 13 13604 951
5 14 25777 2112
5 15 26222 2117
5 16 10338 758
5 17 24002 2119
5 18 19681 1673
5 19 9601 695
5 20 24154 2494
5 21 28278 3106
5 22 22673 2103
5 23 1532 184
5 24 15876 2082
5 25 5460 386
5 26 379 39
5 27 17251 2948
5 28 24434 2684
5 29 19517 1689
5 30 34864 5702
5 31 4867 473
5 32 18642 1789
5 33 5712 501
5 34 24230 2259
5 35 24105 1488
5 36 12851 1033
5 37 30721 2261
5 38 14358 923
5 39 16899 2041
5 40 12558 1260
5 41 24864 1947
5 42 27690 2071
5 43 35284 4608
5 44 14283 1617
5 45 4645 365
5 46 17778 2571
5 47 17486 3779
5 48 19920 3229
5 49 12266 1406
5 50 19008 3128
5 51 35502 3696
5 52 20244 3629
5 53 27949 2635
5 54 9840 941
5 55 10817 1465
5 56 26669 1535
5 57 16246 1062
5 58 5106 395
5 59 22437 1284
5 60 9276 1087
5 61 21706 1892
5 62 19051 2349
5 63 15865 2266
5 64 9357 797
5 65 10131 784
5 66 13156 1328
5 67 4870 654
5 68 4280 529
5 69 9564 785
5 70 3577 558
5 71 4599 310
5 72 31531 3612
5 73 13437 1251
5 74 15937 2243
6 0 2991 313
6 1 14620 1035
6 2 27294 3098
6 3 23225 1384
6 4 17213 1639
6 5 14473 1248
6 6 0 0
6 7 20815 1445
6 8 26626 2021
6 9 5707 508
6 10 7404 744
6 11 15683 1012
6 12 5401 668
6 13 1358 118
6 14 12987 1079
6 15 22896 2493
6 16 9718 640
6 17 23937 1655
6 18 21878 1313
6 19 19059 1419
6 20 21005 2132
6 21 24204 2109
6 22 8281 768
6 23 15542 2448
6 24 8047 921
6 25 14428 1144
6 26 14525 1070
6 27 16828 3349
6 28 21025 1552
6 29 10802 1139
6 30 24999 4194
6 31 19335 2566
6 32 4279 288
6 33 8779 550
6 34 21882 2076
6 35 27094 2604
6 36 21372 1635
6 37 21668 1437
6 38 6508 407
6 39 10230 1550
6 40 21893 2142
6 41 25586 2201
6 42 20169 1760
6 43 25517 4996
6 44 17965 1476
6 45 12491 1790
6 46 4127 665
6 47 8496 1258
6 48 6492 961
6 49 5409 542
6 50 17791 2357
6 51 24828 2735
6 52 6036 864
6 53 20335 1663
6 54 15764 1445
6 55 18724 2489
6 56 29623 2620
6 57 5097 369
6 58 11669 1407
6 59 8096 504
6 60 9891 1090
6 61 18753 1239
6 62 19133 3070
6 63 9791 1900
6 64 5761 460
6 65 16840 1521
6 66 12898 1102
6 67 15992 2375
6 68 17249 2095
6 69 10739 835
6 70 17643 3051
6 71 13697 1170
6 72 21345 2113
6 73 1386 89
6 74 2943 605
7 0 22974 1946
7 1 28072 2673
7 2 16770 1010
7 3 20253 1978
7 4 29175 3248
7 5 27061 2318
7 6 20815 1283
7 7 0 0
7 8 20127 1664
7 9 26463 3131
7 10 27299 3133
7 11 12496 1119
7 12 17024 3496
7 13 21962 2307
7 14 13936 1220
7 15 5202 468
7 16 16860 1132
7 17 10472 966
7 18 13551 885
7 19 22667 1699
7 20 5426 628
7 21 4667 461
7 22 22611 1621
7 23 26906 3971
7 24 13152 1559
7 25 22449 2145
7 26 26806 3868
7 27 11106 1896
7 28 4989 344
7 29 10020 671
7 30 10093 1058
7 31 30630 2625
7 32 19514 1934
7 33 23452 2324
7 34 6666 746
7 35 15992 1165
7 36 21935 2451
7 37 6125 441
7 38 15014 1037
7 39 11172 2376
7 40 23114 1921
7 41 12119 1128
7 42 2373 228
7 43 10255 1700
7 44 15889 1524
7 45 28662 3639
7 46 17851 2124
7 47 12337 1572
7 48 16572 2557
7 49 17247 2091
7 50 9541 1800
7 51 11943 1957
7 52 18668 2206
7 53 2571 251
7 54 19034 1870
7 55 20846 1935
7 56 17173 1072
7 57 25672 2796
7 58 28166 2985
7 59 19375 1836
7 60 17886 2102
7 61 6545 430
7 62 10838 1532
7 63 12033 2151
7 64 20309 1868
7 65 19627 2178
7 66 14038 1507
7 67 24196 3603
7 68 26260 4331
7 69 17502 2206
7 70 27890 4772
7 71 22848 1689
7 72 8650 624
7 73 21870 2476
7 74 18008 2015
8 0 26538 2217
8 1 21839 2417
8 2 4956 367
8 3 4310 398
8 4 20834 2024
8 5 20624 2286
8 6 26626 2213
8 7 20127 2301
8 8 0 0
8 9 31269 2736
8 10 33836 3607
8 11 11691 990
8 12 26999 2808
8 13 26856 3141
8 14 29497 2967
8 15 15621 1929
8 16 16958 1828
8 17 10187 856
8 18 6751 686
8 19 11110 854
8 20 14714 1535
8 21 17585 2460
8 22 33388 4219
8 23 19388 3071
8 24 20488 2701
8 25 15542 1129
8 26 20244 2475
8 27 11464 2198
8 28 15157 1326
8 29 21325 1781
8 30 30208 5108
8 31 20870 2110
8 32 28693 2329
8 33 21741 2533
8 34 13586 1305
8 35 5746 391
8 36 7935 702
8 37 26193 2041
8 38 20955 2222
8 39 19058 2772
8 40 8618 854
8 41 9295 968
8 42 22254 1760
8 43 30340 3774
8 44 8664 883
8 45 24860 1872
8 46 26824 4941
8 47 21527 4540
8 48 27445 3767
8 49 21247 1674
8 50 11903 1468
8 51 32051 3812
8 52 29199 4869
8 53 22514 2285
8 54 11748 1389
8 55 9832 883
8 56 7375 604
8 57 31196 2335
8 58 24974 2483
8 59 31131 2594
8 60 17013 2026
8 61 14063 1556
8 62 10084 1196
8 63 18659 2299
8 64 21748 3329
8 65 10969 1214
8 66 13906 1700
8 67 15757 2351
8 68 16927 1960
8 69 16100 1255
8 70 18643 1875
8 71 16612 1384
8 72 28504 2895
8 73 26662 2379
8 74 25504 2979
9 0 4731 397
9 1 15313 911
9 2 32423 2150
9 3 27552 2050
9 4 18092 1728
9 5 15630 1078
9 6 5707 524
9 7 26463 2264
9 8 31269 3064
9 9 0 0
9 10 3203 358
9 11 20915 1947
9 12 10101 1674
9 13 4797 350
9 14 17198 1633
9 15 28596 2256
9 16 14396 1218
9 17 29453 2406
9 18 27067 1904
9 19 22478 1237
9 20 26691 2307
9 21 29911 2139
9 22 9127 769
9 23 17016 2646
9 24 13743 1769
9 25 17433 1343
9 26 15814 1431
9 27 22199 2206
9 28 26719 3097
9 29 16443 1073
9 30 29968 3114
9 31 20155 1828
9 32 7922 675
9 33 10726 915
9 34 27540 2683
9 35 32293 2020
9 36 25201 1647
9 37 26923 2767
9 38 12134 1103
9 39 15925 2220
9 40 25516 1500
9 41 31048 2504
9 42 25710 2896
9 43 30502 3933
9 44 22718 1685
9 45 12102 1271
9 46 8962 933
9 47 14182 2972
9 48 11000 1503
9 49 10644 1182
9 50 23289 3622
9 51 29537 4475
9 52 9593 1247
9 53 25861 2281
9 54 19824 1541
9 55 22553 1596
9 56 34871 2712
9 57 1148 84
9 58 11283 974
9 59 10843 643
9 60 14256 1199
9 61 24410 1855
9 62 24524 3310
9 63 15442 2839
9 64 9526 829
9 65 20817 2316
9 66 17990 1999
9 67 18590 3371
9 68 19316 2288
9 69 15170 1616
9 70 19169 2746
9 71 16489 1361
9 72 26317 1992
9 73 4953 465
9 74 8457 1411
10 0 7491 622
10 1 18516 1984
10 2 34681 3520
10 3 30255 2131
10 4 21296 2026
10 5 18830 1196
10 6 7404 394
10 7 27299 2557
10 8 33836 2633
10 9 3203 204
10 10 0 0
10 11 23079 1517
10 12 10342 1806
10 13 6981 755
10 14 16579 1470
10 15 29929 3380
10 16 16879 1200
10 17 31292 2546
10 18 29273 2452
10 19 25443 1831
10 20 28123 3762
10 21 31062 2105
10 22 7282 506
10 23 20207 3016
10 24 15229 2784
10 25 20456 1422
10 26 19011 2378
10 27 24231 3418
10 28 28105 2044
10 29 17394 1300
10 30 29717 5085
10 31 23356 1981
10 32 7878 649
10 33 13833 1153
10 34 29078 2623
10 35 34493 2450
10 36 28069 2254
10 37 27039 1472
10 38 13850 1678
10 39 17390 3189
10 40 28443 1847
10 41 32963 2977
10 42 26285 3671
10 43 30262 5566
10 44 25208 2732
10 45 15270 1330
10 46 9447 1119
10 47 15342 1823
10 48 11003 1444
10 49 12772 1273
10 50 25164 3466
10 51 29039 3792
10 52 9168 1160
10 53 26407 3917
10 54 22596 1878
10 55 25411 2980
10 56 37026 2594
10 57 2737 323
10 58 14460 1783
10 59 9771 689
10 60 16871 1727
10 61 25967 2236
10 62 26533 3610
10 63 17070 3161
10 64 12241 1111
10 65 23622 2710
10 66 20257 1819
10 67 21686 3109
10 68 22476 3966
10 69 17769 1568
10 70 22363 2473
10 71 19542 1866
10 72 26118 1393
10 73 7174 563
10 74 9572 1384
11 0 16303 1552
11 1 16669 1206
11 2 11617 1043
11 3 9552 842
11 4 17241 1557
11 5 15519 856
11 6 15683 1535
11 7 12496 876
11 8 11691 1481
11 9 20915 1397
11 10 23079 2150
11 11 0 0
11 12 15359 2831
11 13 16196 1652
11 14 18128 1832
11 15 10735 740
11 16 6910 744
11 17 9035 778
11 18 6195 460
11 19 10212 943
11 20 8699 907
11 21 12846 737
11 22 21809 1511
11 23 15042 1603
11 24 8829 993
11 25 10368 787
11 26 15206 1246
11 27 1736 371
11 28 9015 896
11 29 9834 722
11 30 21879 3505
11 31 18462 1385
11 32 17184 1830
11 33 13534 915
11 34 8711 783
11 35 11414 888
11 36 9980 852
11 37 17554 1757
11 38 9508 820
11 39 7385 985
11 40 11092 955
11 41 10371 886
11 42 13827 1376
11 43 22173 4351
11 44 3925 353
11 45 18232 1578
11 46 15276 2238
11 47 9838 1482
11 48 15765 2488
11 49 10320 969
11 50 3491 593
11 51 23201 3709
11 52 17564 2172
11 53 14110 1072
11 54 6568 752
11 55 8455 978
11 56 13964 1127
11 57 20610 2252
11 58 17970 2605
11 59 19453 1451
11 60 7545 519
11 61 6354 418
11 62 3847 526
11 63 6971 1107
11 64 11883 1220
11 65 7132 778
11 66 3017 268
11 67 11944 2119
11 68 13978 2758
11 69 6755 884
11 70 15701 1917
11 71 10986 934
11 72 19257 2340
11 73 16019 1627
11 74 14112 2480
12 0 8379 1161
12 1 19222 3558
12 2 26673 3191
12 3 24234 3165
12 4 21613 3612
12 5 18856 2943
12 6 5401 729
12 7 17024 2794
12 8 26999 5397
12 9 10101 2007
12 10 10342 1160
12 11 15359 2835
12 12 0 0
12 13 6752 1273
12 14 7588 1221
12 15 20062 2501
12 16 11352 1880
12 17 22269 2858
12 18 21301 3445
12 19 21433 4394
12 20 18424 2227
12 21 20982 3151
12 22 6505 1346
12 23 19693 2761
12 24 6531 1237
12 25 17526 1809
12 26 18834 2452
12 27 16007 2081
12 28 18338 2482
12 29 7370 954
12 30 19884 4312
12 31 23689 2531
12 32 2490 388
12 33 13212 1728
12 34 19527 2068
12 35 26309 3936
12 36 23149 3770
12 37 16850 2231
12 38 6244 776
12 39 8293 843
12 40 23896 3690
12 41 24069 4407
12 42 15944 2594
12 43 20415 2750
12 44 18535 2379
12 45 17574 3097
12 46 1273 237
12 47 5830 770
12 48 1114 160
12 49 7143 883
12 50 16455 1759
12 51 19558 2265
12 52 2205 489
12 53 16065 1887
12 54 17589 2161
12 55 20641 2772
12 56 28646 4896
12 57 9114 1139
12 58 16782 1986
12 59 4240 715
12 60 11988 1776
12 61 16533 2740
12 62 18107 2475
12 63 8430 1034
12 64 9511 1610
12 65 18693 1867
12 66 13208 1599
12 67 19331 3560
12 68 20922 3296
12 69 12598 2483
12 70 21659 3788
12 71 17043 2208
12 72 16229 2313
12 73 6787 1306
12 74 2946 337
13 0 1698 120
13 1 13663 1432
13 2 27761 3037
13 3 23318 2925
13 4 16315 1620
13 5 13604 1235
13 6 1358 98
13 7 21962 2302
13 8 26856 2186
13 9 4797 593
13 10 6981 835
13 11 16196 1608
13 12 6752 999
13 13 0 0
13 14 14334 1613
13 15 23862 3036
13 16 9898 812
13 17 24660 2366
13 18 22374 1692
13 19 18813 1823
13 20 21933 1952
13 21 25237 3386
13 22 9071 723
13 23 14751 1996
13 24 9022 1349
13 25 14019 1275
13 26 13683 1375
13 27 17435 2654
13 28 21973 2832
13 29 11978 1286
13 30 26338 4896
13 31 18441 1616
13 32 5466 520
13 33 7982 764
13 34 22759 1886
13 35 27601 2765
13 36 21273 1781
13 37 22971 2019
13 38 7356 530
13 39 11194 1259
13 40 21726 2143
13 41 26265 1914
13 42 21389 1826
13 43 26854 2841
13 44 18226 1518
13 45 11337 1255
13 46 5478 653
13 47 9625 1090
13 48 7838 1136
13 49 5883 385
13 50 18497 3832
13 51 26182 5416
13 52 7265 1129
13 53 21561 1957
13 54 15723 2234
13 55 18614 1610
13 56 30160 4215
13 57 4416 404
13 58 10505 1273
13 59 9239 718
13 60 9925 796
13 61 19629 2163
13 62 19756 4137
13 63 10667 1398
13 64 5440 363
13 65 16774 2098
13 66 13320 1091
13 67 15481 2497
13 68 16611 3229
13 69 10812 1275
13 70 16882 2507
13 71 13217 981
13 72 22685 2351
13 73 201 22
13 74 4261 604
14 0 15968 1156
14 1 26295 2475
14 2 27882 2459
14 3 27671 1804
14 4 28489 2995
14 5 25777 2082
14 6 12987 1280
14 7 13936 990
14 8 29497 2055
14 9 17198 1418
14 10 16579 989
14 11 18128 1551
14 12 7588 826
14 13 14334 1125
14 14 0 0
14 15 18437 1919
14 16 16764 959
14 17 22317 2557
14 18 22996 2232
14 19 26509 1477
14 20 17448 1566
14 21 18551 1290
14 22 10022 935
14 23 26415 4302
14 24 10664 1313
14 25 23490 1668
14 26 25701 1863
14 27 18044 3328
14 28 17189 2587
14 29 8301 536
14 30 13246 2097
14 31 30490 4061
14 32 9311 781
14 33 20330 2352
14 34 18788 2601
14 35 27314 2588
14 36 27511 1719
14 37 11250 742
14 38 11659 1028
14 39 11019 1441
14 40 28457 1848
14 41 24187 1387
14 42 12023 1230
14 43 13796 2101
14 44 21934 2230
14 45 24993 2039
14 46 8861 1912
14 47 9058 981
14 48 6496 804
14 49 13530 1627
14 50 17720 3277
14 51 12460 1612
14 52 7607 1400
14 53 12015 1124
14 54 22401 1822
14 55 25308 2651
14 56 29235 1958
14 57 16105 1200
14 58 24226 1701
14 59 6901 680
14 60 17664 1204
14 61 16448 1064
14 62 19561 3233
14 63 11805 1776
14 64 16499 1540
14 65 23438 1823
14 66 17067 1959
14 67 25401 4263
14 68 27214 4317
14 69 18000 1838
14 70 28219 4734
14 71 23236 1702
14 72 9760 846
14 73 14374 1173
14 74 10386 2050
15 0 24566 2323
15 1 27350 3245
15 2 11810 884
15 3 16488 1362
15 4 27973 3214
15 5 26222 3413
15 6 22896 2010
15 7 5202 590
15 8 15621 1667
15 9 28596 2762
15 10 29929 2752
15 11 10735 991
15 12 20062 2621
15 13 23862 3332
15 14 18437 1739
15 15 0 0
15 16 16737 1688
15 17 5536 571
15 18 9502 802
15 19 20172 1627
15 20 2096 307
15 21 2212 255
15 22 26177 3243
15 23 25777 3582
15 24 14853 2428
15 25 21099 2586
15 26 25918 3156
15 27 9030 1505
15 28 1922 150
15 29 12692 1645
15 30 14843 2949
15 31 29141 2325
15 32 22486 2529
15 33 23604 1798
15 34 2269 324
15 35 10994 1021
15 36 18795 1579
15 37 11206 1335
15 38 16526 1693
15 39 12672 2414
15 40 19983 2828
15 41 7020 699
15 42 7575 1024
15 43 14908 1930
15 44 13200 1247
15 45 28610 2169
15 46 20647 3231
15 47 14588 1985
15 48 19850 2318
15 49 18430 2118
15 50 7251 803
15 51 16883 2422
15 52 21980 3283
15 53 7771 836
15 54 17112 1892
15 55 18258 1699
15 56 12000 973
15 57 27961 2648
15 58 28247 2962
15 59 23069 2286
15 60 17633 1871
15 61 4603 460
15 62 7735 1410
15 63 13228 2273
15 64 21063 1543
15 65 17442 1523
15 66 13172 929
15 67 22622 4191
15 68 24624 4977
15 69 17021 1713
15 70 26383 3043
15 71 21717 1745
15 72 13815 1878
15 73 23734 2649
15 74 20368 2873
16 0 9680 762
16 1 11269 731
16 2 18091 1408
16 3 13511 858
16 4 12710 1195
16 5 10338 882
16 6 9718 662
16 7 16860 1139
16 8 16958 1654
16 9 14396 1207
16 10 16879 1012
16 11 6910 540
16 12 11352 1235
16 13 9898 762
16 14 16764 1649
16 15 16737 2349
16 16 0 0
16 17 15918 1193
16 18 12828 1146
16 19 10090 1014
16 20 14643 1780
16 21 18616 1704
16 22 17152 1439
16 23 10450 1355
16 24 6136 885
16 25 6778 496
16 26 10124 855
16 27 8484 1599
16 28 14845 1322
16 29 9452 846
16 30 24573 3174
16 31 14455 1435
16 32 12404 900
16 33 6868 553
16 34 15034 1625
16 35 18021 1737
16 36 11901 844
16 37 20396 1245
16 38 5266 354
16 39 6665 1268
16 40 12580 758
16 41 17281 1230
16 42 17369 1658
16 43 24981 2965
16 44 8337 574
16 45 11925 1400
16 46 10756 1536
16 47 7789 900
16 48 12153 1318
16 49 4495 359
16 50 9983 1478
16 51 25316 3571
16 52 13377 2162
16 53 17625 1686
16 54 6279 902
16 55 9329 731
16 56 20636 1607
16 57 14255 1335
16 58 11522 1142
16 59 15566 940
16 60 1064 84
16 61 12135 1331
16 62 10744 1277
16 63 5631 1227
16 64 5032 404
16 65 7385 627
16 66 3899 324
16 67 8709 935
16 68 10633 1231
16 69 1263 153
16 70 11894 1495
16 71 6698 661
16 72 21313 1501
16 73 9704 1070
16 74 9106 1468
17 0 25002 2547
17 1 25209 3276
17 2 6307 562
17 3 11649 1063
17 4 25313 1993
17 5 24002 2401
17 6 23937 3375
17 7 10472 1196
17 8 10187 1256
17 9 29453 3169
17 10 31292 2846
17 11 9035 687
17 12 22269 2832
17 13 24660 1966
17 14 22317 2855
17 15 5536 440
17 16 15918 1359
17 17 0 0
17 18 4856 644
17 19 16482 1444
17 20 5195 415
17 21 7403 808
17 22 28711 3002
17 23 23271 5078
17 24 16147 1648
17 25 18587 2414
17 26 23658 1912
17 27 7441 1218
17 28 5583 514
17 29 15185 1627
17 30 20357 3071
17 31 26151 2297
17 32 24498 2774
17 33 22556 1961
17 34 3843 380
17 35 5520 621
17 36 14494 1259
17 37 16590 2401
17 38 17444 1587
17 39 14079 2125
17 40 15643 1869
17 41 1873 220
17 42 12779 1371
17 43 20434 3541
17 44 9859 917
17 45 27126 2152
17 46 22567 3081
17 47 16451 2887
17 48 22322 2491
17 49 18830 1452
17 50 6164 757
17 51 22352 4119
17 52 24383 2576
17 53 13009 1430
17 54 14256 1864
17 55 14575 1463
17 56 6963 526
17 57 29010 4175
17 58 26916 3537
17 59 25851 2541
17 60 16581 1467
17 61 5928 555
17 62 5188 727
17 63 14249 2050
17 64 20810 1940
17 65 14263 1160
17 66 12020 1553
17 67 19787 2990
17 68 21636 2991
17 69 15782 1632
17 70 23463 3158
17 71 19403 1580
17 72 19108 1573
17 73 24501 2249
17 74 21846 4709
18 0 22415 1857
18 1 20910 2073
18 2 5430 513
18 3 6996 692
18 4 20772 2290
18 5 19681 1249
18 6 21878 1818
18 7 13551 1191
18 8 6751 511
18 9 27067 2142
18 10 29273 2463
18 11 6195 391
18 12 21301 2751
18 13 22374 1690
18 14 22996 1899
18 15 9502 931
18 16 12828 1223
18 17 4856 539
18 18 0 0
18 19 11678 980
18 20 8229 830
18 21 11646 869
18 22 27798 2511
18 23 18822 3847
18 24 14801 1860
18 25 14221 1153
18 26 19322 1552
18 27 5295 590
18 28 8674 700
18 29 15004 1172
18 30 23641 2447
18 31 21481 2050
18 32 23254 1379
18 33 18968 1251
18 34 7285 626
18 35 5227 306
18 36 9644 804
18 37 19543 1335
18 38 15656 1575
18 39 13066 1610
18 40 10801 755
18 41 5237 437
18 42 15593 1820
18 43 23805 4004
18 44 5401 512
18 45 23157 1989
18 46 21326 3135
18 47 15575 2446
18 48 21594 2545
18 49 16508 2112
18 50 5277 864
18 51 25407 4562
18 52 23499 2920
18 53 15859 1430
18 54 9841 964
18 55 9790 825
18 56 7815 752
18 57 26790 1933
18 58 23042 1676
18 59 25268 2308
18 60 13263 1193
18 61 7322 601
18 62 3435 621
18 63 12877 2347
18 64 17860 1049
18 65 9678 885
18 66 9077 700
18 67 15241 2017
18 68 17002 2480
18 69 12378 876
18 70 18837 3555
18 71 15125 1658
18 72 21794 2160
18 73 22195 1869
18 74 20254 3248
19 0 17964 1225
19 1 10791 733
19 2 14793 1189
19 3 6807 432
19 4 9749 943
19 5 9601 617
19 6 19059 1391
19 7 22667 2148
19 8 11110 1411
19 9 22478 2348
19 10 25443 1425
19 11 10212 739
19 12 21433 3715
19 13 18813 1944
19 14 26509 1587
19 15 20172 1792
19 16 10090 721
19 17 16482 1227
19 18 11678 1168
19 19 0 0
19 20 18341 2460
19 21 22380 2345
19 22 27014 1805
19 23 8298 1527
19 24 15893 2388
19 25 5131 513
19 26 9223 1093
19 27 11574 1711
19 28 18726 1825
19 29 18536 1688
19 30 32053 4855
19 31 10020 1089
19 32 22324 1839
19 33 11935 1024
19 34 17932 1984
19 35 15220 1035
19 36 3250 291
19 37 27725 3136
19 38 15330 1067
19 39 15636 1641
19 40 3118 197
19 41 16851 1556
19 42 24037 2999
19 43 32361 6105
19 44 6972 587
19 45 14035 1283
19 46 20781 2512
19 47 17457 1864
19 48 22243 3502
19 49 14408 1737
19 50 13237 2153
19 51 33283 3449
19 52 23420 3726
19 53 24319 2423
19 54 4133 515
19 55 1924 205
19 56 17640 1348
19 57 22706 1638
19 58 14270 1210
19 59 25630 1417
19 60 9474 1188
19 61 16292 1391
19 62 12436 1530
19 63 14750 2618
19 64 13375 952
19 65 3195 444
19 66 9708 768
19 67 4749 689
19 68 5831 793
19 69 8836 1091
19 70 7593 873
19 71 6177 563
19 72 29293 2545
19 73 18612 1840
19 74 19053 2459
20 0 22586 1937
20 1 25275 3626
20 2 11420 1212
20 3 15100 1557
20 4 25940 3837
20 5 24154 2656
20 6 21005 2039
20 7 5426 431
20 8 14714 1296
20 9 26691 2593
20 10 28123 3635
20 11 8699 710
20 12 18424 3101
20 13 21933 1962
20 14 17448 1431
20 15 2096 168
20 16 14643 1739
20 17 5195 476
20 18 8229 772
20 19 18341 1678
20 20 0 0
20 21 4146 523
20 22 24666 2478
20 23 23733 4095
20 24 12960 2824
20 25 19068 2049
20 26 23853 2457
20 27 7018 1232
20 28 445 50
20 29 11074 1052
20 30 15493 3119
20 31 27144 3204
20 32 20808 1876
20 33 21511 2745
20 34 1376 110
20 35 10674 907
20 36 17151 1293
20 37 11537 1408
20 38 14581 1182
20 39 10776 1434
20 40 18342 1541
20 41 6976 614
20 42 7650 524
20 43 15629 2062
20 44 11376 761
20 45 26514 2945
20 46 18936 2748
20 47 12816 1527
20 48 18291 3114
20 49 16424 1298
20 50 5242 643
20 51 17369 2431
20 52 20411 3403
20 53 7894 1025
20 54 15146 1889
20 55 16442 1424
20 56 12109 970
20 57 26088 3189
20 58 26151 2263
20 59 21629 2638
20 60 15537 2064
20 61 2508 281
20 62 5958 805
20 63 11271 1932
20 64 19003 1850
20 65 15528 1380
20 66 11081 1324
20 67 20623 2703
20 68 22639 2972
20 69 14926 1163
20 70 24384 3669
20 71 19665 1757
20 72 13980 1165
20 73 21800 2248
20 74 18551 2445
21 0 26045 2194
21 1 29390 2966
21 2 13520 762
21 3 18642 1329
21 4 30085 2519
21 5 28278 2456
21 6 24204 2015
21 7 4667 416
21 8 17585 1800
21 9 29911 3382
21 10 31062 1838
21 11 12846 797
21 12 20982 3836
21 13 25237 3641
21 14 18551 2291
21 15 2212 243
21 16 18616 1112
21 17 7403 901
21 18 11646 1011
21 19 22380 1685
21 20 4146 407
21 21 0 0
21 22 26877 1597
21 23 27875 3614
21 24 16219 2922
21 25 23214 2392
21 26 27981 2274
21 27 11162 1539
21 28 3844 526
21 29 13680 870
21 30 13346 1889
21 31 31288 2873
21 32 23449 1706
21 33 25464 2447
21 34 4478 380
21 35 12674 1055
21 36 21001 1744
21 37 10088 743
21 38 17973 1194
21 39 14067 1907
21 40 22189 1657
21 41 8643 528
21 42 6910 555
21 43 13348 2373
21 44 15408 1483
21 45 30530 2467
21 46 21673 2901
21 47 15763 2577
21 48 20663 2229
21 49 19994 2334
21 50 9385 1298
21 51 15506 2326
21 52 22788 3507
21 53 7040 575
21 54 19278 1479
21 55 20468 1693
21 56 13351 949
21 57 29218 1902
21 58 30138 2137
21 59 23693 1441
21 60 19546 2015
21 61 6574 572
21 62 9944 1441
21 63 14726 2640
21 64 22764 2165
21 65 19631 1741
21 66 15166 1723
21 67 24767 3960
21 68 26780 2952
21 69 18976 2234
21 70 28529 4596
21 71 23804 1450
21 72 12790 890
21 73 25121 2162
21 74 21561 3395
22 0 10611 722
22 1 22722 1815
22 2 33177 3072
22 3 30445 2019
22 4 25386 2153
22 5 22673 1564
22 6 8281 490
22 7 22611 1882
22 8 33388 4880
22 9 9127 577
22 10 7282 421
22 11 21809 1423
22 12 6505 748
22 13 9071 690
22 14 10022 760
22 15 26177 3957
22 16 17152 1239
22 17 28711 2016
22 18 27798 1891
22 19 27014 2612
22 20 24666 2040
22 21 26877 1858
22 22 0 0
22 23 23795 3252
22 24 13004 2114
22 25 22601 2068
22 26 22747 1726
22 27 22506 4029
22 28 24541 2248
22 29 13615 1125
22 30 23253 4038
22 31 27511 3202
22 32 4757 362
22 33 17021 1116
22 34 25830 3171
22 35 32814 2059
22 36 29053 3353
22 37 21120 1307
22 38 12451 1159
22 39 14797 2272
22 40 29695 2204
22 41 30527 1967
22 42 21149 2323
22 43 23803 2681
22 44 24834 1664
22 45 20178 2365
22 46 6566 1094
22 47 12320 2226
22 48 6398 1178
22 49 12672 1944
22 50 22955 3357
22 51 22311 3435
22 52 4334 575
22 53 21212 2078
22 54 23421 3284
22 55 26460 2237
22 56 35145 3058
22 57 7998 551
22 58 19334 1788
22 59 3276 340
22 60 17587 1813
22 61 22908 2130
22 62 24613 3853
22 63 14921 2630
22 64 13975 1146
22 65 24525 2117
22 66 19511 1956
22 67 24229 2906
22 68 25529 4897
22 69 18330 2124
22 70 25910 3184
22 71 21923 1902
22 72 19782 1494
22 73 9236 970
22 74 8051 1247
23 0 13353 1721
23 1 2549 261
23 2 22761 2526
23 3 15078 2155
23 4 2277 370
23 5 1532 188
23 6 15542 2708
23 7 26906 2906
23 8 19388 2697
23 9 17016 2796
23 10 20207 3979
23 11 15042 2858
23 12 19693 3133
23 13 14751 1917
23 14 26415 3878
23 15 25777 2886
23 16 10450 1297
23 17 23271 3338
23 18 18822 2865
23 19 8298 1544
23 20 23733 2632
23 21 27875 3693
23 22 23795 3358
23 23 0 0
23 24 16259 2112
23 25 4711 810
23 26 1241 167
23 27 16756 2534
23 28 24033 3049
23 29 19817 3116
23 30 35019 4722
23 31 4085 896
23 32 19638 2249
23 33 6774 1122
23 34 23726 3052
23 35 23082 3502
23 36 11539 2130
23 37 30822 3923
23 38 14854 2313
23 39 17103 2330
23 40 11177 1871
23 41 24041 2973
23 42 27663 4909
23 43 35423 6380
23 44 13458 1678
23 45 6166 713
23 46 18663 3222
23 47 17898 2620
23 48 20733 3401
23 49 12889 1719
23 50 18530 2915
23 51 35754 4154
23 52 21185 2619
23 53 27927 5620
23 54 9020 1783
23 55 9649 1385
23 56 25614 4421
23 57 17591 2641
23 58 6638 1369
23 59 23402 2925
23 60 9389 1941
23 61 21326 2773
23 62 18432 2423
23 63 16066 2167
23 64 10190 1400
23 65 9169 1363
23 66 12890 2166
23 67 3679 498
23 68 2770 397
23 69 9532 1125
23 70 2161 355
23 71 4081 591
23 72 31758 3854
23 73 14576 1802
23 74 16809 3842
24 0 9866 1509
24 1 16613 2725
24 2 20198 2896
24 3 17877 2046
24 4 18455 2289
24 5 15876 2255
24 6 8047 1387
24 7 13152 2104
24 8 20488 2508
24 9 13743 1594
24 10 15229 3004
24 11 8829 1629
24 12 6531 796
24 13 9022 1320
24 14 10664 1595
24 15 14853 2098
24 16 6136 1220
24 17 16147 2325
24 18 14801 1930
24 19 15893 2095
24 20 12960 1548
24 21 16219 1705
24 22 13004 1356
24 23 16259 2067
24 24 0 0
24 25 12909 2471
24 26 15731 1715
24 27 9517 1781
24 28 12978 1775
24 29 3735 475
24 30 19220 2766
24 31 20334 4276
24 32 8475 989
24 33 11078 2084
24 34 13861 1571
24 35 19868 2441
24 36 17152 2539
24 37 15283 2804
24 38 1880 222
24 39 2183 286
24 40 18016 3682
24 41 17880 2240
24 42 12934 1708
24 43 19675 2238
24 44 12119 1413
24 45 16259 3138
24 46 6538 760
24 47 1659 286
24 48 6966 1069
24 49 4215 632
24 50 10124 1973
24 51 19680 2775
24 52 8737 1768
24 53 13146 1497
24 54 11823 1257
24 55 14802 2596
24 56 22266 4005
24 57 13129 1641
24 58 15639 2213
24 59 10647 1489
24 60 7092 739
24 61 10742 1865
24 62 11685 2198
24 63 1938 315
24 64 7472 908
24 65 12890 1889
24 66 6846 843
24 67 14837 2439
24 68 16726 1746
24 69 7352 1007
24 70 17885 2361
24 71 12757 1568
24 72 15759 3099
24 73 8903 1430
24 74 5703 830
25 0 13024 895
25 1 6691 429
25 2 18444 1450
25 3 11301 984
25 4 6874 1061
25 5 5460 520
25 6 14428 924
25 7 22449 1806
25 8 15542 1656
25 9 17433 1241
25 10 20456 1116
25 11 10368 710
25 12 17526 2007
25 13 14019 1720
25 14 23490 2395
25 15 21099 1829
25 16 6778 362
25 17 18587 1677
25 18 14221 787
25 19 5131 354
25 20 19068 1370
25 21 23214 1604
25 22 22601 1511
25 23 4711 719
25 24 12909 2616
25 25 0 0
25 26 5101 503
25 27 12070 1437
25 28 19379 2164
25 29 16176 1219
25 30 30957 4771
25 31 8181 873
25 32 18044 1568
25 33 6811 454
25 34 19028 2755
25 35 18693 1774
25 36 8177 800
25 37 26692 2565
25 38 11859 1130
25 39 13318 1468
25 40 8243 914
25 41 19411 1264
25 42 23359 2668
25 43 31333 4165
25 44 8826 1061
25 45 9332 1045
25 46 16698 1874
25 47 14565 2292
25 48 18455 2127
25 49 10386 775
25 50 13847 2248
25 51 31860 3923
25 52 19337 2913
25 53 23630 1571
25 54 4380 387
25 55 5757 674
25 56 21278 2386
25 57 17722 1311
25 58 9432 776
25 59 21582 1696
25 60 5828 649
25 61 16690 1072
25 62 13721 2003
25 63 12306 2147
25 64 8667 600
25 65 4731 689
25 66 8419 633
25 67 1933 408
25 68 3929 576
25 69 5615 712
25 70 5445 696
25 71 1081 104
25 72 27839 1959
25 73 13821 1805
25 74 14880 1677
26 0 12244 957
26 1 1612 204
26 2 23449 2131
26 3 15939 2255
26 4 2790 298
26 5 379 39
26 6 14525 1301
26 7 26806 1996
26 8 20244 2622
26 9 15814 1056
26 10 19011 1438
26 11 15206 1892
26 12 18834 1946
26 13 13683 1570
26 14 25701 2081
26 15 25918 2535
26 16 10124 765
26 17 23658 2113
26 18 19322 1466
26 19 9223 944
26 20 23853 1937
26 21 27981 3011
26 22 22747 1644
26 23 1241 230
26 24 15731 2405
26 25 5101 617
26 26 0 0
26 27 16936 2933
26 28 24136 3186
26 29 19354 2080
26 30 34673 4945
26 31 4857 398
26 32 18671 1513
26 33 5748 428
26 34 23917 3067
26 35 23734 3299
26 36 12473 1321
26 37 30518 2481
26 38 14239 1089
26 39 16713 2452
26 40 12186 975
26 41 24510 2412
26 42 27460 3399
26 43 35089 5920
26 44 13927 1538
26 45 4987 533
26 46 17770 2460
26 47 17348 3657
26 48 19891 2396
26 49 12178 1536
26 50 18696 2506
26 51 35333 5097
26 52 20255 3217
26 53 27720 2688
26 54 9481 1412
26 55 10438 1119
26 56 26295 3262
26 57 16410 1928
26 58 5420 629
26 59 22457 2915
26 60 9061 1162
26 61 21411 2392
26 62 18720 3349
26 63 15677 2459
26 64 9325 1119
26 65 9761 788
26 66 12875 1151
26 67 4491 566
26 68 3946 734
26 69 9320 1095
26 70 3358 466
26 71 4261 516
26 72 31355 2180
26 73 13513 1357
26 74 15924 1632
27 0 17658 3031
27 1 18404 3390
27 2 10681 1433
27 3 9961 1332
27 4 18945 3023
27 5 17251 1823
27 6 16828 1771
27 7 11106 1460
27 8 11464 1264
27 9 22199 3624
27 10 24231 4769
27 11 1736 267
27 12 16007 2599
27 13 17435 2184
27 14 18044 2720
27 15 9030 1189
27 16 8484 1362
27 17 7441 1245
27 18 5295 788
27 19 11574 1935
27 20 7018 895
27 21 11162 1457
27 22 22506 2762
27 23 16756 2791
27 24 9517 2053
27 25 12070 1436
27 26 16936 2539
27 27 0 0
27 28 7352 1098
27 29 9867 1560
27 30 20740 3642
27 31 20126 4053
27 32 17984 2943
27 33 15202 2047
27 34 6980 1249
27 35 10369 1455
27 36 10958 2022
27 37 16437 2826
27 38 10467 1619
27 39 7779 1618
27 40 12116 1573
27 41 8889 1461
27 42 12612 2124
27 43 21005 2251
27 44 4832 913
27 45 19950 3699
27 46 16052 2259
27 47 10287 1751
27 48 16303 2430
27 49 11556 1966
27 50 1778 273
27 51 22181 2466
27 52 18204 1987
27 53 12894 1317
27 54 8147 1351
27 55 9740 1468
27 56 12828 1637
27 57 21833 2317
27 58 19676 2859
27 59 19980 2497
27 60 9186 1437
27 61 4756 649
27 62 2327 346
27 63 7587 856
27 64 13375 1462
27 65 8604 1619
27 66 4596 559
27 67 13605 1970
27 68 15623 2340
27 69 8428 966
27 70 17366 2396
27 71 12709 1859
27 72 18300 2361
27 73 17266 3330
27 74 15039 2464
28 0 22658 1659
28 1 25548 3243
28 2 11832 1002
28 3 15539 1999
28 4 26248 1995
28 5 24434 2111
28 6 21025 3102
28 7 4989 374
28 8 15157 994
28 9 26719 1880
28 10 28105 3440
28 11 9015 1247
28 12 18338 3288
28 13 21973 2324
28 14 17189 1463
28 15 1922 137
28 16 14845 1497
28 17 5583 642
28 18 8674 756
28 19 18726 2315
28 20 445 41
28 21 3844 295
28 22 24541 2393
28 23 24033 3956
28 24 12978 2354
28 25 19379 2488
28 26 24136 3700
28 27 7352 1126
28 28 0 0
28 29 10974 1058
28 30 15051 1625
28 31 27472 2213
28 32 20737 2261
28 33 21708 1870
28 34 1741 231
28 35 11079 1124
28 36 17569 1166
28 37 11106 1091
28 38 14629 1605
28 39 10794 2463
28 40 18760 2284
28 41 7341 717
28 42 7230 644
28 43 15184 2870
28 44 11767 1199
28 45 26736 2058
28 46 18876 2303
28 47 12777 2008
28 48 18178 2181
28 49 16514 1202
28 50 5582 945
28 51 16933 2237
28 52 20302 3487
28 53 7470 707
28 54 15493 1082
28 55 16831 1572
28 56 12469 1051
28 57 26100 2411
28 58 26362 2852
28 59 21481 2580
28 60 15753 1205
28 61 2736 242
28 62 6367 753
28 63 11326 1747
28 64 19142 2440
28 65 15892 1824
28 66 11332 1199
28 67 20952 2888
28 68 22974 3271
28 69 15160 1968
28 70 24712 3739
28 71 19961 2801
28 72 13561 1947
28 73 21843 1847
28 74 18534 2855
29 0 13088 707
29 1 20294 1728
29 2 20149 2166
29 3 19371 1588
29 4 22043 3012
29 5 19517 1977
29 6 10802 657
29 7 10020 840
29 8 21325 1924
29 9 16443 1365
29 10 17394 1134
29 11 9834 624
29 12 7370 872
29 13 11978 1055
29 14 8301 760
29 15 12692 1065
29 16 9452 829
29 17 15185 1082
29 18 15004 1046
29 19 18536 1249
29 20 11074 1398
29 21 13680 1292
29 22 13615 1342
29 23 19817 3030
29 24 3735 473
29 25 16176 1038
29 26 19354 2047
29 27 9867 1929
29 28 10974 828
29 29 0 0
29 30 15485 1987
29 31 23866 1927
29 32 9799 572
29 33 14812 1370
29 34 12216 1382
29 35 19675 1673
29 36 19295 1149
29 37 11566 820
29 38 5541 514
29 39 2912 379
29 40 20280 1496
29 41 17031 1687
29 42 9449 963
29 43 15940 2093
29 44 13634 1001
29 45 19992 2805
29 46 7994 988
29 47 2423 401
29 48 7223 919
29 49 7902 708
29 50 9807 1130
29 51 15990 1821
29 52 9338 2030
29 53 9638 1026
29 54 14403 1463
29 55 17197 1896
29 56 21838 1893
29 57 15663 848
29 58 19366 2362
29 59 10670 726
29 60 10483 758
29 61 9314 901
29 62 11608 1316
29 63 3881 611
29 64 11186 1244
29 65 15389 1739
29 66 8897 716
29 67 18107 3217
29 68 20071 2050
29 69 10562 1245
29 70 21342 2715
29 71 16150 1203
29 72 12042 821
29 73 11896 924
29 74 7991 1109
30 0 27771 3512
30 1 35705 3843
30 2 26652 4557
30 3 30267 4629
30 4 37283 6328
30 5 34864 4526
30 6 24999 5113
30 7 10093 1823
30 8 30208 3198
30 9 29968 4751
30 10 29717 4031
30 11 21879 4951
30 12 19884 2313
30 13 26338 5456
30 14 13246 1543
30 15 14843 2666
30 16 24573 2788
30 17 20357 3888
30 18 23641 4323
30 19 32053 3788
30 20 15493 2495
30 21 13346 3040
30 22 23253 2521
30 23 35019 4482
30 24 19220 3237
30 25 30957 5011
30 26 34673 5015
30 27 20740 4296
30 28 15051 3121
30 29 15485 2225
30 30 0 0
30 31 38983 5299
30 32 22085 2238
30 33 30298 5324
30 34 16663 2406
30 35 25838 3402
30 36 31698 3703
30 37 4327 623
30 38 20987 3749
30 39 17966 2922
30 40 32856 7416
30 41 21849 2710
30 42 8158 1049
30 43 550 70
30 44 25571 3411
30 45 35465 6874
30 46 21081 2841
30 47 17772 1984
30 48 18969 2493
30 49 23337 3558
30 50 19360 3310
30 51 2362 381
30 52 20576 3378
30 53 7878 1089
30 54 28150 3359
30 55 30334 3529
30 56 26692 4691
30 57 28942 4318
30 58 34821 3707
30 59 20143 3903
30 60 25636 2816
30 61 16505 1974
30 62 20820 3433
30 63 18999 3397
30 64 26632 2679
30 65 28898 3779
30 66 22702 3059
30 67 32832 5273
30 68 34880 4382
30 69 25513 3840
30 70 36340 4225
30 71 31137 3529
30 72 3658 552
30 73 26319 3596
30 74 22080 3119
31 0 16939 1175
31 1 4860 424
31 2 24804 2672
31 3 16661 1659
31 4 2125 227
31 5 4867 510
31 6 19335 1917
31 7 30630 3115
31 8 20870 1605
31 9 20155 2437
31 10 23356 1885
31 11 18462 1694
31 12 23689 4892
31 13 18441 2323
31 14 30490 3678
31 15 29141 1922
31 16 14455 1454
31 17 26151 2282
31 18 21481 1595
31 19 10020 1073
31 20 27144 3733
31 21 31288 3764
31 22 27511 3511
31 23 4085 729
31 24 20334 2949
31 25 8181 802
31 26 4857 414
31 27 20126 4158
31 28 27472 2097
31 29 23866 2935
31 30 38983 5125
31 31 0 0
31 32 23510 1856
31 33 10580 783
31 34 27010 3100
31 35 25240 2019
31 36 12971 1246
31 37 34756 3818
31 38 18940 1582
31 39 21120 2595
31 40 12264 1185
31 41 26711 3189
31 42 31504 4104
31 43 39376 7055
31 44 16308 1243
31 45 8265 747
31 46 22628 3098
31 47 21976 4473
31 48 24743 2571
31 49 16961 1840
31 50 21903 2458
31 51 39771 5865
31 52 25107 3252
31 53 31773 3315
31 54 12053 1078
31 55 11773 1367
31 56 27645 3228
31 57 20859 2941
31 58 9001 1117
31 59 27304 2058
31 60 13403 1325
31 61 24812 3648
31 62 21581 2712
31 63 20085 3545
31 64 14178 1879
31 65 11896 1534
31 66 16596 1672
31 67 6520 1071
31 68 4535 501
31 69 13470 1529
31 70 2760 381
31 71 7856 621
31 72 35765 3363
31 73 18277 2433
31 74 20782 4084
32 0 7164 514
32 1 18850 2220
32 2 28664 2224
32 3 25694 1811
32 4 21396 1995
32 5 18642 1452
32 6 4279 307
32 7 19514 1695
32 8 28693 2820
32 9 7922 684
32 10 7878 552
32 11 17184 1432
32 12 2490 397
32 13 5466 646
32 14 9311 724
32 15 22486 1742
32 16 12404 929
32 17 24498 2478
32 18 23254 1698
32 19 22324 1903
32 20 20808 2478
32 21 23449 1814
32 22 4757 494
32 23 19638 2130
32 24 8475 978
32 25 18044 1180
32 26 18671 1642
32 27 17984 3779
32 28 20737 1953
32 29 9799 607
32 30 22085 3879
32 31 23510 2354
32 32 0 0
32 33 12930 756
32 34 21878 1874
32 35 28343 2500
32 36 24306 1754
32 37 19211 1960
32 38 7738 529
32 39 10431 1244
32 40 24964 2442
32 41 26273 1776
32 42 18421 2280
32 43 22623 3848
32 44 20107 1337
32 45 16767 1121
32 46 1939 333
32 47 8066 932
32 48 3151 390
32 49 7938 891
32 50 18573 2028
32 51 21614 3947
32 52 1821 242
32 53 18538 2196
32 54 18679 1332
32 55 21723 1780
32 56 30738 2219
32 57 6865 432
32 58 15941 1605
32 59 3821 352
32 60 12869 1281
32 61 18846 1323
32 62 20159 3052
32 63 10413 1785
32 64 9549 580
32 65 19784 1750
32 66 14794 1519
32 67 19742 3611
32 68 21161 4028
32 69 13593 1221
32 70 21698 3081
32 71 17430 1269
32 72 18445 1019
32 73 5568 480
32 74 3298 511
33 0 6645 435
33 1 6010 579
33 2 23889 1779
33 3 17678 1229
33 4 8468 650
33 5 5712 675
33 6 8779 695
33 7 23452 2008
33 8 21741 1572
33 9 10726 942
33 10 13833 997
33 11 13534 1091
33 12 13212 1852
33 13 7982 661
33 14 20330 1271
33 15 23604 3326
33 16 6868 608
33 17 22556 1986
33 18 18968 1193
33 19 11935 1188
33 20 21511 2172
33 21 25464 2223
33 22 17021 1054
33 23 6774 692
33 24 11078 1310
33 25 6811 749
33 26 5748 536
33 27 15202 2302
33 28 21708 2080
33 29 14812 1260
33 30 30298 3078
33 31 10580 1156
33 32 12930 1066
33 33 0 0
33 34 21892 2456
33 35 23967 1694
33 36 14874 1386
33 37 26328 2221
33 38 9342 556
33 39 12539 2177
33 40 15035 1136
33 41 23782 2638
33 42 23691 2741
33 43 30752 4719
33 44 13821 1018
33 45 5234 511
33 46 12101 1368
33 47 12565 2598
33 48 14293 1728
33 49 7047 758
33 50 16788 3203
33 51 30706 3829
33 52 14538 1970
33 53 23928 2403
33 54 9993 851
33 55 12308 1065
33 56 26608 2615
33 57 11129 1231
33 58 4715 476
33 59 16726 1050
33 60 6030 549
33 61 19003 1375
33 62 17371 3138
33 63 11559 1279
33 64 3841 293
33 65 10812 1276
33 66 10625 1049
33 67 7863 1358
33 68 8713 1506
33 69 6779 841
33 70 8899 1587
33 71 5809 357
33 72 26820 1694
33 73 7805 1135
33 74 10274 1312
34 0 23334 2114
34 1 25379 2470
34 2 10112 879
34 3 14253 1247
34 4 25898 1873
34 5 24230 2687
34 6 21882 1808
34 7 6666 578
34 8 13586 1363
34 9 27540 2689
34 10 29078 2569
34 11 8711 612
34 12 19527 3294
34 13 22759 2537
34 14 18788 2202
34 15 2269 176
34 16 15034 1521
34 17 3843 399
34 18 7285 608
34 19 17932 1673
34 20 1376 139
34 21 4478 456
34 22 25830 2889
34 23 23726 4152
34 24 13861 2145
34 25 19028 2489
34 26 23917 1784
34 27 6980 977
34 28 1741 173
34 29 12216 1152
34 30 16663 2390
34 31 27010 2734
34 32 21878 2929
34 33 21892 1747
34 34 0 0
34 35 9349 1000
34 36 16525 1169
34 37 12792 1009
34 38 15406 1061
34 39 11690 1229
34 40 17714 1241
34 41 5604 413
34 42 8947 1074
34 43 16773 1944
34 44 10967 1077
34 45 26802 2126
34 46 19986 4287
34 47 13839 2061
34 48 19440 4198
34 49 17138 2075
34 50 5227 723
34 51 18594 2167
34 52 21550 3747
34 53 9182 693
34 54 14961 1826
34 55 16015 1438
34 56 10735 861
34 57 26977 3113
34 58 26478 2181
34 59 22831 2379
34 60 15874 1302
34 61 3130 214
34 62 5504 948
34 63 12098 2410
34 64 19573 2059
34 65 15248 1204
34 66 11327 1107
34 67 20500 3129
34 68 22483 2572
34 69 15206 2057
34 70 24258 2915
34 71 19687 1898
34 72 15279 1387
34 73 22619 1776
34 74 19513 4082
35 0 27636 2859
35 1 25344 1446
35 2 872 77
35 3 8884 754
35 4 24840 2606
35 5 24105 2042
35 6 27094 2952
35 7 15992 1324
35 8 5746 685
35 9 32293 2236
35 10 34493 2675
35 11 11414 958
35 12 26309 4398
35 13 27601 2157
35 14 27314 2693
35 15 10994 880
35 16 18021 1072
35 17 5520 523
35 18 5227 447
35 19 15220 802
35 20 10674 1219
35 21 12674 1252
35 22 32814 1842
35 23 23082 3471
35 24 19868 2309
35 25 18693 1558
35 26 23734 2747
35 27 10369 1482
35 28 11079 1308
35 29 19675 1040
35 30 25838 2886
35 31 25240 3202
35 32 28343 3059
35 33 23967 2534
35 34 9349 1150
35 35 0 0
35 36 12449 765
35 37 22110 2239
35 38 20821 1319
35 39 18021 3115
35 40 13410 927
35 41 4031 390
35 42 18295 2238
35 43 25898 2869
35 44 10160 721
35 45 27889 2232
35 46 26407 4515
35 47 20514 2498
35 48 26529 4938
35 49 21732 2603
35 50 9904 1806
35 51 27860 4963
35 52 28492 3463
35 53 18527 1521
35 54 14391 1791
35 55 13530 1606
35 56 2640 215
35 57 32017 2942
35 58 27846 2885
35 59 30171 2700
35 60 18407 2546
35 61 10920 861
35 62 8201 1856
35 63 17932 2869
35 64 23052 1308
35 65 13976 1120
35 66 14303 1829
35 67 19411 2511
35 68 20947 2704
35 69 17508 1854
35 70 22759 3611
35 71 19679 1206
35 72 24626 1996
35 73 27422 2572
35 74 25406 4337
36 0 20581 1643
36 1 14040 972
36 2 11934 989
36 3 3691 384
36 4 12902 1178
36 5 12851 819
36 6 21372 1182
36 7 21935 1893
36 8 7935 940
36 9 25201 2332
36 10 28069 2100
36 11 9980 943
36 12 23149 2869
36 13 21273 1661
36 14 27511 2798
36 15 18795 1545
36 16 11901 1090
36 17 14494 1345
36 18 9644 735
36 19 3250 273
36 20 17151 1414
36 21 21001 1400
36 22 29053 2168
36 23 11539 2194
36 24 17152 2610
36 25 8177 597
36 26 12473 978
36 27 10958 1612
36 28 17569 1711
36 29 19295 1259
36 30 31698 4828
36 31 12971 1664
36 32 24306 2870
36 33 14874 1204
36 34 16525 1407
36 35 12449 1389
36 36 0 0
36 37 27396 3319
36 38 16918 1109
36 39 16492 3282
36 40 1190 63
36 41 14571 1141
36 42 23559 1907
36 43 31958 4144
36 44 6135 674
36 45 17265 1543
36 46 22636 3577
36 47 18596 3542
36 48 23858 2788
36 49 16383 1396
36 50 12398 2244
36 51 33122 4427
36 52 25234 5204
36 53 23842 2181
36 54 5636 430
36 55 2660 314
36 56 14743 1400
36 57 25342 1561
36 58 17477 2226
36 59 27388 2959
36 60 11515 1191
36 61 15401 940
36 62 11210 1951
36 63 15730 1896
36 64 15855 1135
36 65 4540 681
36 66 10446 1419
36 67 7995 1038
36 68 9006 1177
36 69 10730 1439
36 70 10708 2030
36 71 9253 536
36 72 29209 2343
36 73 21072 1751
36 74 21008 2758
37 0 24301 1718
37 1 31596 2976
37 2 22892 1438
37 3 26052 1490
37 4 33092 3152
37 5 30721 1838
37 6 21668 1296
37 7 6125 480
37 8 26193 1913
37 9 26923 2325
37 10 27039 2101
37 11 17554 1709
37 12 16850 2754
37 13 22971 2390
37 14 11250 846
37 15 11206 1156
37 16 20396 1839
37 17 16590 1198
37 18 19543 2012
37 19 27725 2870
37 20 11537 1032
37 21 10088 689
37 22 21120 1536
37 23 30822 5130
37 24 15283 3205
37 25 26692 2024
37 26 30518 2016
37 27 16437 2105
37 28 11106 1043
37 29 11566 1062
37 30 4327 576
37 31 34756 4763
37 32 19211 1579
37 33 26328 2775
37 34 12792 1425
37 35 22110 2075
37 36 27396 2215
37 37 0 0
37 38 17108 1114
37 39 13862 1779
37 40 28550 1876
37 41 18203 1300
37 42 3951 352
37 43 4655 705
37 44 21265 1608
37 45 31534 3686
37 46 17961 3226
37 47 13939 2242
37 48 16061 2549
37 49 19469 2395
37 50 15096 2428
37 51 5864 1253
37 52 17893 2210
37 53 3683 515
37 54 23827 2456
37 55 26008 3075
37 56 23203 1550
37 57 25961 2808
37 58 30922 4140
37 59 17875 995
37 60 21460 1728
37 61 12309 792
37 62 16609 2386
37 63 14885 1884
37 64 22750 1811
37 65 24571 2530
37 66 18398 1955
37 67 28556 6254
37 68 30609 7089
37 69 21296 1590
37 70 32094 4011
37 71 26902 2049
37 72 2726 286
37 73 22930 2766
37 74 18724 4130
38 0 8072 644
38 1 15025 1232
38 2 21086 1497
38 3 18027 1637
38 4 17000 2430
38 5 14358 1114
38 6 6508 555
38 7 15014 1351
38 8 20955 2147
38 9 12134 1084
38 10 13850 779
38 11 9508 943
38 12 6244 1189
38 13 7356 553
38 14 11659 664
38 15 16526 2052
38 16 5266 534
38 17 17444 1526
38 18 15656 1355
38 19 15330 866
38 20 14581 1318
38 21 17973 1374
38 22 12451 1132
38 23 14854 2571
38 24 1880 276
38 25 11859 997
38 26 14239 1554
38 27 10467 1800
38 28 14629 1083
38 29 5541 401
38 30 20987 2193
38 31 18940 1456
38 32 7738 527
38 33 9342 597
38 34 15406 1211
38 35 20821 1396
38 36 16918 1204
38 37 17108 1019
38 38 0 0
38 39 3913 708
38 40 17689 1391
38 41 19115 1485
38 42 14814 1356
38 43 21452 2452
38 44 12383 1246
38 45 14477 1506
38 46 5886 778
38 47 3224 450
38 48 6948 1015
38 49 2361 227
38 50 11316 1590
38 51 21364 2423
38 52 8380 1060
38 53 15025 1219
38 54 11394 1056
38 55 14438 1614
38 56 23295 1395
38 57 11602 1124
38 58 13836 1586
38 59 10484 1010
38 60 6066 753
38 61 12275 829
38 62 12733 2590
38 63 3311 524
38 64 5649 556
38 65 12493 1217
38 66 7060 860
38 67 13758 1481
38 68 15555 1628
38 69 6529 512
38 70 16589 3038
38 71 11577 802
38 72 17484 1897
38 73 7219 659
38 74 4604 567
39 0 11983 1504
39 1 17744 2583
39 2 18401 2793
39 3 16789 2435
39 4 19352 3366
39 5 16899 1837
39 6 10230 1182
39 7 11172 1810
39 8 19058 2924
39 9 15925 2049
39 10 17390 2361
39 11 7385 953
39 12 8293 1559
39 13 11194 2003
39 14 11019 1676
39 15 12672 2284
39 16 6665 1154
39 17 14079 1890
39 18 13066 1316
39 19 15636 2479
39 20 10776 1503
39 21 14067 1443
39 22 14797 1867
39 23 17103 2430
39 24 2183 327
39 25 13318 1911
39 26 16713 1789
39 27 7779 972
39 28 10794 1685
39 29 2912 549
39 30 17966 2096
39 31 21120 2894
39 32 10431 1652
39 33 12539 1920
39 34 11690 1501
39 35 18021 3579
39 36 16492 2010
39 37 13862 2416
39 38 3913 560
39 39 0 0
39 40 17449 2714
39 41 15843 1609
39 42 11172 1935
39 43 18390 2606
39 44 11010 1317
39 45 17771 1950
39 46 8494 1325
39 47 2508 330
39 48 8529 1277
39 49 6076 1022
39 50 8165 1654
39 51 18653 2314
39 52 10471 2075
39 53 11403 1677
39 54 11503 1786
39 55 14332 1813
39 56 20353 3416
39 57 15312 2726
39 58 17206 3453
39 59 12202 1965
39 60 7718 1143
39 61 8577 972
39 62 9820 1196
39 63 1036 140
39 64 9175 1353
39 65 12502 1865
39 66 6052 805
39 67 15245 1474
39 68 17229 2176
39 69 7718 906
39 70 18550 2528
39 71 13342 1450
39 72 14655 2940
39 73 11071 1527
39 74 7834 1621
40 0 20953 1847
40 1 13712 1428
40 2 12855 779
40 3 4542 410
40 4 12367 1117
40 5 12558 1224
40 6 21893 1962
40 7 23114 1652
40 8 8618 1048
40 9 25516 1441
40 10 28443 1717
40 11 11092 1116
40 12 23896 2715
40 13 21726 1728
40 14 28457 2303
40 15 19983 1449
40 16 12580 954
40 17 15643 2003
40 18 10801 740
40 19 3118 225
40 20 18342 2157
40 21 22189 1901
40 22 29695 1890
40 23 11177 1824
40 24 18016 2398
40 25 8243 599
40 26 12186 1046
40 27 12116 2284
40 28 18760 1381
40 29 20280 1540
40 30 32856 4513
40 31 12264 957
40 32 24964 1949
40 33 15035 1448
40 34 17714 1744
40 35 13410 859
40 36 1190 110
40 37 28550 1990
40 38 17689 1215
40 39 17449 2583
40 40 0 0
40 41 15672 1044
40 42 24724 2673
40 43 33121 6109
40 44 7285 800
40 45 17073 1759
40 46 23336 3323
40 47 19494 2702
40 48 24637 3186
40 49 17027 1394
40 50 13575 1376
40 51 34263 6464
40 52 25952 3236
40 53 25006 2396
40 54 6308 593
40 55 3255 317
40 56 15630 1147
40 57 25708 2329
40 58 17340 1798
40 59 28127 2161
40 60 12111 1631
40 61 16584 1631
40 62 12400 1364
40 63 16657 2573
40 64 16289 1029
40 65 5203 395
40 66 11397 888
40 67 7780 1156
40 68 8535 1537
40 69 11372 891
40 70 10149 1384
40 71 9294 575
40 72 30339 2121
40 73 21525 1964
40 74 21670 3448
41 0 26541 1981
41 1 26087 1651
41 2 4883 305
41 3 11416 850
41 4 26007 2015
41 5 24864 1483
41 6 25586 2050
41 7 12119 898
41 8 9295 850
41 9 31048 3626
41 10 32963 3753
41 11 10371 676
41 12 24069 3362
41 13 26265 2027
41 14 24187 1691
41 15 7020 982
41 16 17281 1383
41 17 1873 240
41 18 5237 455
41 19 16851 1133
41 20 6976 594
41 21 8643 745
41 22 30527 2556
41 23 24041 4001
41 24 17880 2835
41 25 19411 1275
41 26 24510 2610
41 27 8889 1160
41 28 7341 779
41 29 17031 1135
41 30 21849 2606
41 31 26711 2091
41 32 26273 2768
41 33 23782 2123
41 34 5604 505
41 35 4031 286
41 36 14571 1158
41 37 18203 1471
41 38 19115 1411
41 39 15843 1992
41 40 15672 979
41 41 0 0
41 42 14460 1078
41 43 21897 3418
41 44 10588 1152
41 45 28195 2210
41 46 24338 4774
41 47 18243 2498
41 48 24145 3835
41 49 20406 1840
41 50 7799 892
41 51 23904 4154
41 52 26196 3393
41 53 14679 1251
41 54 15036 1178
41 55 14987 1067
41 56 5132 506
41 57 30639 1952
41 58 28030 2634
41 59 27691 2185
41 60 17877 1586
41 61 7798 618
41 62 6569 1133
41 63 15966 2484
41 64 22240 2395
41 65 14912 2088
41 66 13386 1118
41 67 20474 2074
41 68 22240 3702
41 69 17044 1782
41 70 24074 2994
41 71 20286 1087
41 72 20770 1395
41 73 26101 1906
41 74 23567 4673
42 0 22537 1729
42 1 28639 2569
42 2 19058 1250
42 3 22121 2119
42 4 29940 2454
42 5 27690 2667
42 6 20169 2002
42 7 2373 254
42 8 22254 2921
42 9 25710 3287
42 10 26285 2179
42 11 13827 1658
42 12 15944 1806
42 13 21389 2217
42 14 12023 1179
42 15 7575 542
42 16 17369 1319
42 17 12779 1082
42 18 15593 2244
42 19 24037 2132
42 20 7650 657
42 21 6910 629
42 22 21149 1563
42 23 27663 3475
42 24 12934 2342
42 25 23359 1971
42 26 27460 3082
42 27 12612 1923
42 28 7230 572
42 29 9449 754
42 30 8158 881
42 31 31504 2429
42 32 18421 1535
42 33 23691 2462
42 34 8947 858
42 35 18295 1513
42 36 23559 2281
42 37 3951 357
42 38 14814 1207
42 39 11172 1513
42 40 24724 1836
42 41 14460 1675
42 42 0 0
42 43 8400 1242
42 44 17444 1335
42 45 28925 2153
42 46 16887 2571
42 47 11864 1247
42 48 15366 2011
42 49 17135 2029
42 50 11202 1706
42 51 9815 1450
42 52 17401 3426
42 53 283 21
42 54 20236 1736
42 55 22275 1552
42 56 19531 1452
42 57 24849 2760
42 58 28374 2226
42 59 17880 2357
42 60 18423 1660
42 61 8367 589
42 62 12675 1617
42 63 12133 2669
42 64 20327 2953
42 65 20920 1609
42 66 14961 1372
42 67 25175 3379
42 68 27239 3610
42 69 18148 1588
42 70 28798 5299
42 71 23660 1918
42 72 6332 593
42 73 21316 2298
42 74 17277 3160
43 0 28281 3588
43 1 36133 5600
43 2 26718 5461
43 3 30473 5745
43 4 37689 4173
43 5 35284 6908
43 6 25517 3946
43 7 10255 1430
43 8 30340 3445
43 9 30502 6672
43 10 30262 3727
43 11 22173 3685
43 12 20415 3864
43 13 26854 4761
43 14 13796 2486
43 15 14908 2902
43 16 24981 3395
43 17 20434 2765
43 18 23805 3237
43 19 32361 6073
43 20 15629 2101
43 21 13348 2536
43 22 23803 3834
43 23 35423 5896
43 24 19675 3654
43 25 31333 6545
43 26 35089 6584
43 27 21005 2545
43 28 15184 2762
43 29 15940 1946
43 30 550 99
43 31 39376 6827
43 32 22623 4906
43 33 30752 3730
43 34 16773 3533
43 35 25898 3137
43 36 31958 4107
43 37 4655 649
43 38 21452 3193
43 39 18390 1953
43 40 33121 3846
43 41 21897 2638
43 42 8400 1831
43 43 0 0
43 44 25838 3317
43 45 35927 7019
43 46 21609 3373
43 47 18240 2357
43 48 19504 3052
43 49 23805 4014
43 50 19599 2631
43 51 2656 508
43 52 21119 2669
43 53 8118 851
43 54 28479 2910
43 55 30629 3938
43 56 26700 4173
43 57 29478 3352
43 58 35288 6747
43 59 20692 2432
43 60 26045 3349
43 61 16715 2641
43 62 21030 3205
43 63 19421 2761
43 64 27099 3968
43 65 29214 4019
43 66 23053 3225
43 67 33202 4815
43 68 35253 4237
43 69 25908 3376
43 70 36725 4446
43 71 31526 4523
43 72 4186 750
43 73 26833 4902
43 74 22594 2810
44 0 17991 2292
44 1 15511 1551
44 2 10068 850
44 3 5783 485
44 4 15462 1412
44 5 14283 1473
44 6 17965 1392
44 7 15889 1331
44 8 8664 893
44 9 22718 2314
44 10 25208 2670
44 11 3925 332
44 12 18535 2567
44 13 18226 1772
44 14 21934 3232
44 15 13200 1225
44 16 8337 1021
44 17 9859 929
44 18 5401 404
44 19 6972 763
44 20 11376 1748
44 21 15408 1108
44 22 24834 2130
44 23 13458 1959
44 24 12119 1636
44 25 8826 659
44 26 13927 1421
44 27 4832 694
44 28 11767 1409
44 29 13634 958
44 30 25571 3063
44 31 16308 1749
44 32 20107 2364
44 33 13821 1833
44 34 10967 1065
44 35 10160 740
44 36 6135 470
44 37 21265 2205
44 38 12383 1330
44 39 11010 1541
44 40 7285 887
44 41 10588 755
44 42 17444 1792
44 43 25838 3051
44 44 0 0
44 45 17799 1516
44 46 18269 3353
44 47 13347 2091
44 48 19071 2002
44 49 12582 917
44 50 6358 946
44 51 26988 5308
44 52 20718 3138
44 53 17727 2118
44 54 4448 406
44 55 5066 578
44 56 12797 1367
44 57 22593 2586
44 58 17717 1332
44 59 22732 1786
44 60 8502 990
44 61 9407 698
44 62 5465 766
44 63 10422 1784
44 64 13245 1305
44 65 4411 431
44 66 5330 388
44 67 9931 1256
44 68 11783 2244
44 69 7584 931
44 70 13607 1886
44 71 9723 963
44 72 23080 2811
44 73 18034 2154
44 74 16883 1985
45 0 9668 1070
45 1 3752 524
45 2 27693 2142
45 3 20590 1816
45 4 6367 649
45 5 4645 434
45 6 12491 1610
45 7 28662 2271
45 8 24860 2143
45 9 12102 875
45 10 15270 1423
45 11 18232 1681
45 12 17574 1869
45 13 11337 1067
45 14 24993 2871
45 15 28610 2423
45 16 11925 1289
45 17 27126 2985
45 18 23157 2030
45 19 14035 1245
45 20 26514 2116
45 21 30530 2954
45 22 20178 1844
45 23 6166 635
45 24 16259 2471
45 25 9332 993
45 26 4987 585
45 27 19950 2740
45 28 26736 3085
45 29 19992 1721
45 30 35465 5571
45 31 8265 860
45 32 16767 1502
45 33 5234 454
45 34 26802 2535
45 35 27889 3498
45 36 17265 2164
45 37 31534 2591
45 38 14477 1676
45 39 17771 2239
45 40 17073 1566
45 41 28195 3808
45 42 28925 3900
45 43 35927 4447
45 44 17799 1160
45 45 0 0
45 46 16360 1777
45 47 17698 2813
45 48 18686 2290
45 49 12136 1450
45 50 21618 2830
45 51 35801 5227
45 52 18525 2482
45 53 29162 2615
45 54 13504 1585
45 55 15035 1332
45 56 30503 2880
45 57 12917 1456
45 58 844 79
45 59 20569 2188
45 60 10984 1335
45 61 24010 2077
45 62 21996 3459
45 63 16793 3241
45 64 8844 711
45 65 14031 1824
45 66 15475 1853
45 67 9296 1159
45 68 8926 944
45 69 11599 877
45 70 8026 1238
45 71 8282 686
45 72 31955 4142
45 73 11216 983
45 74 14653 3020
46 0 7107 919
46 1 18102 2798
46 2 26733 3946
46 3 23901 3495
46 4 20538 3625
46 5 17778 3386
46 6 4127 813
46 7 17851 3234
46 8 26824 2891
46 9 8962 1144
46 10 9447 1378
46 11 15276 2158
46 12 1273 179
46 13 5478 691
46 14 8861 1763
46 15 20647 2802
46 16 10756 1207
46 17 22567 2331
46 18 21326 4325
46 19 20781 2910
46 20 18936 2496
46 21 21673 3498
46 22 6566 1096
46 23 18663 2896
46 24 6538 810
46 25 16698 1834
46 26 17770 2313
46 27 16052 1904
46 28 18876 2116
46 29 7994 1066
46 30 21081 3512
46 31 22628 2291
46 32 1939 309
46 33 12101 1477
46 34 19986 2492
46 35 26407 3443
46 36 22636 2620
46 37 17961 3695
46 38 5886 759
46 39 8494 1313
46 40 23336 4052
46 41 24338 2854
46 42 16887 1983
46 43 21609 2855
46 44 18269 2582
46 45 16360 2386
46 46 0 0
46 47 6153 1173
46 48 2372 274
46 49 6384 855
46 50 16633 2034
46 51 20797 2523
46 52 2646 345
46 53 17021 2076
46 54 17032 2706
46 55 20084 3024
46 56 28798 3940
46 57 8016 1459
46 58 15562 2058
46 59 4884 817
46 60 11307 2251
46 61 16938 3004
46 62 18221 3161
46 63 8475 1085
46 64 8474 1128
46 65 18138 2465
46 66 12944 1953
46 67 18463 2214
46 68 19992 3066
46 69 11977 1476
46 70 20662 2812
46 71 16162 2374
46 72 17423 2232
46 73 5513 813
46 74 1856 234
47 0 10683 1917
47 1 18196 2416
47 2 20904 2824
47 3 19129 2009
47 4 20084 2291
47 5 17486 2239
47 6 8496 907
47 7 12337 1510
47 8 21527 2826
47 9 14182 1509
47 10 15342 2715
47 11 9838 1876
47 12 5830 987
47 13 9625 1423
47 14 9058 1285
47 15 14588 1976
47 16 7789 1268
47 17 16451 2606
47 18 15575 2146
47 19 17457 2567
47 20 12816 2695
47 21 15763 3476
47 22 12320 1712
47 23 17898 2911
47 24 1659 301
47 25 14565 2785
47 26 17348 3354
47 27 10287 1652
47 28 12777 1640
47 29 2423 353
47 30 17772 3052
47 31 21976 3392
47 32 8066 953
47 33 12565 1707
47 34 13839 1720
47 35 20514 3775
47 36 18596 3093
47 37 13939 2382
47 38 3224 467
47 39 2508 268
47 40 19494 2501
47 41 18243 2413
47 42 11864 2195
47 43 18240 3479
47 44 13347 1704
47 45 17698 1885
47 46 6153 944
47 47 0 0
47 48 6022 786
47 49 5565 619
47 50 10636 2063
47 51 18143 2039
47 52 7987 891
47 53 12057 1754
47 54 13361 2513
47 55 16306 2322
47 56 22826 3146
47 57 13458 2736
47 58 17049 2419
47 59 9693 1875
47 60 8751 1653
47 61 10785 1455
47 62 12317 1918
47 63 2925 414
47 64 8860 1112
47 65 14413 1884
47 66 8189 1304
47 67 16494 3087
47 68 18385 2511
47 69 8996 1151
47 70 19539 3430
47 71 14416 1903
47 72 14260 2276
47 73 9533 1138
47 74 5798 873
48 0 9478 1300
48 1 20304 2671
48 2 26925 2955
48 3 24809 4889
48 4 22674 2667
48 5 19920 3019
48 6 6492 929
48 7 16572 2452
48 8 27445 4826
48 9 11000 1192
48 10 11003 1621
48 11 15765 2103
48 12 1114 117
48 13 7838 1131
48 14 6496 775
48 15 19850 3462
48 16 12153 2258
48 17 22322 3041
48 18 21594 4515
48 19 22243 4133
48 20 18291 2280
48 21 20663 2736
48 22 6398 774
48 23 20733 4023
48 24 6966 1553
48 25 18455 3028
48 26 19891 3027
48 27 16303 1854
48 28 18178 2934
48 29 7223 938
48 30 18969 2245
48 31 24743 4056
48 32 3151 350
48 33 14293 2396
48 34 19440 3496
48 35 26529 3669
48 36 23858 3587
48 37 16061 1604
48 38 6948 1235
48 39 8529 1231
48 40 24637 2688
48 41 24145 2830
48 42 15366 2067
48 43 19504 3265
48 44 19071 2805
48 45 18686 2917
48 46 2372 436
48 47 6022 679
48 48 0 0
48 49 8073 994
48 50 16636 2079
48 51 18573 3238
48 52 2130 367
48 53 15471 2895
48 54 18340 3200
48 55 21385 3566
48 56 28815 5665
48 57 9975 1326
48 58 17895 2308
48 59 3689 494
48 60 12841 1725
48 61 16509 2927
48 62 18336 1855
48 63 8794 1080
48 64 10566 2420
48 65 19440 3648
48 66 13765 2107
48 67 20280 2282
48 68 21906 3260
48 69 13410 1482
48 70 22681 2492
48 71 18004 2722
48 72 15321 2369
48 73 7879 1071
48 74 4046 591
49 0 6206 533
49 1 12853 1114
49 2 21910 2049
49 3 17958 2144
49 4 14962 1652
49 5 12266 1209
49 6 5409 645
49 7 17247 1422
49 8 21247 1441
49 9 10644 1142
49 10 12772 1085
49 11 10320 1168
49 12 7143 765
49 13 5883 540
49 14 13530 1265
49 15 18430 1506
49 16 4495 549
49 17 18830 1924
49 18 16508 1436
49 19 14408 1262
49 20 16424 1946
49 21 19994 1491
49 22 12672 1698
49 23 12889 1429
49 24 4215 723
49 25 10386 708
49 26 12178 1129
49 27 11556 1977
49 28 16514 1808
49 29 7902 949
49 30 23337 3310
49 31 16961 1388
49 32 7938 802
49 33 7047 859
49 34 17138 1458
49 35 21732 1752
49 36 16383 1596
49 37 19469 1709
49 38 2361 197
49 39 6076 1170
49 40 17027 1655
49 41 20406 2136
49 42 17135 1269
49 43 23805 4130
49 44 12582 1203
49 45 12136 824
49 46 6384 756
49 47 5565 622
49 48 8073 1404
49 49 0 0
49 50 12667 1756
49 51 23676 3620
49 52 9030 1145
49 53 17351 1374
49 54 10750 1285
49 55 13788 1165
49 56 24282 3096
49 57 10293 1158
49 58 11483 1142
49 59 11258 1170
49 60 4937 547
49 61 14026 1877
49 62 13880 2059
49 63 5283 635
49 64 3295 267
49 65 11853 1699
49 66 7491 617
49 67 12207 2092
49 68 13864 2111
49 69 5658 657
49 70 14737 2055
49 71 9937 702
49 72 19819 1875
49 73 5711 431
49 74 4649 723
50 0 18847 2101
50 1 20153 2946
50 2 10348 1378
50 3 11003 1113
50 4 20722 2428
50 5 19008 2722
50 6 17791 2179
50 7 9541 1377
50 8 11903 1682
50 9 23289 4782
50 10 25164 2851
50 11 3491 628
50 12 16455 2705
50 13 18497 2006
50 14 17720 2830
50 15 7251 1215
50 16 9983 1500
50 17 6164 1022
50 18 5277 862
50 19 13237 1890
50 20 5242 655
50 21 9385 1246
50 22 22955 3214
50 23 18530 2293
50 24 10124 1163
50 25 13847 2158
50 26 18696 2016
50 27 1778 271
50 28 5582 638
50 29 9807 1876
50 30 19360 3418
50 31 21903 4027
50 32 18573 4274
50 33 16788 2784
50 34 5227 557
50 35 9904 1450
50 36 12398 1574
50 37 15096 2804
50 38 11316 1697
50 39 8165 1625
50 40 13575 2670
50 41 7799 1228
50 42 11202 1379
50 43 19599 3183
50 44 6358 940
50 45 21618 4251
50 46 16633 3363
50 47 10636 1722
50 48 16636 2241
50 49 12667 2405
50 50 0 0
50 51 20905 3582
50 52 18624 2382
50 53 11483 1474
50 54 9910 1086
50 55 11372 1275
50 56 12190 1539
50 57 22855 2528
50 58 21319 3189
50 59 20268 2587
50 60 10757 1948
50 61 3056 434
50 62 1842 263
50 63 8196 1203
50 64 14744 1769
50 65 10329 1062
50 66 6167 1391
50 67 15382 1986
50 68 17397 2427
50 69 10044 1616
50 70 19143 2252
50 71 14477 1867
50 72 17102 2577
50 73 18337 1973
50 74 15787 2703
51 0 27690 3431
51 1 36283 6265
51 2 28659 4760
51 3 31887 4730
51 4 37999 5272
51 5 35502 4174
51 6 24828 4626
51 7 11943 1781
51 8 32051 6463
51 9 29537 3701
51 10 29039 5100
51 11 23201 4985
51 12 19558 3108
51 13 26182 2757
51 14 12460 2197
51 15 16883 2348
51 16 25316 3750
51 17 22352 2787
51 18 25407 4579
51 19 33283 5782
51 20 17369 2496
51 21 15506 1914
51 22 22311 3845
51 23 35754 7035
51 24 19680 3403
51 25 31860 6079
51 26 35333 4214
51 27 22181 2873
51 28 16933 2302
51 29 15990 1711
51 30 2362 281
51 31 39771 6201
51 32 21614 4195
51 33 30706 4398
51 34 18594 3205
51 35 27860 2815
51 36 33122 5374
51 37 5864 933
51 38 21364 2394
51 39 18653 3046
51 40 34263 4104
51 41 23904 4417
51 42 9815 1206
51 43 2656 387
51 44 26988 3826
51 45 35801 5385
51 46 20797 2554
51 47 18143 2928
51 48 18573 3046
51 49 23676 2966
51 50 20905 2870
51 51 0 0
51 52 20003 2370
51 53 9548 1629
51 54 29298 6004
51 55 31621 3498
51 56 28816 3593
51 57 28473 4414
51 58 35122 5034
51 59 19325 4152
51 60 26371 2803
51 61 18164 2236
51 62 22454 3439
51 63 19689 3939
51 64 26959 3631
51 65 30102 3762
51 66 23762 4469
51 67 33763 4957
51 68 35789 4599
51 69 26326 4221
51 70 37179 7600
51 71 31965 5118
51 72 4023 673
51 73 26181 3482
51 74 21961 2668
52 0 8963 1483
52 1 20502 4004
52 2 28864 4633
52 3 26400 3473
52 4 23003 3018
52 5 20244 3602
52 6 6036 886
52 7 18668 3113
52 8 29199 4532
52 9 9593 1093
52 10 9168 1230
52 11 17564 2773
52 12 2205 430
52 13 7265 1339
52 14 7607 1328
52 15 21980 3882
52 16 13377 2603
52 17 24383 3522
52 18 23499 4433
52 19 23420 3042
52 20 20411 2115
52 21 22788 3435
52 22 4334 440
52 23 21185 2983
52 24 8737 990
52 25 19337 2072
52 26 20255 2808
52 27 18204 1941
52 28 20302 3276
52 29 9338 1286
52 30 20576 2660
52 31 25107 4934
52 32 1821 258
52 33 14538 2565
52 34 21550 3222
52 35 28492 6087
52 36 25234 4595
52 37 17893 1943
52 38 8380 972
52 39 10471 1144
52 40 25952 4959
52 41 26196 3772
52 42 17401 2587
52 43 21119 2595
52 44 20718 2249
52 45 18525 2067
52 46 2646 423
52 47 7987 846
52 48 2130 275
52 49 9030 1014
52 50 18624 2023
52 51 20003 2300
52 52 0 0
52 53 17495 2060
52 54 19644 4046
52 55 22698 3157
52 56 30814 4612
52 57 8498 1013
52 58 17705 1980
52 59 2246 233
52 60 13948 2095
52 61 18599 2616
52 62 20291 3570
52 63 10633 1076
52 64 11020 1356
52 65 20751 2954
52 66 15388 1871
52 67 21090 2376
52 68 22591 3136
52 69 14606 2318
52 70 23212 2675
52 71 18785 2337
52 72 16961 2149
52 73 7358 1180
52 74 4461 837
53 0 22722 3076
53 1 28894 3945
53 2 19294 2255
53 3 22398 3018
53 4 30204 2805
53 5 27949 2352
53 6 20335 2408
53 7 2571 281
53 8 22514 2018
53 9 25861 2974
53 10 26407 3331
53 11 14110 1228
53 12 16065 2869
53 13 21561 2139
53 14 12015 1215
53 15 7771 754
53 16 17625 2539
53 17 13009 1525
53 18 15859 1608
53 19 24319 2372
53 20 7894 812
53 21 7040 944
53 22 21212 2345
53 23 27927 4675
53 24 13146 2586
53 25 23630 2111
53 26 27720 2398
53 27 12894 2837
53 28 7470 624
53 29 9638 865
53 30 7878 975
53 31 31773 2975
53 32 18538 1571
53 33 23928 1629
53 34 9182 711
53 35 18527 1852
53 36 23842 2094
53 37 3683 298
53 38 15025 1085
53 39 11403 2185
53 40 25006 2962
53 41 14679 1615
53 42 283 29
53 43 8118 964
53 44 17727 1515
53 45 29162 3085
53 46 17021 2470
53 47 12057 2107
53 48 15471 2788
53 49 17351 1314
53 50 11483 1372
53 51 9548 1108
53 52 17495 2275
53 53 0 0
53 54 20516 2094
53 55 22558 2738
53 56 19742 1836
53 57 24994 1946
53 58 28608 3346
53 59 17940 1439
53 60 18680 2137
53 61 8642 734
53 62 12952 1298
53 63 12369 1726
53 64 20551 1684
53 65 21202 2652
53 66 15235 1232
53 67 25448 5457
53 68 27513 3431
53 69 18410 1675
53 70 29068 3155
53 71 23928 2158
53 72 6098 832
53 73 21491 2106
53 74 17436 2147
54 0 15138 1709
54 1 11070 715
54 2 14190 1331
54 3 7765 704
54 4 11066 835
54 5 9840 1185
54 6 15764 1768
54 7 19034 1990
54 8 11748 1036
54 9 19824 1685
54 10 22596 1697
54 11 6568 688
54 12 17589 3482
54 13 15723 1269
54 14 22401 1895
54 15 17112 1603
54 16 6279 641
54 17 14256 1362
54 18 9841 990
54 19 4133 348
54 20 15146 1604
54 21 19278 2924
54 22 23421 1693
54 23 9020 1238
54 24 11823 1711
54 25 4380 440
54 26 9481 743
54 27 8147 1300
54 28 15493 1728
54 29 14403 1455
54 30 28150 5098
54 31 12053 879
54 32 18679 2299
54 33 9993 1178
54 34 14961 1311
54 35 14391 1715
54 36 5636 463
54 37 23827 2279
54 38 11394 802
54 39 11503 1465
54 40 6308 717
54 41 15036 1378
54 42 20236 2484
54 43 28479 3841
54 44 4448 360
54 45 13504 1323
54 46 17032 2233
54 47 13361 1651
54 48 18340 2965
54 49 10750 1157
54 50 9910 1421
54 51 29298 3138
54 52 19644 2221
54 53 20516 1723
54 54 0 0
54 55 3053 353
54 56 16999 2217
54 57 19886 2608
54 58 13492 2078
54 59 21819 1915
54 60 5885 821
54 61 12893 979
54 62 9531 1123
54 63 10623 1377
54 64 10354 1098
54 65 1106 129
54 66 5601 496
54 67 5568 748
54 68 7522 821
54 69 5094 403
54 70 9310 1438
54 71 5307 545
54 72 25292 3563
54 73 15522 1467
54 74 15382 2158
55 0 17924 1648
55 1 12043 915
55 2 13156 1440
55 3 5555 479
55 4 11314 1526
55 5 10817 894
55 6 18724 2294
55 7 20846 2253
55 8 9832 687
55 9 22553 2539
55 10 25411 1988
55 11 8455 610
55 12 20641 3775
55 13 18614 1568
55 14 25308 2155
55 15 18258 2172
55 16 9329 783
55 17 14575 1652
55 18 9790 951
55 19 1924 236
55 20 16442 1328
55 21 20468 1580
55 22 26460 2215
55 23 9649 1264
55 24 14802 1758
55 25 5757 748
55 26 10438 914
55 27 9740 1934
55 28 16831 1447
55 29 17197 1539
55 30 30334 5787
55 31 11773 1326
55 32 21723 2381
55 33 12308 1437
55 34 16015 1377
55 35 13530 1435
55 36 2660 281
55 37 26008 3096
55 38 14438 1161
55 39 14332 2022
55 40 3255 484
55 41 14987 1485
55 42 22275 2786
55 43 30629 5829
55 44 5066 421
55 45 15035 1856
55 46 20084 3447
55 47 16306 3130
55 48 21385 3259
55 49 13788 1379
55 50 11372 1396
55 51 31621 6474
55 52 22698 2541
55 53 22558 2328
55 54 3053 382
55 55 0 0
55 56 16012 1896
55 57 22684 2373
55 58 15176 1221
55 59 24872 3205
55 60 8889 976
55 61 14428 1327
55 62 10523 1536
55 63 13503 2095
55 64 13194 1558
55 65 1948 158
55 66 8301 568
55 67 5977 755
55 68 7416 1520
55 69 8130 869
55 70 9233 2048
55 71 6837 540
55 72 27651 1984
55 73 18412 1819
55 74 18427 2078
56 0 30229 2385
56 1 27908 1675
56 2 2855 245
56 3 11090 805
56 4 27325 2119
56 5 26669 1989
56 6 29623 2239
56 7 17173 1718
56 8 7375 622
56 9 34871 2238
56 10 37026 2744
56 11 13964 1060
56 12 28646 4280
56 13 30160 2525
56 14 29235 2185
56 15 12000 1294
56 16 20636 1722
56 17 6963 612
56 18 7815 460
56 19 17640 1459
56 20 12109 1109
56 21 13351 1510
56 22 35145 2596
56 23 25614 3980
56 24 22266 3400
56 25 21278 1367
56 26 26295 3249
56 27 12828 1965
56 28 12469 1686
56 29 21838 1325
56 30 26692 5427
56 31 27645 2582
56 32 30738 1881
56 33 26608 1892
56 34 10735 870
56 35 2640 159
56 36 14743 1148
56 37 23203 1964
56 38 23295 1791
56 39 20353 2778
56 40 15630 1190
56 41 5132 451
56 42 19531 1424
56 43 26700 3385
56 44 12797 1226
56 45 30503 4421
56 46 28798 3652
56 47 22826 2761
56 48 28815 3798
56 49 24282 2367
56 50 12190 2053
56 51 28816 3819
56 52 30814 3381
56 53 19742 2257
56 54 16999 1771
56 55 16012 1997
56 56 0 0
56 57 34575 2163
56 58 30469 2532
56 59 32426 2213
56 60 21037 1532
56 61 12790 1084
56 62 10585 1744
56 63 20328 2461
56 64 25668 1829
56 65 16551 1468
56 66 16888 1829
56 67 21937 2442
56 68 23416 2510
56 69 20141 2399
56 70 25216 3429
56 71 22274 1422
56 72 25812 2331
56 73 29984 3934
56 74 27858 5289
57 0 4760 338
57 1 16002 1199
57 2 32176 2801
57 3 27567 2504
57 4 18774 2546
57 5 16246 1044
57 6 5097 409
57 7 25672 1575
57 8 31196 3807
57 9 1148 75
57 10 2737 238
57 11 20610 2083
57 12 9114 1054
57 13 4416 352
57 14 16105 1485
57 15 27961 2355
57 16 14255 1007
57 17 29010 2877
57 18 26790 2947
57 19 22706 1513
57 20 26088 2032
57 21 29218 1931
57 22 7998 691
57 23 17591 2943
57 24 13129 1836
57 25 17722 1438
57 26 16410 1478
57 27 21833 4379
57 28 26100 2240
57 29 15663 1125
57 30 28942 4650
57 31 20859 1509
57 32 6865 494
57 33 11129 1147
57 34 26977 2387
57 35 32017 2813
57 36 25342 1729
57 37 25961 1566
57 38 11602 801
57 39 15312 1766
57 40 25708 1944
57 41 30639 1946
57 42 24849 2809
57 43 29478 3199
57 44 22593 2819
57 45 12917 1452
57 46 8016 1265
57 47 13458 1651
57 48 9975 1420
57 49 10293 666
57 50 22855 2270
57 51 28473 3047
57 52 8498 1724
57 53 24994 2759
57 54 19886 2216
57 55 22684 1926
57 56 34575 3499
57 57 0 0
57 58 12086 959
57 59 9701 853
57 60 14201 1295
57 61 23850 1514
57 62 24150 3424
57 63 14889 3118
57 64 9534 907
57 65 20905 1362
57 66 17734 1724
57 67 18970 2467
57 68 19803 2684
57 69 15105 1644
57 70 19751 2584
57 71 16813 959
57 72 25296 2127
57 73 4596 425
57 74 7676 1130
58 0 8831 728
58 1 4349 352
58 2 27675 2677
58 3 20729 2007
58 4 7049 662
58 5 5106 452
58 6 11669 912
58 7 28166 2017
58 8 24974 1986
58 9 11283 1038
58 10 14460 1699
58 11 17970 1352
58 12 16782 1721
58 13 10505 1325
58 14 24226 3440
58 15 28247 3238
58 16 11522 1372
58 17 26916 1960
58 18 23042 2835
58 19 14270 1192
58 20 26151 2396
58 21 30138 3740
58 22 19334 2029
58 23 6638 1087
58 24 15639 1854
58 25 9432 894
58 26 5420 487
58 27 19676 3475
58 28 26362 3099
58 29 19366 1471
58 30 34821 7148
58 31 9001 632
58 32 15941 1825
58 33 4715 609
58 34 26478 2779
58 35 27846 2060
58 36 17477 1638
58 37 30922 2770
58 38 13836 1095
58 39 17206 2200
58 40 17340 1952
58 41 28030 2156
58 42 28374 3501
58 43 35288 6021
58 44 17717 1567
58 45 844 70
58 46 15562 2664
58 47 17049 3833
58 48 17895 2236
58 49 11483 787
58 50 21319 2812
58 51 35122 4191
58 52 17705 3444
58 53 28608 3205
58 54 13492 1244
58 55 15176 1781
58 56 30469 3984
58 57 12086 1563
58 58 0 0
58 59 19740 1721
58 60 10616 1372
58 61 23644 1723
58 62 21763 3161
58 63 16242 2888
58 64 8188 936
58 65 14077 1602
58 66 15158 2021
58 67 9565 1181
58 68 9364 1543
58 69 11277 810
58 70 8591 1423
58 71 8362 738
58 72 31295 2785
58 73 10385 1033
58 74 13870 1999
59 0 10928 1142
59 1 22665 1348
59 2 30581 2650
59 3 28452 2602
59 4 25195 2543
59 5 22437 2337
59 6 8096 577
59 7 19375 1740
59 8 31131 2374
59 9 10843 933
59 10 9771 860
59 11 19453 1286
59 12 4240 482
59 13 9239 1247
59 14 6901 414
59 15 23069 2639
59 16 15566 1373
59 17 25851 2417
59 18 25268 1377
59 19 25630 1770
59 20 21629 1674
59 21 23693 1346
59 22 3276 343
59 23 23402 2661
59 24 10647 1210
59 25 21582 1434
59 26 22457 2259
59 27 19980 2260
59 28 21481 1849
59 29 10670 845
59 30 20143 2287
59 31 27304 2000
59 32 3821 205
59 33 16726 1569
59 34 22831 1856
59 35 30171 1801
59 36 27388 1830
59 37 17875 1341
59 38 10484 1054
59 39 12202 1631
59 40 28127 3399
59 41 27691 1634
59 42 17880 2255
59 43 20692 3523
59 44 22732 1684
59 45 20569 1861
59 46 4884 686
59 47 9693 1073
59 48 3689 430
59 49 11258 910
59 50 20268 2887
59 51 19325 2284
59 52 2246 319
59 53 17940 1544
59 54 21819 1670
59 55 24872 2381
59 56 32426 3069
59 57 9701 715
59 58 19740 1892
59 59 0 0
59 60 16163 1647
59 61 19983 1845
59 62 21989 3804
59 63 12483 1487
59 64 13252 1116
59 65 22924 2362
59 66 17413 1792
59 67 23337 4062
59 68 24834 3050
59 69 16804 1548
59 70 25440 3470
59 71 21032 2170
59 72 16621 1463
59 73 9354 911
59 74 6708 966
60 0 9525 812
60 1 10218 746
60 2 18430 1375
60 3 13392 1116
60 4 11648 788
60 5 9276 1038
60 6 9891 1231
60 7 17886 1444
60 8 17013 1532
60 9 14256 1610
60 10 16871 1888
60 11 7545 576
60 12 11988 1608
60 13 9925 779
60 14 17664 1301
60 15 17633 1338
60 16 1064 75
60 17 16581 1911
60 18 13263 1536
60 19 9474 997
60 20 15537 1517
60 21 19546 1750
60 22 17587 2102
60 23 9389 1845
60 24 7092 834
60 25 5828 687
60 26 9061 687
60 27 9186 1454
60 28 15753 1554
60 29 10483 1169
60 30 25636 2935
60 31 13403 1978
60 32 12869 1063
60 33 6030 588
60 34 15874 1364
60 35 18407 2240
60 36 11515 1154
60 37 21460 1634
60 38 6066 551
60 39 7718 1081
60 40 12111 965
60 41 17877 2285
60 42 18423 1691
60 43 26045 3617
60 44 8502 715
60 45 10984 740
60 46 11307 2096
60 47 8751 1035
60 48 12841 1416
60 49 4937 357
60 50 10757 1443
60 51 26371 4171
60 52 13948 1433
60 53 18680 1369
60 54 5885 458
60 55 8889 667
60 56 21037 2631
60 57 14201 1177
60 58 10616 882
60 59 16163 1141
60 60 0 0
60 61 13030 939
60 62 11393 1716
60 63 6682 1170
60 64 4747 466
60 65 6974 936
60 66 4597 426
60 67 7750 1021
60 68 9637 1075
60 69 918 79
60 70 10858 1606
60 71 5680 714
60 72 22370 2101
60 73 9726 1105
60 74 9586 1474
61 0 20215 2018
61 1 22816 2196
61 2 11546 766
61 3 13761 1136
61 4 23550 3039
61 5 21706 1629
61 6 18753 1590
61 7 6545 487
61 8 14063 1277
61 9 24410 1946
61 10 25967 1967
61 11 6354 590
61 12 16533 2354
61 13 19629 1701
61 14 16448 1382
61 15 4603 672
61 16 12135 813
61 17 5928 611
61 18 7322 734
61 19 16292 1376
61 20 2508 203
61 21 6574 476
61 22 22908 2057
61 23 21326 3108
61 24 10742 1466
61 25 16690 1172
61 26 21411 1774
61 27 4756 671
61 28 2736 239
61 29 9314 693
61 30 16505 3399
61 31 24812 2301
61 32 18846 1339
61 33 19003 1842
61 34 3130 305
61 35 10920 809
61 36 15401 1398
61 37 12309 820
61 38 12275 818
61 39 8577 1106
61 40 16584 1530
61 41 7798 496
61 42 8367 766
61 43 16715 2675
61 44 9407 964
61 45 24010 2788
61 46 16938 2864
61 47 10785 1869
61 48 16509 2043
61 49 14026 1225
61 50 3056 402
61 51 18164 3383
61 52 18599 3007
61 53 8642 716
61 54 12893 1274
61 55 14428 1751
61 56 12790 958
61 57 23850 1545
61 58 23644 1600
61 59 19983 1672
61 60 13030 1346
61 61 0 0
61 62 4315 923
61 63 8968 1743
61 64 16531 1176
61 65 13359 1113
61 66 8596 905
61 67 18297 2542
61 68 20332 2828
61 69 12427 1272
61 70 22051 3329
61 71 17250 1109
61 72 14485 979
61 73 19489 2345
61 74 16409 2781
62 0 19984 3438
62 1 20235 2363
62 2 8592 1027
62 3 9447 1196
62 4 20557 2877
62 5 19051 3009
62 6 19133 3496
62 7 10838 1730
62 8 10084 1269
62 9 24524 2789
62 10 26533 4030
62 11 3847 432
62 12 18107 2561
62 13 19756 2579
62 14 19561 2422
62 15 7735 1083
62 16 10744 2176
62 17 5188 653
62 18 3435 498
62 19 12436 2123
62 20 5958 1029
62 21 9944 1890
62 22 24613 4145
62 23 18432 3098
62 24 11685 2235
62 25 13721 2157
62 26 18720 3126
62 27 2327 471
62 28 6367 1004
62 29 11608 2221
62 30 20820 4077
62 31 21581 3027
62 32 20159 2597
62 33 17371 2004
62 34 5504 875
62 35 8201 1453
62 36 11210 1564
62 37 16609 2650
62 38 12733 1680
62 39 9820 1720
62 40 12400 1613
62 41 6569 1157
62 42 12675 1730
62 43 21030 2432
62 44 5465 1109
62 45 21996 2909
62 46 18221 2655
62 47 12317 1326
62 48 18336 3415
62 49 13880 1693
62 50 1842 335
62 51 22454 3120
62 52 20291 4081
62 53 12952 1777
62 54 9531 1473
62 55 10523 1506
62 56 10585 1161
62 57 24150 4237
62 58 21763 2734
62 59 21989 2385
62 60 11393 1402
62 61 4315 523
62 62 0 0
62 63 9746 2003
62 64 15677 3502
62 65 9760 1165
62 66 6844 1233
62 67 15096 2000
62 68 17047 2008
62 69 10595 1200
62 70 18841 2771
62 71 14460 1767
62 72 18718 2989
62 73 19588 2657
62 74 17279 2784
63 0 11340 1838
63 1 16715 3136
63 2 18267 3171
63 3 16204 2557
63 4 18316 2217
63 5 15865 2391
63 6 9791 1490
63 7 12033 1923
63 8 18659 3034
63 9 15442 2365
63 10 17070 3033
63 11 6971 1055
63 12 8430 1666
63 13 10667 1105
63 14 11805 2174
63 15 13228 1792
63 16 5631 783
63 17 14249 1731
63 18 12877 1429
63 19 14750 1706
63 20 11271 1388
63 21 14726 2430
63 22 14921 3068
63 23 16066 2127
63 24 1938 317
63 25 12306 1538
63 26 15677 2058
63 27 7587 854
63 28 11326 2113
63 29 3881 411
63 30 18999 2369
63 31 20085 3336
63 32 10413 1532
63 33 11559 1604
63 34 12098 2130
63 35 17932 2569
63 36 15730 2202
63 37 14885 2020
63 38 3311 561
63 39 1036 153
63 40 16657 2643
63 41 15966 2507
63 42 12133 2072
63 43 19421 2162
63 44 10422 2027
63 45 16793 2392
63 46 8475 939
63 47 2925 505
63 48 8794 1158
63 49 5283 774
63 50 8196 1197
63 51 19689 3160
63 52 10633 1605
63 53 12369 1562
63 54 10623 1915
63 55 13503 1574
63 56 20328 3089
63 57 14889 2410
63 58 16242 2909
63 59 12483 1211
63 60 6682 797
63 61 8968 1454
63 62 9746 1570
63 63 0 0
63 64 8276 1230
63 65 11644 2497
63 66 5292 919
63 67 14235 2446
63 68 16211 1698
63 69 6698 1256
63 70 17520 3018
63 71 12314 2210
63 72 15692 2082
63 73 10531 1166
63 74 7601 1107
64 0 4803 253
64 1 9801 603
64 2 23112 1394
64 3 18041 1882
64 4 12109 1226
64 5 9357 858
64 6 5761 486
64 7 20309 1322
64 8 21748 2563
64 9 9526 575
64 10 12241 930
64 11 11883 993
64 12 9511 1129
64 13 5440 418
64 14 16499 1379
64 15 21063 1599
64 16 5032 493
64 17 20810 1648
64 18 17860 1071
64 19 13375 820
64 20 19003 1533
64 21 22764 1203
64 22 13975 1173
64 23 10190 1522
64 24 7472 1120
64 25 8667 582
64 26 9325 929
64 27 13375 2018
64 28 19142 1716
64 29 11186 826
64 30 26632 3196
64 31 14178 1250
64 32 9549 998
64 33 3841 315
64 34 19573 1896
64 35 23052 1215
64 36 15855 1283
64 37 22750 1465
64 38 5649 633
64 39 9175 1130
64 40 16289 1747
64 41 22240 1711
64 42 20327 2033
64 43 27099 4038
64 44 13245 1155
64 45 8844 932
64 46 8474 1068
64 47 8860 1757
64 48 10566 1661
64 49 3295 212
64 50 14744 1757
64 51 26959 5596
64 52 11020 1500
64 53 20551 2163
64 54 10354 880
64 55 13194 1249
64 56 25668 2080
64 57 9534 595
64 58 8188 1034
64 59 13252 1121
64 60 4747 352
64 61 16531 1686
64 62 15677 1679
64 63 8276 1242
64 64 0 0
64 65 11383 1611
64 66 8868 956
64 67 10254 1258
64 68 11612 1574
64 69 5665 402
64 70 12194 1223
64 71 7950 837
64 72 23112 1801
64 73 5239 416
64 74 6619 1251
65 0 16150 1812
65 1 11370 1367
65 2 13714 2018
65 3 6868 872
65 4 11094 1486
65 5 10131 842
65 6 16840 2488
65 7 19627 1716
65 8 10969 921
65 9 20817 1684
65 10 23622 2675
65 11 7132 719
65 12 18693 3335
65 13 16774 1408
65 14 23438 2799
65 15 17442 2257
65 16 7385 865
65 17 14263 1869
65 18 9678 842
65 19 3195 386
65 20 15528 1742
65 21 19631 2574
65 22 24525 1997
65 23 9169 1263
65 24 12890 2796
65 25 4731 394
65 26 9761 864
65 27 8604 1610
65 28 15892 2249
65 29 15389 1753
65 30 28898 3095
65 31 11896 1003
65 32 19784 1706
65 33 10812 776
65 34 15248 1136
65 35 13976 1658
65 36 4540 535
65 37 24571 2694
65 38 12493 1112
65 39 12502 2576
65 40 5203 452
65 41 14912 1521
65 42 20920 1426
65 43 29214 4075
65 44 4411 432
65 45 14031 1062
65 46 18138 2986
65 47 14413 2076
65 48 19440 2845
65 49 11853 987
65 50 10329 1146
65 51 30102 3345
65 52 20751 2492
65 53 21202 1846
65 54 1106 76
65 55 1948 161
65 56 16551 1307
65 57 20905 2886
65 58 14077 995
65 59 22924 1857
65 60 6974 670
65 61 13359 1623
65 62 9760 2043
65 63 11644 2164
65 64 11383 1424
65 65 0 0
65 66 6527 508
65 67 5562 1010
65 68 7373 1689
65 69 6195 574
65 70 9199 972
65 71 5752 760
65 72 26108 3017
65 73 16573 2006
65 74 16487 2549
66 0 13341 1422
66 1 14241 1868
66 2 14442 1253
66 3 11043 1315
66 4 15151 1484
66 5 13156 1294
66 6 12898 993
66 7 14038 1751
66 8 13906 1021
66 9 17990 1345
66 10 20257 2019
66 11 3017 342
66 12 13208 1824
66 13 13320 2006
66 14 17067 1374
66 15 13172 1176
66 16 3899 425
66 17 12020 1413
66 18 9077 920
66 19 9708 833
66 20 11081 1213
66 21 15166 2130
66 22 19511 2768
66 23 12890 2073
66 24 6846 970
66 25 8419 794
66 26 12875 901
66 27 4596 897
66 28 11332 1307
66 29 8897 919
66 30 22702 3859
66 31 16596 1503
66 32 14794 1615
66 33 10625 853
66 34 11327 1011
66 35 14303 1307
66 36 10446 913
66 37 18398 2440
66 38 7060 740
66 39 6052 686
66 40 11397 1135
66 41 13386 1219
66 42 14961 1234
66 43 23053 2844
66 44 5330 455
66 45 15475 1956
66 46 12944 1538
66 47 8189 1254
66 48 13765 1905
66 49 7491 927
66 50 6167 1389
66 51 23762 3614
66 52 15388 2098
66 53 15235 1238
66 54 5601 521
66 55 8301 978
66 56 16888 1386
66 57 17734 1876
66 58 15158 1427
66 59 17413 1578
66 60 4597 686
66 61 8596 955
66 62 6844 799
66 63 5292 865
66 64 8868 884
66 65 6527 806
66 66 0 0
66 67 10213 1795
66 68 12279 1615
66 69 3881 288
66 70 13865 2333
66 71 8818 1062
66 72 19746 2200
66 73 13137 1375
66 74 11599 1324
67 0 14362 2084
67 1 6082 622
67 2 19083 2085
67 3 11449 1500
67 4 5533 1123
67 5 4870 531
67 6 15992 2710
67 7 24196 3316
67 8 15757 2635
67 9 18590 3190
67 10 21686 2810
67 11 11944 1540
67 12 19331 3627
67 13 15481 1784
67 14 25401 2553
67 15 22622 4679
67 16 8709 1032
67 17 19787 2091
67 18 15241 1570
67 19 4749 649
67 20 20623 2253
67 21 24767 5165
67 22 24229 2833
67 23 3679 524
67 24 14837 2185
67 25 1933 261
67 26 4491 483
67 27 13605 1676
67 28 20952 2390
67 29 18107 2322
67 30 32832 6109
67 31 6520 807
67 32 19742 4201
67 33 7863 1017
67 34 20500 3792
67 35 19411 2322
67 36 7995 852
67 37 28556 3208
67 38 13758 2035
67 39 15245 1845
67 40 7780 1044
67 41 20474 2521
67 42 25175 3775
67 43 33202 7220
67 44 9931 1328
67 45 9296 1330
67 46 18463 2886
67 47 16494 3608
67 48 20280 3451
67 49 12207 1374
67 50 15382 2418
67 51 33763 5630
67 52 21090 3567
67 53 25448 5586
67 54 5568 618
67 55 5977 825
67 56 21937 2627
67 57 18970 3517
67 58 9565 1346
67 59 23337 3682
67 60 7750 1412
67 61 18297 2489
67 62 15096 2302
67 63 14235 1775
67 64 10254 1796
67 65 5562 767
67 66 10213 1810
67 67 0 0
67 68 2066 230
67 69 7547 1136
67 70 3761 482
67 71 2311 255
67 72 29740 3408
67 73 15288 1776
67 74 16629 1972
68 0 15352 2505
68 1 5304 837
68 2 20562 2819
68 3 12633 1315
68 4 3920 752
68 5 4280 712
68 6 17249 2069
68 7 26260 2869
68 8 16927 1749
68 9 19316 2408
68 10 22476 3222
68 11 13978 2111
68 12 20922 4520
68 13 16611 2414
68 14 27214 4746
68 15 24624 2673
68 16 10633 1453
68 17 21636 3123
68 18 17002 2153
68 19 5831 763
68 20 22639 3437
68 21 26780 5331
68 22 25529 4438
68 23 2770 372
68 24 16726 1976
68 25 3929 788
68 26 3946 614
68 27 15623 1839
68 28 22974 3227
68 29 20071 3555
68 30 34880 7274
68 31 4535 653
68 32 21161 2544
68 33 8713 1272
68 34 22483 3264
68 35 20947 2300
68 36 9006 1026
68 37 30609 5439
68 38 15555 2581
68 39 17229 2792
68 40 8535 1376
68 41 22240 3134
68 42 27239 6107
68 43 35253 4380
68 44 11783 1644
68 45 8926 1812
68 46 19992 2072
68 47 18385 2303
68 48 21906 3499
68 49 13864 1838
68 50 17397 3474
68 51 35789 5711
68 52 22591 3705
68 53 27513 3187
68 54 7522 1548
68 55 7416 885
68 56 23416 4129
68 57 19803 3489
68 58 9364 1657
68 59 24834 2981
68 60 9637 1534
68 61 20332 3104
68 62 17047 2998
68 63 16211 2150
68 64 11612 1732
68 65 7373 1132
68 66 12279 1418
68 67 2066 316
68 68 0 0
68 69 9512 1145
68 70 1834 348
68 71 3979 411
68 72 31768 3659
68 73 16424 3207
68 74 18142 2352
69 0 10439 877
69 1 10572 914
69 2 17523 1849
69 3 12509 873
69 4 11807 1473
69 5 9564 799
69 6 10739 845
69 7 17502 1707
69 8 16100 1815
69 9 15170 1191
69 10 17769 1317
69 11 6755 603
69 12 12598 2394
69 13 10812 1118
69 14 18000 1516
69 15 17021 1993
69 16 1263 121
69 17 15782 1894
69 18 12378 1088
69 19 8836 864
69 20 14926 1212
69 21 18976 1389
69 22 18330 1494
69 23 9532 1702
69 24 7352 1300
69 25 5615 503
69 26 9320 803
69 27 8428 1509
69 28 15160 2081
69 29 10562 1090
69 30 25513 5804
69 31 13470 1013
69 32 13593 1111
69 33 6779 626
69 34 15206 1923
69 35 17508 1303
69 36 10730 855
69 37 21296 3134
69 38 6529 563
69 39 7718 921
69 40 11372 1065
69 41 17044 2335
69 42 18148 1360
69 43 25908 2738
69 44 7584 630
69 45 11599 1171
69 46 11977 1787
69 47 8996 1275
69 48 13410 2104
69 49 5658 499
69 50 10044 1501
69 51 26326 3113
69 52 14606 1704
69 53 18410 1810
69 54 5094 631
69 55 8130 604
69 56 20141 1737
69 57 15105 1638
69 58 11277 1076
69 59 16804 1506
69 60 918 131
69 61 12427 1404
69 62 10595 1843
69 63 6698 914
69 64 5665 550
69 65 6195 427
69 66 3881 255
69 67 7547 1225
69 68 9512 1201
69 69 0 0
69 70 10852 1136
69 71 5639 804
69 72 22312 1640
69 73 10614 948
69 74 10298 1183
70 0 15503 1768
70 1 4274 649
70 2 22364 2348
70 3 14367 1829
70 4 2222 299
70 5 3577 412
70 6 17643 2891
70 7 27890 3486
70 8 18643 2948
70 9 19169 3538
70 10 22363 4544
70 11 15701 1992
70 12 21659 2847
70 13 16882 2085
70 14 28219 4097
70 15 26383 3881
70 16 11894 1323
70 17 23463 3746
70 18 18837 2202
70 19 7593 1086
70 20 24384 2923
70 21 28529 4959
70 22 25910 4255
70 23 2161 246
70 24 17885 2716
70 25 5445 720
70 26 3358 461
70 27 17366 2387
70 28 24712 3784
70 29 21342 3429
70 30 36340 4605
70 31 2760 459
70 32 21698 4101
70 33 8899 1094
70 34 24258 3202
70 35 22759 2894
70 36 10708 1608
70 37 32094 4035
70 38 16589 2023
70 39 18550 3500
70 40 10149 1078
70 41 24074 2815
70 42 28798 5528
70 43 36725 4656
70 44 13607 1853
70 45 8026 847
70 46 20662 2416
70 47 19539 4504
70 48 22681 2252
70 49 14737 2451
70 50 19143 2937
70 51 37179 5835
70 52 23212 3633
70 53 29068 3472
70 54 9310 1657
70 55 9233 1418
70 56 25216 4065
70 57 19751 3116
70 58 8591 1050
70 59 25440 3275
70 60 10858 1445
70 61 22051 3709
70 62 18841 3371
70 63 17520 2275
70 64 12194 2265
70 65 9199 1058
70 66 13865 2269
70 67 3761 533
70 68 1834 218
70 69 10852 1645
70 70 0 0
70 71 5213 677
70 72 33164 5696
70 73 16705 2282
70 74 18806 2375
71 0 12152 913
71 1 5807 335
71 2 19448 1072
71 3 12378 823
71 4 6333 882
71 5 4599 349
71 6 13697 998
71 7 22848 1333
71 8 16612 2268
71 9 16489 1598
71 10 19542 1482
71 11 10986 716
71 12 17043 2585
71 13 13217 978
71 14 23236 1829
71 15 21717 2435
71 16 6698 372
71 17 19403 2542
71 18 15125 985
71 19 6177 395
71 20 19665 1909
71 21 23804 1366
71 22 21923 2292
71 23 4081 579
71 24 12757 2610
71 25 1081 79
71 26 4261 358
71 27 12709 1844
71 28 19961 1513
71 29 16150 1330
71 30 31137 3414
71 31 7856 661
71 32 17430 1734
71 33 5809 488
71 34 19687 1971
71 35 19679 1743
71 36 9253 559
71 37 26902 2334
71 38 11577 1076
71 39 13342 1735
71 40 9294 871
71 41 20286 1807
71 42 23660 2179
71 43 31526 3574
71 44 9723 804
71 45 8282 987
71 46 16162 2504
71 47 14416 2152
71 48 18004 3140
71 49 9937 864
71 50 14477 3337
71 51 31965 4671
71 52 18785 2737
71 53 23928 2613
71 54 5307 479
71 55 6837 633
71 56 22274 1801
71 57 16813 1654
71 58 8362 834
71 59 21032 1892
71 60 5680 427
71 61 17250 1532
71 62 14460 1972
71 63 12314 2200
71 64 7950 834
71 65 5752 451
71 66 8818 742
71 67 2311 348
71 68 3979 492
71 69 5639 683
71 70 5213 554
71 71 0 0
71 72 27951 1715
71 73 13022 984
71 74 14324 2409
72 0 24128 1828
72 1 32331 2092
72 2 25391 2412
72 3 28106 2028
72 4 34008 3632
72 5 31531 1971
72 6 21345 1400
72 7 8650 625
72 8 28504 1964
72 9 26317 2608
72 10 26118 1590
72 11 19257 2078
72 12 16229 2603
72 13 22685 1591
72 14 9760 727
72 15 13815 1028
72 16 21313 1938
72 17 19108 1714
72 18 21794 1816
72 19 29293 1869
72 20 13980 1328
72 21 12790 738
72 22 19782 1165
72 23 31758 3903
72 24 15759 1964
72 25 27839 2332
72 26 31355 2795
72 27 18300 2437
72 28 13561 1519
72 29 12042 673
72 30 3658 442
72 31 35765 5011
72 32 18445 1682
72 33 26820 2175
72 34 15279 1382
72 35 24626 2093
72 36 29209 2329
72 37 2726 181
72 38 17484 1269
72 39 14655 1972
72 40 30339 1678
72 41 20770 1233
72 42 6332 825
72 43 4186 707
72 44 23080 3055
72 45 31955 2631
72 46 17423 2299
72 47 14260 2528
72 48 15321 1661
72 49 19819 1779
72 50 17102 1928
72 51 4023 413
72 52 16961 1773
72 53 6098 828
72 54 25292 2113
72 55 27651 2130
72 56 25812 2390
72 57 25296 1517
72 58 31295 3367
72 59 16621 1934
72 60 22370 2264
72 61 14485 1593
72 62 18718 3541
72 63 15692 2498
72 64 23112 1577
72 65 26108 2025
72 66 19746 2067
72 67 29740 3314
72 68 31768 3696
72 69 22312 2925
72 70 33164 6312
72 71 27951 1638
72 72 0 0
72 73 22667 1774
72 74 18428 2232
73 0 1614 150
73 1 13507 1111
73 2 27579 2183
73 3 23119 1902
73 4 16152 1397
73 5 13437 1092
73 6 1386 146
73 7 21870 3193
73 8 26662 2950
73 9 4953 421
73 10 7174 889
73 11 16019 1106
73 12 6787 728
73 13 201 24
73 14 14374 1845
73 15 23734 1909
73 16 9704 869
73 17 24501 2217
73 18 22195 2218
73 19 18612 1697
73 20 21800 1721
73 21 25121 2588
73 22 9236 1087
73 23 14576 1615
73 24 8903 1493
73 25 13821 1191
73 26 13513 1416
73 27 17266 2067
73 28 21843 1945
73 29 11896 1521
73 30 26319 4467
73 31 18277 2365
73 32 5568 399
73 33 7805 592
73 34 22619 1573
73 35 27422 2659
73 36 21072 2232
73 37 22930 3080
73 38 7219 668
73 39 11071 2418
73 40 21525 2057
73 41 26101 1778
73 42 21316 2015
73 43 26833 4755
73 44 18034 1759
73 45 11216 1410
73 46 5513 1034
73 47 9533 1265
73 48 7879 1315
73 49 5711 507
73 50 18337 2482
73 51 26181 4266
73 52 7358 1047
73 53 21491 1694
73 54 15522 1750
73 55 18412 1921
73 56 29984 2210
73 57 4596 444
73 58 10385 965
73 59 9354 1167
73 60 9726 1243
73 61 19489 1637
73 62 19588 2778
73 63 10531 1606
73 64 5239 438
73 65 16573 1406
73 66 13137 1145
73 67 15288 2330
73 68 16424 2824
73 69 10614 829
73 70 16705 2342
73 71 13022 960
73 72 22667 1824
73 73 0 0
73 74 4239 546
74 0 5729 812
74 1 16282 3156
74 2 25683 2984
74 3 22428 3957
74 4 18696 3349
74 5 15937 1863
74 6 2943 408
74 7 18008 3213
74 8 25504 3824
74 9 8457 1202
74 10 9572 1563
74 11 14112 1997
74 12 2946 377
74 13 4261 536
74 14 10386 1308
74 15 20368 2629
74 16 9106 1263
74 17 21846 3947
74 18 20254 3098
74 19 19053 2395
74 20 18551 2120
74 21 21561 3470
74 22 8051 1003
74 23 16809 3267
74 24 5703 567
74 25 14880 2001
74 26 15924 2901
74 27 15039 1710
74 28 18534 3088
74 29 7991 1469
74 30 22080 2577
74 31 20782 2881
74 32 3298 478
74 33 10274 1359
74 34 19513 3690
74 35 25406 2826
74 36 21008 4197
74 37 18724 2210
74 38 4604 822
74 39 7834 1453
74 40 21670 4254
74 41 23567 5038
74 42 17277 2044
74 43 22594 3656
74 44 16883 2378
74 45 14653 1898
74 46 1856 295
74 47 5798 719
74 48 4046 407
74 49 4649 563
74 50 15787 1737
74 51 21961 3726
74 52 4461 548
74 53 17436 2202
74 54 15382 3249
74 55 18427 3475
74 56 27858 4463
74 57 7676 1155
74 58 13870 1365
74 59 6708 739
74 60 9586 1818
74 61 16409 2547
74 62 17279 2087
74 63 7601 1004
74 64 6619 857
74 65 16487 1928
74 66 11599 1308
74 67 16629 2965
74 68 18142 2280
74 69 10298 1146
74 70 18806 2997
74 71 14324 2593
74 72 18428 3058
74 73 4239 560
74 74 0 0
