25
735 7325
709 6554
624 7940
838 6242
1073 9884
1102 9136
1035 6563
608 6326
1111 5934
932 5583
773 7165
1152 5579
752 6017
745 9530
798 5408
985 6387
627 5044
657 6648
753 8159
707 5586
714 8222
1094 8437
775 6879
836 8375
930 6174
0 0 0 0
0 1 20129 1548
0 2 24840 1910
0 3 1245 95
0 4 18720 1440
0 5 8685 668
0 6 18001 1384
0 7 19485 1498
0 8 18161 1397
0 9 10620 816
0 10 14457 1112
0 11 25658 1973
0 12 26296 2022
0 13 16883 1298
0 14 17355 1335
0 15 10458 804
0 16 1203 92
0 17 20656 1588
0 18 8346 642
0 19 17554 1350
0 20 13923 1071
0 21 6320 486
0 22 26290 2022
0 23 4350 334
0 24 12910 993
1 0 13544 1041
1 1 0 0
1 2 23759 1827
1 3 24572 1890
1 4 18016 1385
1 5 17568 1351
1 6 10872 836
1 7 15031 1156
1 8 19772 1520
1 9 20960 1612
1 10 10840 833
1 11 5822 447
1 12 2888 222
1 13 15051 1157
1 14 18646 1434
1 15 11472 882
1 16 17484 1344
1 17 8815 678
1 18 28067 2159
1 19 15746 1211
1 20 19395 1491
1 21 22140 1703
1 22 26621 2047
1 23 28418 2186
1 24 13620 1047
2 0 17582 1352
2 1 19054 1465
2 2 0 0
2 3 6959 535
2 4 1961 150
2 5 26641 2049
2 6 18871 1451
2 7 15212 1170
2 8 6122 470
2 9 9077 698
2 10 6530 502
2 11 3519 270
2 12 11887 914
2 13 12581 967
2 14 5578 429
2 15 7370 566
2 16 9584 737
2 17 9926 763
2 18 12860 989
2 19 938 72
2 20 26119 2009
2 21 26581 2044
2 22 8433 648
2 23 16683 1283
2 24 24260 1866
3 0 21619 1663
3 1 1783 137
3 2 29289 2253
3 3 0 0
3 4 7597 584
3 5 22291 1714
3 6 14929 1148
3 7 23385 1798
3 8 13098 1007
3 9 28816 2216
3 10 13432 1033
3 11 22950 1765
3 12 27227 2094
3 13 6754 519
3 14 20828 1602
3 15 22389 1722
3 16 1821 140
3 17 15791 1214
3 18 28564 2197
3 19 2028 156
3 20 11306 869
3 21 23546 1811
3 22 18109 1393
3 23 20967 1612
3 24 7706 592
4 0 25937 1995
4 1 10395 799
4 2 12151 934
4 3 1427 109
4 4 0 0
4 5 26684 2052
4 6 16966 1305
4 7 22300 1715
4 8 15212 1170
4 9 22279 1713
4 10 29334 2256
4 11 20286 1560
4 12 16819 1293
4 13 10417 801
4 14 5051 388
4 15 19862 1527
4 16 27184 2091
4 17 7884 606
4 18 11997 922
4 19 9286 714
4 20 9844 757
4 21 7520 578
4 22 16085 1237
4 23 5020 386
4 24 19121 1470
5 0 12629 971
5 1 7887 606
5 2 14721 1132
5 3 24961 1920
5 4 3472 267
5 5 0 0
5 6 12817 985
5 7 28583 2198
5 8 9438 726
5 9 21760 1673
5 10 6845 526
5 11 14308 1100
5 12 23765 1828
5 13 21982 1690
5 14 13920 1070
5 15 8726 671
5 16 9178 706
5 17 13309 1023
5 18 11295 868
5 19 29922 2301
5 20 13824 1063
5 21 14583 1121
5 22 26296 2022
5 23 4838 372
5 24 22055 1696
6 0 23437 1802
6 1 166 12
6 2 10417 801
6 3 10647 819
6 4 22190 1706
6 5 21114 1624
6 6 0 0
6 7 19115 1470
6 8 12445 957
6 9 16146 1242
6 10 18670 1436
6 11 27258 2096
6 12 711 54
6 13 7951 611
6 14 4829 371
6 15 3472 267
6 16 27095 2084
6 17 25244 1941
6 18 5067 389
6 19 29309 2254
6 20 2593 199
6 21 10867 835
6 22 9266 712
6 23 22734 1748
6 24 8749 673
7 0 660 50
7 1 12975 998
7 2 25614 1970
7 3 15641 1203
7 4 18372 1413
7 5 16618 1278
7 6 26012 2000
7 7 0 0
7 8 14443 1111
7 9 15539 1195
7 10 8603 661
7 11 5923 455
7 12 5063 389
7 13 4260 327
7 14 10986 845
7 15 12623 971
7 16 6491 499
7 17 11142 857
7 18 20366 1566
7 19 12552 965
7 20 29187 2245
7 21 22302 1715
7 22 14087 1083
7 23 27312 2100
7 24 15992 1230
8 0 8715 670
8 1 16852 1296
8 2 8030 617
8 3 3356 258
8 4 29149 2242
8 5 19221 1478
8 6 6140 472
8 7 23369 1797
8 8 0 0
8 9 5866 451
8 10 29460 2266
8 11 5330 410
8 12 28264 2174
8 13 24079 1852
8 14 26368 2028
8 15 16759 1289
8 16 19871 1528
8 17 7752 596
8 18 12596 968
8 19 10282 790
8 20 1862 143
8 21 20147 1549
8 22 25581 1967
8 23 24751 1903
8 24 16253 1250
9 0 26081 2006
9 1 25985 1998
9 2 7802 600
9 3 16946 1303
9 4 232 17
9 5 8448 649
9 6 10021 770
9 7 18715 1439
9 8 13136 1010
9 9 0 0
9 10 5393 414
9 11 14413 1108
9 12 13323 1024
9 13 29192 2245
9 14 13899 1069
9 15 16044 1234
9 16 1079 83
9 17 20225 1555
9 18 24616 1893
9 19 9515 731
9 20 6128 471
9 21 22309 1716
9 22 11615 893
9 23 2147 165
9 24 13332 1025
10 0 26572 2044
10 1 25041 1926
10 2 16220 1247
10 3 23402 1800
10 4 12157 935
10 5 196 15
10 6 3284 252
10 7 4878 375
10 8 10346 795
10 9 5519 424
10 10 0 0
10 11 8628 663
10 12 17362 1335
10 13 4723 363
10 14 13850 1065
10 15 22170 1705
10 16 18641 1433
10 17 12897 992
10 18 18039 1387
10 19 11148 857
10 20 25448 1957
10 21 4729 363
10 22 21683 1667
10 23 5299 407
10 24 12802 984
11 0 19438 1495
11 1 1607 123
11 2 18174 1398
11 3 27823 2140
11 4 11283 867
11 5 3314 254
11 6 26565 2043
11 7 14357 1104
11 8 11171 859
11 9 9689 745
11 10 8092 622
11 11 0 0
11 12 22304 1715
11 13 26664 2051
11 14 15577 1198
11 15 29140 2241
11 16 6164 474
11 17 12553 965
11 18 26204 2015
11 19 8987 691
11 20 17142 1318
11 21 21378 1644
11 22 1348 103
11 23 18040 1387
11 24 23718 1824
12 0 12092 930
12 1 23279 1790
12 2 2551 196
12 3 17121 1317
12 4 19889 1529
12 5 11019 847
12 6 1316 101
12 7 12798 984
12 8 13925 1071
12 9 999 76
12 10 18289 1406
12 11 18864 1451
12 12 0 0
12 13 28591 2199
12 14 23892 1837
12 15 7296 561
12 16 9885 760
12 17 21191 1630
12 18 9204 708
12 19 28962 2227
12 20 1334 102
12 21 20010 1539
12 22 14830 1140
12 23 9645 741
12 24 13672 1051
13 0 15882 1221
13 1 18126 1394
13 2 2715 208
13 3 10850 834
13 4 24792 1907
13 5 15046 1157
13 6 4113 316
13 7 3977 305
13 8 18252 1404
13 9 120 9
13 10 4918 378
13 11 1870 143
13 12 4841 372
13 13 0 0
13 14 10881 837
13 15 21052 1619
13 16 8807 677
13 17 25547 1965
13 18 604 46
13 19 23015 1770
13 20 29767 2289
13 21 27506 2115
13 22 8202 630
13 23 10762 827
13 24 5545 426
14 0 21270 1636
14 1 26407 2031
14 2 114 8
14 3 13253 1019
14 4 8808 677
14 5 22423 1724
14 6 26036 2002
14 7 11187 860
14 8 25565 1966
14 9 24566 1889
14 10 18669 1436
14 11 12513 962
14 12 29564 2274
14 13 3912 300
14 14 0 0
14 15 14511 1116
14 16 28233 2171
14 17 15113 1162
14 18 28610 2200
14 19 20001 1538
14 20 12919 993
14 21 20742 1595
14 22 6602 507
14 23 18994 1461
14 24 28798 2215
15 0 24089 1853
15 1 20487 1575
15 2 18832 1448
15 3 7717 593
15 4 6476 498
15 5 18904 1454
15 6 15784 1214
15 7 15687 1206
15 8 12654 973
15 9 9083 698
15 10 1683 129
15 11 9744 749
15 12 27395 2107
15 13 28720 2209
15 14 25433 1956
15 15 0 0
15 16 8391 645
15 17 642 49
15 18 24725 1901
15 19 19554 1504
15 20 19942 1534
15 21 18053 1388
15 22 8539 656
15 23 27567 2120
15 24 29322 2255
16 0 24218 1862
16 1 7434 571
16 2 3439 264
16 3 2265 174
16 4 19796 1522
16 5 9439 726
16 6 11267 866
16 7 11051 850
16 8 11368 874
16 9 25354 1950
16 10 12576 967
16 11 13869 1066
16 12 12989 999
16 13 26311 2023
16 14 28430 2186
16 15 27247 2095
16 16 0 0
16 17 10590 814
16 18 22699 1746
16 19 5035 387
16 20 19593 1507
16 21 13105 1008
16 22 10144 780
16 23 4143 318
16 24 24072 1851
17 0 18681 1437
17 1 5756 442
17 2 5221 401
17 3 27002 2077
17 4 14994 1153
17 5 28611 2200
17 6 21222 1632
17 7 17286 1329
17 8 1296 99
17 9 5836 448
17 10 10346 795
17 11 16919 1301
17 12 24492 1884
17 13 4161 320
17 14 5348 411
17 15 6711 516
17 16 28943 2226
17 17 0 0
17 18 7705 592
17 19 23637 1818
17 20 18108 1392
17 21 11976 921
17 22 11376 875
17 23 21219 1632
17 24 21653 1665
18 0 13605 1046
18 1 21304 1638
18 2 12758 981
18 3 13808 1062
18 4 11299 869
18 5 23391 1799
18 6 12960 996
18 7 7702 592
18 8 9742 749
18 9 976 75
18 10 23572 1813
18 11 1728 132
18 12 27119 2086
18 13 29178 2244
18 14 2373 182
18 15 715 55
18 16 21189 1629
18 17 4433 341
18 18 0 0
18 19 28572 2197
18 20 16261 1250
18 21 5677 436
18 22 15983 1229
18 23 3873 297
18 24 27504 2115
19 0 18425 1417
19 1 11020 847
19 2 17140 1318
19 3 3384 260
19 4 7606 585
19 5 22910 1762
19 6 28478 2190
19 7 20351 1565
19 8 17947 1380
19 9 10986 845
19 10 29107 2239
19 11 3448 265
19 12 27095 2084
19 13 4651 357
19 14 9195 707
19 15 4256 327
19 16 6871 528
19 17 27262 2097
19 18 7066 543
19 19 0 0
19 20 8087 622
19 21 28668 2205
19 22 8698 669
19 23 6707 515
19 24 13616 1047
20 0 3174 244
20 1 15782 1214
20 2 29705 2285
20 3 3273 251
20 4 12620 970
20 5 11372 874
20 6 23408 1800
20 7 9962 766
20 8 20645 1588
20 9 20995 1615
20 10 5271 405
20 11 5337 410
20 12 3958 304
20 13 6746 518
20 14 18670 1436
20 15 18113 1393
20 16 15092 1160
20 17 8221 632
20 18 24343 1872
20 19 13380 1029
20 20 0 0
20 21 2974 228
20 22 29651 2280
20 23 10506 808
20 24 24055 1850
21 0 29962 2304
21 1 3952 304
21 2 15241 1172
21 3 21766 1674
21 4 22278 1713
21 5 28828 2217
21 6 3273 251
21 7 24348 1872
21 8 10659 819
21 9 12655 973
21 10 9886 760
21 11 11144 857
21 12 14007 1077
21 13 9110 700
21 14 3540 272
21 15 27417 2109
21 16 744 57
21 17 24828 1909
21 18 17774 1367
21 19 27876 2144
21 20 12358 950
21 21 0 0
21 22 10089 776
21 23 13390 1030
21 24 3590 276
22 0 17902 1377
22 1 14061 1081
22 2 1725 132
22 3 16687 1283
22 4 6889 529
22 5 11650 896
22 6 20503 1577
22 7 11769 905
22 8 28060 2158
22 9 27286 2098
22 10 9480 729
22 11 29773 2290
22 12 450 34
22 13 10040 772
22 14 10709 823
22 15 28083 2160
22 16 23448 1803
22 17 14957 1150
22 18 28092 2160
22 19 29791 2291
22 20 12410 954
22 21 1462 112
22 22 0 0
22 23 10759 827
22 24 7929 609
23 0 15790 1214
23 1 14925 1148
23 2 4684 360
23 3 6263 481
23 4 18926 1455
23 5 6497 499
23 6 4836 372
23 7 23962 1843
23 8 20699 1592
23 9 19457 1496
23 10 26397 2030
23 11 9902 761
23 12 28608 2200
23 13 17059 1312
23 14 24501 1884
23 15 12052 927
23 16 14859 1143
23 17 7195 553
23 18 17238 1326
23 19 10577 813
23 20 14364 1104
23 21 8378 644
23 22 10255 788
23 23 0 0
23 24 24513 1885
24 0 18370 1413
24 1 2762 212
24 2 24659 1896
24 3 12620 970
24 4 4306 331
24 5 17784 1368
24 6 27970 2151
24 7 7256 558
24 8 9951 765
24 9 23366 1797
24 10 15122 1163
24 11 25876 1990
24 12 22914 1762
24 13 9563 735
24 14 27682 2129
24 15 22580 1736
24 16 28431 2187
24 17 16044 1234
24 18 18568 1428
24 19 16168 1243
24 20 5327 409
24 21 16859 1296
24 22 24600 1892
24 23 18746 1442
24 24 0 0
