25
988 6757
684 6404
636 9584
643 5669
1073 8369
891 9976
1078 6211
672 8065
856 7769
708 6410
1142 6322
1126 9567
809 9549
795 6489
708 6150
1193 6129
724 6531
779 6832
828 6270
844 7028
975 5584
1145 5155
950 9258
950 7900
1000 6360
0 0 0 0
0 1 9976 767
0 2 11072 851
0 3 9042 695
0 4 11571 890
0 5 21430 1648
0 6 14860 1143
0 7 6767 520
0 8 11971 920
0 9 6335 487
0 10 25696 1976
0 11 14911 1147
0 12 4007 308
0 13 10202 784
0 14 12492 960
0 15 18019 1386
0 16 2205 169
0 17 15631 1202
0 18 19208 1477
0 19 20541 1580
0 20 25877 1990
0 21 17400 1338
0 22 18626 1432
0 23 15390 1183
0 24 21316 1639
1 0 6208 477
1 1 0 0
1 2 1785 137
1 3 22932 1764
1 4 2428 186
1 5 4049 311
1 6 19262 1481
1 7 6649 511
1 8 18279 1406
1 9 6146 472
1 10 12870 990
1 11 11224 863
1 12 28433 2187
1 13 6865 528
1 14 26937 2072
1 15 22840 1756
1 16 22920 1763
1 17 9265 712
1 18 22433 1725
1 19 27889 2145
1 20 15010 1154
1 21 615 47
1 22 679 52
1 23 6869 528
1 24 14953 1150
2 0 9028 694
2 1 18340 1410
2 2 0 0
2 3 24720 1901
2 4 13188 1014
2 5 29401 2261
2 6 14456 1112
2 7 12677 975
2 8 14924 1148
2 9 106 8
2 10 7723 594
2 11 8042 618
2 12 2890 222
2 13 5900 453
2 14 18631 1433
2 15 25297 1945
2 16 520 40
2 17 21841 1680
2 18 10870 836
2 19 17367 1335
2 20 12784 983
2 21 12470 959
2 22 15323 1178
2 23 25457 1958
2 24 21526 1655
3 0 6846 526
3 1 9384 721
3 2 24666 1897
3 3 0 0
3 4 13490 1037
3 5 364 28
3 6 28862 2220
3 7 1330 102
3 8 8625 663
3 9 24361 1873
3 10 3851 296
3 11 19309 1485
3 12 20643 1587
3 13 10633 817
3 14 24093 1853
3 15 7604 584
3 16 13235 1018
3 17 5209 400
3 18 9795 753
3 19 17007 1308
3 20 24145 1857
3 21 9061 697
3 22 2158 166
3 23 21878 1682
3 24 229 17
4 0 19024 1463
4 1 19568 1505
4 2 4126 317
4 3 2114 162
4 4 0 0
4 5 10462 804
4 6 201 15
4 7 10124 778
4 8 26572 2044
4 9 19194 1476
4 10 2029 156
4 11 3142 241
4 12 12618 970
4 13 15795 1215
4 14 7327 563
4 15 10447 803
4 16 20181 1552
4 17 22640 1741
4 18 24565 1889
4 19 7016 539
4 20 22119 1701
4 21 5569 428
4 22 9945 765
4 23 15424 1186
4 24 2852 219
5 0 6290 483
5 1 23603 1815
5 2 17358 1335
5 3 15780 1213
5 4 7096 545
5 5 0 0
5 6 27342 2103
5 7 4358 335
5 8 18747 1442
5 9 6652 511
5 10 2054 158
5 11 16706 1285
5 12 1086 83
5 13 22582 1737
5 14 833 64
5 15 14674 1128
5 16 19343 1487
5 17 28485 2191
5 18 8780 675
5 19 9007 692
5 20 2123 163
5 21 2565 197
5 22 21063 1620
5 23 4914 378
5 24 12070 928
6 0 17864 1374
6 1 3884 298
6 2 27946 2149
6 3 26047 2003
6 4 20598 1584
6 5 24003 1846
6 6 0 0
6 7 19458 1496
6 8 7186 552
6 9 26909 2069
6 10 4483 344
6 11 29570 2274
6 12 1628 125
6 13 19342 1487
6 14 3024 232
6 15 29662 2281
6 16 6258 481
6 17 1182 90
6 18 19082 1467
6 19 15109 1162
6 20 19744 1518
6 21 25677 1975
6 22 5536 425
6 23 19574 1505
6 24 2296 176
7 0 23162 1781
7 1 21564 1658
7 2 16341 1257
7 3 21426 1648
7 4 7616 585
7 5 6352 488
7 6 4463 343
7 7 0 0
7 8 20723 1594
7 9 27970 2151
7 10 1740 133
7 11 19169 1474
7 12 11421 878
7 13 12616 970
7 14 24394 1876
7 15 15408 1185
7 16 13322 1024
7 17 24344 1872
7 18 10280 790
7 19 19774 1521
7 20 21401 1646
7 21 12512 962
7 22 29149 2242
7 23 338 26
7 24 20547 1580
8 0 22438 1726
8 1 20014 1539
8 2 5365 412
8 3 25472 1959
8 4 15368 1182
8 5 11283 867
8 6 23198 1784
8 7 1006 77
8 8 0 0
8 9 5937 456
8 10 17208 1323
8 11 17686 1360
8 12 18161 1397
8 13 23987 1845
8 14 3303 254
8 15 209 16
8 16 15085 1160
8 17 1629 125
8 18 22028 1694
8 19 4446 342
8 20 966 74
8 21 16806 1292
8 22 24438 1879
8 23 9924 763
8 24 3064 235
9 0 6317 485
9 1 16410 1262
9 2 17980 1383
9 3 12095 930
9 4 22101 1700
9 5 5940 456
9 6 13397 1030
9 7 13935 1071
9 8 2152 165
9 9 0 0
9 10 933 71
9 11 16767 1289
9 12 2308 177
9 13 179 13
9 14 23054 1773
9 15 20376 1567
9 16 29148 2242
9 17 28178 2167
9 18 1349 103
9 19 3100 238
9 20 11316 870
9 21 23915 1839
9 22 4424 340
9 23 13138 1010
9 24 13090 1006
10 0 18027 1386
10 1 3708 285
10 2 28735 2210
10 3 26025 2001
10 4 26093 2007
10 5 10218 786
10 6 23788 1829
10 7 11921 917
10 8 28145 2165
10 9 24623 1894
10 10 0 0
10 11 10524 809
10 12 28427 2186
10 13 6315 485
10 14 3103 238
10 15 21929 1686
10 16 17509 1346
10 17 3801 292
10 18 27515 2116
10 19 18281 1406
10 20 22858 1758
10 21 16626 1278
10 22 29215 2247
10 23 26813 2062
10 24 14097 1084
11 0 17266 1328
11 1 4912 377
11 2 18051 1388
11 3 27550 2119
11 4 28187 2168
11 5 15809 1216
11 6 7942 610
11 7 20397 1569
11 8 1193 91
11 9 14220 1093
11 10 21586 1660
11 11 0 0
11 12 28018 2155
11 13 14113 1085
11 14 28406 2185
11 15 3281 252
11 16 4415 339
11 17 367 28
11 18 195 15
11 19 15316 1178
11 20 744 57
11 21 8089 622
11 22 22419 1724
11 23 16980 1306
11 24 9939 764
12 0 20063 1543
12 1 13387 1029
12 2 10080 775
12 3 454 34
12 4 22834 1756
12 5 13868 1066
12 6 23486 1806
12 7 29366 2258
12 8 22387 1722
12 9 24853 1911
12 10 3650 280
12 11 4412 339
12 12 0 0
12 13 16713 1285
12 14 29255 2250
12 15 6969 536
12 16 27274 2098
12 17 12457 958
12 18 24567 1889
12 19 7748 596
12 20 10549 811
12 21 28076 2159
12 22 28746 2211
12 23 28930 2225
12 24 28683 2206
13 0 13051 1003
13 1 20398 1569
13 2 17390 1337
13 3 7136 548
13 4 10400 800
13 5 11390 876
13 6 14666 1128
13 7 12963 997
13 8 17263 1327
13 9 21093 1622
13 10 5877 452
13 11 8339 641
13 12 3333 256
13 13 0 0
13 14 12514 962
13 15 16128 1240
13 16 12061 927
13 17 18757 1442
13 18 9006 692
13 19 23505 1808
13 20 6144 472
13 21 25156 1935
13 22 10500 807
13 23 4927 379
13 24 23852 1834
14 0 23909 1839
14 1 9679 744
14 2 2158 166
14 3 294 22
14 4 21619 1663
14 5 8012 616
14 6 23166 1782
14 7 15530 1194
14 8 14929 1148
14 9 22719 1747
14 10 959 73
14 11 17853 1373
14 12 4133 317
14 13 1855 142
14 14 0 0
14 15 25771 1982
14 16 12578 967
14 17 1532 117
14 18 7380 567
14 19 8949 688
14 20 1051 80
14 21 9635 741
14 22 29051 2234
14 23 26534 2041
14 24 27461 2112
15 0 8824 678
15 1 14564 1120
15 2 22760 1750
15 3 13812 1062
15 4 7055 542
15 5 7552 580
15 6 5703 438
15 7 28545 2195
15 8 3230 248
15 9 17655 1358
15 10 19615 1508
15 11 15111 1162
15 12 16178 1244
15 13 24607 1892
15 14 23834 1833
15 15 0 0
15 16 26436 2033
15 17 12895 991
15 18 6754 519
15 19 23798 1830
15 20 9095 699
15 21 3790 291
15 22 1911 147
15 23 27147 2088
15 24 5581 429
16 0 24511 1885
16 1 4968 382
16 2 7995 615
16 3 18252 1404
16 4 9290 714
16 5 18755 1442
16 6 28530 2194
16 7 4450 342
16 8 21689 1668
16 9 22695 1745
16 10 27494 2114
16 11 24914 1916
16 12 8883 683
16 13 4608 354
16 14 3960 304
16 15 5733 441
16 16 0 0
16 17 27224 2094
16 18 8217 632
16 19 15145 1165
16 20 14949 1149
16 21 19371 1490
16 22 23581 1813
16 23 29154 2242
16 24 1636 125
17 0 13985 1075
17 1 2300 176
17 2 28366 2182
17 3 9845 757
17 4 12112 931
17 5 16702 1284
17 6 1767 135
17 7 17368 1336
17 8 16707 1285
17 9 5810 446
17 10 12596 968
17 11 18421 1417
17 12 27699 2130
17 13 5624 432
17 14 18990 1460
17 15 25240 1941
17 16 23123 1778
17 17 0 0
17 18 7681 590
17 19 8077 621
17 20 1577 121
17 21 22950 1765
17 22 29802 2292
17 23 6492 499
17 24 25561 1966
18 0 11848 911
18 1 23364 1797
18 2 6428 494
18 3 25519 1963
18 4 19779 1521
18 5 26767 2059
18 6 16598 1276
18 7 6296 484
18 8 14861 1143
18 9 6839 526
18 10 20388 1568
18 11 23812 1831
18 12 5247 403
18 13 11926 917
18 14 18445 1418
18 15 24743 1903
18 16 8632 664
18 17 24311 1870
18 18 0 0
18 19 14710 1131
18 20 14649 1126
18 21 8256 635
18 22 17976 1382
18 23 10456 804
18 24 25153 1934
19 0 24832 1910
19 1 16345 1257
19 2 22109 1700
19 3 3923 301
19 4 11196 861
19 5 9705 746
19 6 5691 437
19 7 3810 293
19 8 298 22
19 9 5545 426
19 10 13996 1076
19 11 24396 1876
19 12 21160 1627
19 13 29941 2303
19 14 20547 1580
19 15 24785 1906
19 16 22569 1736
19 17 4381 337
19 18 7120 547
19 19 0 0
19 20 23637 1818
19 21 20791 1599
19 22 26922 2070
19 23 26195 2015
19 24 26013 2001
20 0 22052 1696
20 1 6167 474
20 2 23273 1790
20 3 6898 530
20 4 7013 539
20 5 6322 486
20 6 26590 2045
20 7 3528 271
20 8 2275 175
20 9 21369 1643
20 10 18450 1419
20 11 12365 951
20 12 26077 2005
20 13 7050 542
20 14 19674 1513
20 15 7967 612
20 16 3943 303
20 17 21862 1681
20 18 8493 653
20 19 27946 2149
20 20 0 0
20 21 1251 96
20 22 8882 683
20 23 8661 666
20 24 8528 656
21 0 19923 1532
21 1 10734 825
21 2 1181 90
21 3 10637 818
21 4 23695 1822
21 5 24526 1886
21 6 4331 333
21 7 18618 1432
21 8 28205 2169
21 9 14450 1111
21 10 19713 1516
21 11 10289 791
21 12 21968 1689
21 13 9721 747
21 14 23645 1818
21 15 27479 2113
21 16 19547 1503
21 17 27100 2084
21 18 10163 781
21 19 26726 2055
21 20 21536 1656
21 21 0 0
21 22 3142 241
21 23 20247 1557
21 24 27671 2128
22 0 5343 411
22 1 1752 134
22 2 22626 1740
22 3 29308 2254
22 4 12838 987
22 5 12164 935
22 6 26904 2069
22 7 25959 1996
22 8 21160 1627
22 9 18043 1387
22 10 27266 2097
22 11 10756 827
22 12 4234 325
22 13 12983 998
22 14 15621 1201
22 15 27550 2119
22 16 16000 1230
22 17 17286 1329
22 18 24356 1873
22 19 24023 1847
22 20 18186 1398
22 21 2200 169
22 22 0 0
22 23 13640 1049
22 24 26291 2022
23 0 1674 128
23 1 19666 1512
23 2 18706 1438
23 3 3037 233
23 4 16212 1247
23 5 21326 1640
23 6 19215 1478
23 7 29369 2259
23 8 3713 285
23 9 13260 1020
23 10 22301 1715
23 11 15351 1180
23 12 12603 969
23 13 24574 1890
23 14 23079 1775
23 15 5962 458
23 16 24217 1862
23 17 29061 2235
23 18 17812 1370
23 19 25933 1994
23 20 4508 346
23 21 28948 2226
23 22 337 25
23 23 0 0
23 24 24197 1861
24 0 7107 546
24 1 1984 152
24 2 24941 1918
24 3 23903 1838
24 4 28665 2205
24 5 19800 1523
24 6 23913 1839
24 7 17091 1314
24 8 4802 369
24 9 21568 1659
24 10 571 43
24 11 17625 1355
24 12 4524 348
24 13 20854 1604
24 14 14597 1122
24 15 12531 963
24 16 19602 1507
24 17 3496 268
24 18 7783 598
24 19 17309 1331
24 20 14193 1091
24 21 13631 1048
24 22 28782 2214
24 23 4485 345
24 24 0 0
