75
951 9011
840 7168
755 8816
973 5638
1086 7359
994 7585
1141 8439
980 9528
842 6708
1028 7664
866 9073
1114 6492
946 6641
836 5750
896 7661
1019 8074
704 5315
1008 6054
812 8248
1134 5768
1085 9688
686 5733
738 7456
1040 8341
1186 5596
813 7206
684 5491
978 8835
1085 8511
903 6236
1054 9783
1015 8171
695 8813
768 8306
620 8784
1063 5942
838 9267
704 8239
611 8715
1056 6555
670 9630
691 5547
654 8775
1159 5708
606 8921
938 9280
1062 7622
845 7893
1138 7817
939 7936
600 5231
692 7465
661 6379
734 5169
1007 9250
909 6489
635 7408
896 5305
888 6231
606 6538
620 8488
865 5657
1065 7361
842 5674
835 8501
1054 8981
1120 5770
601 9680
1103 9486
648 6903
925 5828
609 8851
1015 7993
1195 5868
827 9558
0 0 0 0
0 1 24298 1869
0 2 9466 728
0 3 1868 143
0 4 12540 964
0 5 20883 1606
0 6 13122 1009
0 7 24025 1848
0 8 14180 1090
0 9 3916 301
0 10 411 31
0 11 8686 668
0 12 13730 1056
0 13 13593 1045
0 14 15711 1208
0 15 7657 589
0 16 23879 1836
0 17 21183 1629
0 18 13745 1057
0 19 1711 131
0 20 23231 1787
0 21 22283 1714
0 22 11277 867
0 23 4104 315
0 24 12843 987
0 25 14308 1100
0 26 12452 957
0 27 13691 1053
0 28 2001 153
0 29 2180 167
0 30 11973 921
0 31 27680 2129
0 32 29460 2266
0 33 16541 1272
0 34 786 60
0 35 11858 912
0 36 21900 1684
0 37 1390 106
0 38 24197 1861
0 39 29794 2291
0 40 17423 1340
0 41 24081 1852
0 42 15070 1159
0 43 11531 887
0 44 10246 788
0 45 25655 1973
0 46 25958 1996
0 47 18875 1451
0 48 28034 2156
0 49 13556 1042
0 50 10053 773
0 51 21163 1627
0 52 17614 1354
0 53 26776 2059
0 54 20745 1595
0 55 18312 1408
0 56 9909 762
0 57 16426 1263
0 58 5769 443
0 59 9009 693
0 60 571 43
0 61 8379 644
0 62 11776 905
0 63 14205 1092
0 64 13060 1004
0 65 25291 1945
0 66 6012 462
0 67 12690 976
0 68 8208 631
0 69 21523 1655
0 70 11416 878
0 71 18000 1384
0 72 21061 1620
0 73 19941 1533
0 74 4682 360
1 0 22093 1699
1 1 0 0
1 2 9424 724
1 3 26050 2003
1 4 3025 232
1 5 23125 1778
1 6 15336 1179
1 7 24738 1902
1 8 8592 660
1 9 28012 2154
1 10 25317 1947
1 11 9841 757
1 12 13204 1015
1 13 27221 2093
1 14 935 71
1 15 18984 1460
1 16 18372 1413
1 17 3638 279
1 18 20654 1588
1 19 2633 202
1 20 7324 563
1 21 23248 1788
1 22 22661 1743
1 23 27312 2100
1 24 15422 1186
1 25 13509 1039
1 26 25017 1924
1 27 2372 182
1 28 3874 298
1 29 8246 634
1 30 10739 826
1 31 15884 1221
1 32 13559 1043
1 33 565 43
1 34 22043 1695
1 35 8748 672
1 36 6954 534
1 37 27298 2099
1 38 16271 1251
1 39 16102 1238
1 40 6909 531
1 41 25294 1945
1 42 15390 1183
1 43 817 62
1 44 2423 186
1 45 20461 1573
1 46 17935 1379
1 47 29870 2297
1 48 13173 1013
1 49 6260 481
1 50 3964 304
1 51 15900 1223
1 52 3599 276
1 53 14286 1098
1 54 2183 167
1 55 6529 502
1 56 28794 2214
1 57 8038 618
1 58 18115 1393
1 59 8541 657
1 60 19887 1529
1 61 12220 940
1 62 27705 2131
1 63 15634 1202
1 64 4471 343
1 65 13232 1017
1 66 13546 1042
1 67 10990 845
1 68 22009 1693
1 69 17244 1326
1 70 4394 338
1 71 14345 1103
1 72 22448 1726
1 73 27208 2092
1 74 4059 312
2 0 1200 92
2 1 26126 2009
2 2 0 0
2 3 8790 676
2 4 15637 1202
2 5 5021 386
2 6 8642 664
2 7 16258 1250
2 8 15904 1223
2 9 27971 2151
2 10 727 55
2 11 29339 2256
2 12 18121 1393
2 13 24900 1915
2 14 14358 1104
2 15 22101 1700
2 16 17278 1329
2 17 3857 296
2 18 5092 391
2 19 27913 2147
2 20 20308 1562
2 21 8172 628
2 22 4464 343
2 23 24613 1893
2 24 22392 1722
2 25 29332 2256
2 26 14014 1078
2 27 310 23
2 28 15192 1168
2 29 3122 240
2 30 17554 1350
2 31 18788 1445
2 32 22406 1723
2 33 4644 357
2 34 11701 900
2 35 1445 111
2 36 12495 961
2 37 13069 1005
2 38 6160 473
2 39 18575 1428
2 40 14908 1146
2 41 166 12
2 42 17601 1353
2 43 7435 571
2 44 22815 1755
2 45 13380 1029
2 46 3983 306
2 47 25607 1969
2 48 10377 798
2 49 17844 1372
2 50 10548 811
2 51 23875 1836
2 52 6727 517
2 53 9142 703
2 54 14925 1148
2 55 23108 1777
2 56 27202 2092
2 57 18776 1444
2 58 19698 1515
2 59 2475 190
2 60 25758 1981
2 61 8297 638
2 62 15849 1219
2 63 7600 584
2 64 5919 455
2 65 19505 1500
2 66 2980 229
2 67 3815 293
2 68 24936 1918
2 69 15029 1156
2 70 21396 1645
2 71 1858 142
2 72 11273 867
2 73 23113 1777
2 74 3471 267
3 0 9872 759
3 1 17630 1356
3 2 27644 2126
3 3 0 0
3 4 4868 374
3 5 28518 2193
3 6 1155 88
3 7 26216 2016
3 8 11303 869
3 9 10835 833
3 10 18504 1423
3 11 19289 1483
3 12 25217 1939
3 13 5640 433
3 14 6370 490
3 15 22801 1753
3 16 15182 1167
3 17 6490 499
3 18 8205 631
3 19 13954 1073
3 20 24457 1881
3 21 15098 1161
3 22 26031 2002
3 23 7513 577
3 24 18456 1419
3 25 6765 520
3 26 6174 474
3 27 11937 918
3 28 11173 859
3 29 17569 1351
3 30 17408 1339
3 31 2018 155
3 32 5660 435
3 33 19952 1534
3 34 26031 2002
3 35 7091 545
3 36 11938 918
3 37 16841 1295
3 38 26236 2018
3 39 8075 621
3 40 8197 630
3 41 7569 582
3 42 520 40
3 43 9175 705
3 44 23677 1821
3 45 6238 479
3 46 21298 1638
3 47 5778 444
3 48 1716 132
3 49 11625 894
3 50 28504 2192
3 51 17938 1379
3 52 18522 1424
3 53 16282 1252
3 54 28128 2163
3 55 13362 1027
3 56 20864 1604
3 57 27094 2084
3 58 19702 1515
3 59 5110 393
3 60 9416 724
3 61 337 25
3 62 13548 1042
3 63 5645 434
3 64 26270 2020
3 65 22888 1760
3 66 27444 2111
3 67 3559 273
3 68 17539 1349
3 69 22023 1694
3 70 17970 1382
3 71 14014 1078
3 72 3069 236
3 73 22445 1726
3 74 26682 2052
4 0 27001 2077
4 1 5677 436
4 2 29084 2237
4 3 20549 1580
4 4 0 0
4 5 2562 197
4 6 5294 407
4 7 14851 1142
4 8 5699 438
4 9 7172 551
4 10 19571 1505
4 11 6273 482
4 12 24752 1904
4 13 13607 1046
4 14 19426 1494
4 15 23593 1814
4 16 764 58
4 17 2417 185
4 18 7649 588
4 19 29495 2268
4 20 12823 986
4 21 15602 1200
4 22 17521 1347
4 23 26868 2066
4 24 23416 1801
4 25 18704 1438
4 26 9438 726
4 27 27868 2143
4 28 24495 1884
4 29 5710 439
4 30 27661 2127
4 31 8116 624
4 32 852 65
4 33 3911 300
4 34 20801 1600
4 35 27317 2101
4 36 10984 844
4 37 11004 846
4 38 3958 304
4 39 19810 1523
4 40 25295 1945
4 41 15263 1174
4 42 27432 2110
4 43 29688 2283
4 44 3142 241
4 45 27570 2120
4 46 20575 1582
4 47 5853 450
4 48 13259 1019
4 49 16654 1281
4 50 7031 540
4 51 29029 2233
4 52 5720 440
4 53 3457 265
4 54 25310 1946
4 55 27871 2143
4 56 18374 1413
4 57 3289 253
4 58 3986 306
4 59 23131 1779
4 60 18986 1460
4 61 25597 1969
4 62 19041 1464
4 63 12456 958
4 64 24991 1922
4 65 9214 708
4 66 7912 608
4 67 17947 1380
4 68 25823 1986
4 69 5132 394
4 70 8718 670
4 71 8821 678
4 72 21921 1686
4 73 3902 300
4 74 10173 782
5 0 11398 876
5 1 3657 281
5 2 11448 880
5 3 16688 1283
5 4 8188 629
5 5 0 0
5 6 29123 2240
5 7 17716 1362
5 8 1928 148
5 9 2350 180
5 10 24585 1891
5 11 23325 1794
5 12 24309 1869
5 13 18598 1430
5 14 10283 791
5 15 23619 1816
5 16 2198 169
5 17 3787 291
5 18 27587 2122
5 19 26657 2050
5 20 9238 710
5 21 15899 1223
5 22 16808 1292
5 23 21452 1650
5 24 21717 1670
5 25 8137 625
5 26 15641 1203
5 27 3221 247
5 28 26280 2021
5 29 28934 2225
5 30 12730 979
5 31 26175 2013
5 32 11257 865
5 33 24254 1865
5 34 14646 1126
5 35 24723 1901
5 36 16399 1261
5 37 11626 894
5 38 27094 2084
5 39 23004 1769
5 40 27779 2136
5 41 19876 1528
5 42 5649 434
5 43 15285 1175
5 44 8578 659
5 45 6178 475
5 46 14169 1089
5 47 568 43
5 48 14029 1079
5 49 22431 1725
5 50 24268 1866
5 51 27868 2143
5 52 870 66
5 53 18190 1399
5 54 12194 938
5 55 11729 902
5 56 26292 2022
5 57 27329 2102
5 58 20065 1543
5 59 15402 1184
5 60 25174 1936
5 61 23960 1843
5 62 29719 2286
5 63 25037 1925
5 64 29839 2295
5 65 16788 1291
5 66 19331 1487
5 67 18780 1444
5 68 8784 675
5 69 22397 1722
5 70 17552 1350
5 71 27540 2118
5 72 3091 237
5 73 9179 706
5 74 4121 317
6 0 16008 1231
6 1 23397 1799
6 2 12254 942
6 3 23080 1775
6 4 19093 1468
6 5 14857 1142
6 6 0 0
6 7 8101 623
6 8 24685 1898
6 9 5005 385
6 10 10085 775
6 11 22950 1765
6 12 5942 457
6 13 4166 320
6 14 29325 2255
6 15 10506 808
6 16 5413 416
6 17 25782 1983
6 18 3803 292
6 19 21679 1667
6 20 28705 2208
6 21 25073 1928
6 22 4825 371
6 23 5034 387
6 24 26592 2045
6 25 28086 2160
6 26 8776 675
6 27 5752 442
6 28 28969 2228
6 29 11699 899
6 30 21479 1652
6 31 20079 1544
6 32 12004 923
6 33 17803 1369
6 34 25862 1989
6 35 1868 143
6 36 6959 535
6 37 28819 2216
6 38 3164 243
6 39 6004 461
6 40 25758 1981
6 41 28266 2174
6 42 5029 386
6 43 22900 1761
6 44 9158 704
6 45 28824 2217
6 46 2177 167
6 47 26886 2068
6 48 13317 1024
6 49 16926 1302
6 50 8641 664
6 51 28557 2196
6 52 17583 1352
6 53 2773 213
6 54 20850 1603
6 55 25686 1975
6 56 1841 141
6 57 5989 460
6 58 27026 2078
6 59 5991 460
6 60 28263 2174
6 61 25235 1941
6 62 7183 552
6 63 1467 112
6 64 6368 489
6 65 18645 1434
6 66 12494 961
6 67 4942 380
6 68 17501 1346
6 69 10220 786
6 70 3339 256
6 71 6160 473
6 72 10865 835
6 73 20047 1542
6 74 9584 737
7 0 5573 428
7 1 20708 1592
7 2 23277 1790
7 3 9983 767
7 4 5470 420
7 5 9149 703
7 6 2352 180
7 7 0 0
7 8 5979 459
7 9 6999 538
7 10 22469 1728
7 11 22816 1755
7 12 1814 139
7 13 6285 483
7 14 4691 360
7 15 29334 2256
7 16 20347 1565
7 17 13966 1074
7 18 6030 463
7 19 3708 285
7 20 23625 1817
7 21 8937 687
7 22 3726 286
7 23 15521 1193
7 24 765 58
7 25 28676 2205
7 26 11009 846
7 27 29550 2273
7 28 23461 1804
7 29 11614 893
7 30 26261 2020
7 31 830 63
7 32 15728 1209
7 33 345 26
7 34 14110 1085
7 35 29471 2267
7 36 23398 1799
7 37 10805 831
7 38 1773 136
7 39 18371 1413
7 40 15000 1153
7 41 8029 617
7 42 14247 1095
7 43 17019 1309
7 44 10600 815
7 45 3143 241
7 46 15206 1169
7 47 7339 564
7 48 14787 1137
7 49 26295 2022
7 50 27800 2138
7 51 11508 885
7 52 29184 2244
7 53 19379 1490
7 54 11364 874
7 55 27853 2142
7 56 22556 1735
7 57 4976 382
7 58 14335 1102
7 59 8424 648
7 60 4180 321
7 61 10748 826
7 62 2064 158
7 63 21159 1627
7 64 16374 1259
7 65 8764 674
7 66 17403 1338
7 67 25778 1982
7 68 16649 1280
7 69 16951 1303
7 70 4761 366
7 71 16968 1305
7 72 29689 2283
7 73 1094 84
7 74 3957 304
8 0 22734 1748
8 1 10886 837
8 2 26447 2034
8 3 18278 1406
8 4 15579 1198
8 5 23956 1842
8 6 13271 1020
8 7 25934 1994
8 8 0 0
8 9 12757 981
8 10 24439 1879
8 11 19147 1472
8 12 4690 360
8 13 5058 389
8 14 24180 1860
8 15 18577 1429
8 16 13714 1054
8 17 12977 998
8 18 28393 2184
8 19 25697 1976
8 20 26168 2012
8 21 17498 1346
8 22 5438 418
8 23 27397 2107
8 24 19429 1494
8 25 22412 1724
8 26 13968 1074
8 27 20850 1603
8 28 826 63
8 29 11432 879
8 30 9776 752
8 31 11336 872
8 32 29407 2262
8 33 22158 1704
8 34 16999 1307
8 35 8919 686
8 36 9214 708
8 37 16095 1238
8 38 5410 416
8 39 17329 1333
8 40 15112 1162
8 41 3665 281
8 42 6737 518
8 43 18212 1400
8 44 15475 1190
8 45 23236 1787
8 46 10584 814
8 47 27099 2084
8 48 8351 642
8 49 17790 1368
8 50 19430 1494
8 51 23585 1814
8 52 25356 1950
8 53 21778 1675
8 54 26351 2027
8 55 15651 1203
8 56 11300 869
8 57 10802 830
8 58 1526 117
8 59 28224 2171
8 60 16066 1235
8 61 14128 1086
8 62 21544 1657
8 63 9980 767
8 64 4949 380
8 65 3346 257
8 66 1198 92
8 67 24538 1887
8 68 28394 2184
8 69 22002 1692
8 70 21938 1687
8 71 11335 871
8 72 16837 1295
8 73 29774 2290
8 74 19316 1485
9 0 15592 1199
9 1 16511 1270
9 2 16174 1244
9 3 13106 1008
9 4 2715 208
9 5 8248 634
9 6 18376 1413
9 7 13942 1072
9 8 9066 697
9 9 0 0
9 10 7087 545
9 11 4684 360
9 12 28014 2154
9 13 20449 1573
9 14 9548 734
9 15 18163 1397
9 16 22808 1754
9 17 17198 1322
9 18 8470 651
9 19 22501 1730
9 20 21075 1621
9 21 29581 2275
9 22 10467 805
9 23 29296 2253
9 24 12085 929
9 25 19691 1514
9 26 16180 1244
9 27 17049 1311
9 28 7198 553
9 29 26619 2047
9 30 9491 730
9 31 26632 2048
9 32 28876 2221
9 33 9637 741
9 34 16855 1296
9 35 9426 725
9 36 8797 676
9 37 8202 630
9 38 17836 1372
9 39 8714 670
9 40 12275 944
9 41 11884 914
9 42 103 7
9 43 11224 863
9 44 3114 239
9 45 5763 443
9 46 12770 982
9 47 29079 2236
9 48 20312 1562
9 49 21683 1667
9 50 12486 960
9 51 22182 1706
9 52 24420 1878
9 53 17788 1368
9 54 15000 1153
9 55 16782 1290
9 56 7205 554
9 57 9983 767
9 58 18548 1426
9 59 1271 97
9 60 26575 2044
9 61 2306 177
9 62 16465 1266
9 63 9387 722
9 64 28583 2198
9 65 6200 476
9 66 20849 1603
9 67 13808 1062
9 68 18612 1431
9 69 22289 1714
9 70 24153 1857
9 71 19754 1519
9 72 17472 1344
9 73 4664 358
9 74 22836 1756
10 0 4782 367
10 1 718 55
10 2 16330 1256
10 3 5469 420
10 4 8954 688
10 5 2315 178
10 6 12519 963
10 7 10049 773
10 8 1420 109
10 9 4058 312
10 10 0 0
10 11 25728 1979
10 12 26625 2048
10 13 4631 356
10 14 9656 742
10 15 4197 322
10 16 14320 1101
10 17 3512 270
10 18 3275 251
10 19 6622 509
10 20 11624 894
10 21 17940 1380
10 22 13981 1075
10 23 1082 83
10 24 22452 1727
10 25 27603 2123
10 26 12727 979
10 27 5012 385
10 28 12041 926
10 29 10708 823
10 30 14402 1107
10 31 18522 1424
10 32 27987 2152
10 33 14933 1148
10 34 23269 1789
10 35 23967 1843
10 36 27773 2136
10 37 1588 122
10 38 10412 800
10 39 5617 432
10 40 18567 1428
10 41 25887 1991
10 42 16323 1255
10 43 21371 1643
10 44 11045 849
10 45 28762 2212
10 46 21215 1631
10 47 16150 1242
10 48 5843 449
10 49 3986 306
10 50 13404 1031
10 51 13541 1041
10 52 5175 398
10 53 26814 2062
10 54 21630 1663
10 55 15404 1184
10 56 17984 1383
10 57 15549 1196
10 58 26308 2023
10 59 20777 1598
10 60 29336 2256
10 61 27501 2115
10 62 11475 882
10 63 1038 79
10 64 18733 1441
10 65 28557 2196
10 66 1445 111
10 67 6821 524
10 68 21782 1675
10 69 4537 349
10 70 14209 1093
10 71 1811 139
10 72 29866 2297
10 73 12777 982
10 74 9897 761
11 0 16680 1283
11 1 9226 709
11 2 17837 1372
11 3 9980 767
11 4 9747 749
11 5 11762 904
11 6 26884 2068
11 7 10686 822
11 8 28868 2220
11 9 8396 645
11 10 1785 137
11 11 0 0
11 12 28871 2220
11 13 17446 1342
11 14 10846 834
11 15 11550 888
11 16 22050 1696
11 17 10222 786
11 18 12473 959
11 19 18584 1429
11 20 12365 951
11 21 12425 955
11 22 9156 704
11 23 25953 1996
11 24 28790 2214
11 25 23305 1792
11 26 22562 1735
11 27 23584 1814
11 28 3654 281
11 29 17546 1349
11 30 19648 1511
11 31 15707 1208
11 32 10899 838
11 33 29984 2306
11 34 15521 1193
11 35 19936 1533
11 36 23501 1807
11 37 5020 386
11 38 21362 1643
11 39 403 31
11 40 11341 872
11 41 3348 257
11 42 12426 955
11 43 24387 1875
11 44 6543 503
11 45 12054 927
11 46 6799 523
11 47 11002 846
11 48 9800 753
11 49 21399 1646
11 50 10465 805
11 51 11713 901
11 52 9240 710
11 53 2026 155
11 54 29293 2253
11 55 25210 1939
11 56 28710 2208
11 57 12836 987
11 58 14395 1107
11 59 7847 603
11 60 2406 185
11 61 9898 761
11 62 19312 1485
11 63 4955 381
11 64 19912 1531
11 65 7664 589
11 66 6690 514
11 67 26138 2010
11 68 9088 699
11 69 6113 470
11 70 14372 1105
11 71 9175 705
11 72 22042 1695
11 73 9039 695
11 74 25229 1940
12 0 2818 216
12 1 8718 670
12 2 1536 118
12 3 7226 555
12 4 19722 1517
12 5 6122 470
12 6 12809 985
12 7 24600 1892
12 8 11401 877
12 9 2724 209
12 10 7609 585
12 11 19413 1493
12 12 0 0
12 13 23289 1791
12 14 13365 1028
12 15 11202 861
12 16 3701 284
12 17 21423 1647
12 18 25800 1984
12 19 26637 2049
12 20 13453 1034
12 21 17061 1312
12 22 9096 699
12 23 12294 945
12 24 16998 1307
12 25 1862 143
12 26 4891 376
12 27 18934 1456
12 28 12838 987
12 29 4451 342
12 30 19615 1508
12 31 14456 1112
12 32 26228 2017
12 33 3713 285
12 34 12553 965
12 35 25610 1970
12 36 22073 1697
12 37 9744 749
12 38 4979 383
12 39 3558 273
12 40 2816 216
12 41 8700 669
12 42 6289 483
12 43 27356 2104
12 44 2024 155
12 45 13234 1018
12 46 18810 1446
12 47 4469 343
12 48 2375 182
12 49 5755 442
12 50 23090 1776
12 51 17681 1360
12 52 29466 2266
12 53 11866 912
12 54 8087 622
12 55 10525 809
12 56 24140 1856
12 57 20702 1592
12 58 993 76
12 59 4357 335
12 60 11734 902
12 61 29271 2251
12 62 2267 174
12 63 21782 1675
12 64 24270 1866
12 65 29335 2256
12 66 8836 679
12 67 20630 1586
12 68 27867 2143
12 69 13381 1029
12 70 7971 613
12 71 23049 1773
12 72 18607 1431
12 73 11871 913
12 74 26682 2052
13 0 256 19
13 1 16279 1252
13 2 3464 266
13 3 23101 1777
13 4 28046 2157
13 5 19070 1466
13 6 22694 1745
13 7 20977 1613
13 8 17328 1332
13 9 19962 1535
13 10 12540 964
13 11 18977 1459
13 12 143 11
13 13 0 0
13 14 27372 2105
13 15 14166 1089
13 16 4767 366
13 17 6683 514
13 18 19342 1487
13 19 11028 848
13 20 24559 1889
13 21 26091 2007
13 22 29363 2258
13 23 19253 1481
13 24 24863 1912
13 25 13918 1070
13 26 16469 1266
13 27 28951 2227
13 28 22430 1725
13 29 8079 621
13 30 25353 1950
13 31 8551 657
13 32 22416 1724
13 33 10795 830
13 34 27694 2130
13 35 15154 1165
13 36 16324 1255
13 37 8645 665
13 38 10362 797
13 39 17957 1381
13 40 16385 1260
13 41 16637 1279
13 42 14117 1085
13 43 3032 233
13 44 29108 2239
13 45 15723 1209
13 46 5102 392
13 47 18710 1439
13 48 13219 1016
13 49 13588 1045
13 50 28854 2219
13 51 17157 1319
13 52 2200 169
13 53 15793 1214
13 54 6617 509
13 55 18753 1442
13 56 16218 1247
13 57 19425 1494
13 58 29677 2282
13 59 17291 1330
13 60 23318 1793
13 61 11572 890
13 62 6439 495
13 63 2138 164
13 64 8010 616
13 65 22213 1708
13 66 3851 296
13 67 27253 2096
13 68 23244 1788
13 69 15083 1160
13 70 130 10
13 71 24989 1922
13 72 25388 1952
13 73 26729 2056
13 74 15666 1205
14 0 14735 1133
14 1 9864 758
14 2 21048 1619
14 3 24430 1879
14 4 24390 1876
14 5 759 58
14 6 12419 955
14 7 18220 1401
14 8 12884 991
14 9 7872 605
14 10 9683 744
14 11 12079 929
14 12 9854 758
14 13 24727 1902
14 14 0 0
14 15 16196 1245
14 16 1156 88
14 17 22776 1752
14 18 934 71
14 19 8516 655
14 20 5310 408
14 21 6827 525
14 22 11517 885
14 23 2474 190
14 24 24593 1891
14 25 2475 190
14 26 27537 2118
14 27 25192 1937
14 28 18507 1423
14 29 15734 1210
14 30 2235 171
14 31 12753 981
14 32 1403 107
14 33 13663 1051
14 34 7220 555
14 35 22468 1728
14 36 319 24
14 37 392 30
14 38 3649 280
14 39 26491 2037
14 40 9032 694
14 41 23177 1782
14 42 26433 2033
14 43 21878 1682
14 44 5308 408
14 45 158 12
14 46 17039 1310
14 47 26056 2004
14 48 7785 598
14 49 10230 786
14 50 2978 229
14 51 2973 228
14 52 4950 380
14 53 2512 193
14 54 25534 1964
14 55 12452 957
14 56 17748 1365
14 57 526 40
14 58 14974 1151
14 59 2432 187
14 60 16549 1273
14 61 10450 803
14 62 3384 260
14 63 13911 1070
14 64 15849 1219
14 65 16827 1294
14 66 9890 760
14 67 19700 1515
14 68 12501 961
14 69 28498 2192
14 70 27408 2108
14 71 10011 770
14 72 8258 635
14 73 11887 914
14 74 13463 1035
15 0 759 58
15 1 4761 366
15 2 17610 1354
15 3 27275 2098
15 4 6753 519
15 5 15752 1211
15 6 19996 1538
15 7 14641 1126
15 8 12453 957
15 9 27438 2110
15 10 8295 638
15 11 16820 1293
15 12 1795 138
15 13 17498 1346
15 14 3173 244
15 15 0 0
15 16 18693 1437
15 17 24827 1909
15 18 6104 469
15 19 22967 1766
15 20 991 76
15 21 26061 2004
15 22 20338 1564
15 23 7337 564
15 24 20528 1579
15 25 18461 1420
15 26 15906 1223
15 27 22345 1718
15 28 21326 1640
15 29 10624 817
15 30 24014 1847
15 31 15564 1197
15 32 11940 918
15 33 1857 142
15 34 12605 969
15 35 2629 202
15 36 16295 1253
15 37 25728 1979
15 38 19664 1512
15 39 29347 2257
15 40 23980 1844
15 41 11334 871
15 42 4653 357
15 43 13770 1059
15 44 20869 1605
15 45 6268 482
15 46 7459 573
15 47 3694 284
15 48 10845 834
15 49 5295 407
15 50 21415 1647
15 51 16630 1279
15 52 6325 486
15 53 15996 1230
15 54 17402 1338
15 55 3770 290
15 56 13787 1060
15 57 18364 1412
15 58 28676 2205
15 59 27414 2108
15 60 16105 1238
15 61 28608 2200
15 62 5540 426
15 63 8860 681
15 64 12185 937
15 65 9845 757
15 66 14678 1129
15 67 11808 908
15 68 28094 2161
15 69 13197 1015
15 70 18582 1429
15 71 24950 1919
15 72 17158 1319
15 73 22086 1698
15 74 21172 1628
16 0 9128 702
16 1 23317 1793
16 2 13395 1030
16 3 14753 1134
16 4 16027 1232
16 5 14529 1117
16 6 27254 2096
16 7 23971 1843
16 8 7869 605
16 9 26012 2000
16 10 15256 1173
16 11 8914 685
16 12 12651 973
16 13 28764 2212
16 14 10811 831
16 15 466 35
16 16 0 0
16 17 25039 1926
16 18 204 15
16 19 25319 1947
16 20 17038 1310
16 21 13738 1056
16 22 18776 1444
16 23 4598 353
16 24 20459 1573
16 25 12167 935
16 26 420 32
16 27 28089 2160
16 28 8523 655
16 29 1641 126
16 30 28304 2177
16 31 1219 93
16 32 3620 278
16 33 14310 1100
16 34 10688 822
16 35 11007 846
16 36 14647 1126
16 37 29461 2266
16 38 9176 705
16 39 13933 1071
16 40 12455 958
16 41 345 26
16 42 10279 790
16 43 28395 2184
16 44 27621 2124
16 45 28646 2203
16 46 12739 979
16 47 16933 1302
16 48 23529 1809
16 49 1011 77
16 50 14850 1142
16 51 28320 2178
16 52 23262 1789
16 53 6965 535
16 54 27165 2089
16 55 6326 486
16 56 8696 668
16 57 26327 2025
16 58 895 68
16 59 1738 133
16 60 9184 706
16 61 16694 1284
16 62 13306 1023
16 63 26021 2001
16 64 3998 307
16 65 21038 1618
16 66 14804 1138
16 67 28626 2202
16 68 20642 1587
16 69 4205 323
16 70 12610 970
16 71 13141 1010
16 72 6652 511
16 73 8905 685
16 74 5426 417
17 0 5746 442
17 1 19353 1488
17 2 26177 2013
17 3 24856 1912
17 4 14284 1098
17 5 10795 830
17 6 23414 1801
17 7 19388 1491
17 8 5597 430
17 9 6468 497
17 10 15079 1159
17 11 8727 671
17 12 28327 2179
17 13 20217 1555
17 14 4760 366
17 15 17485 1345
17 16 12172 936
17 17 0 0
17 18 19733 1517
17 19 17849 1373
17 20 24520 1886
17 21 27262 2097
17 22 2534 194
17 23 3849 296
17 24 26160 2012
17 25 29326 2255
17 26 29787 2291
17 27 26784 2060
17 28 26207 2015
17 29 4769 366
17 30 28088 2160
17 31 26357 2027
17 32 3710 285
17 33 15682 1206
17 34 14737 1133
17 35 10896 838
17 36 4846 372
17 37 6617 509
17 38 22076 1698
17 39 3718 286
17 40 17987 1383
17 41 20420 1570
17 42 20723 1594
17 43 3556 273
17 44 28413 2185
17 45 11347 872
17 46 28478 2190
17 47 2444 188
17 48 16101 1238
17 49 26286 2022
17 50 11989 922
17 51 2027 155
17 52 26256 2019
17 53 23747 1826
17 54 27815 2139
17 55 19330 1486
17 56 23227 1786
17 57 25987 1999
17 58 4446 342
17 59 23059 1773
17 60 10773 828
17 61 4771 367
17 62 17639 1356
17 63 26126 2009
17 64 26780 2060
17 65 21782 1675
17 66 16356 1258
17 67 5761 443
17 68 10689 822
17 69 24451 1880
17 70 942 72
17 71 21641 1664
17 72 9139 703
17 73 26202 2015
17 74 16650 1280
18 0 3461 266
18 1 766 58
18 2 16712 1285
18 3 4599 353
18 4 25313 1947
18 5 18208 1400
18 6 20717 1593
18 7 17558 1350
18 8 23491 1807
18 9 1353 104
18 10 15024 1155
18 11 24383 1875
18 12 8882 683
18 13 21830 1679
18 14 27680 2129
18 15 20934 1610
18 16 16505 1269
18 17 29012 2231
18 18 0 0
18 19 10566 812
18 20 3658 281
18 21 18696 1438
18 22 25429 1956
18 23 6221 478
18 24 15113 1162
18 25 5515 424
18 26 15097 1161
18 27 2749 211
18 28 7016 539
18 29 26288 2022
18 30 24991 1922
18 31 8643 664
18 32 12412 954
18 33 7649 588
18 34 26227 2017
18 35 24074 1851
18 36 7217 555
18 37 4769 366
18 38 16688 1283
18 39 17198 1322
18 40 15572 1197
18 41 21013 1616
18 42 13533 1041
18 43 4803 369
18 44 11531 887
18 45 6200 476
18 46 18572 1428
18 47 6285 483
18 48 11418 878
18 49 23597 1815
18 50 19060 1466
18 51 12661 973
18 52 3971 305
18 53 12139 933
18 54 1364 104
18 55 16322 1255
18 56 614 47
18 57 25834 1987
18 58 15768 1212
18 59 25032 1925
18 60 2859 219
18 61 8011 616
18 62 903 69
18 63 9991 768
18 64 3839 295
18 65 2575 198
18 66 991 76
18 67 14280 1098
18 68 20808 1600
18 69 22222 1709
18 70 27641 2126
18 71 27997 2153
18 72 22999 1769
18 73 11459 881
18 74 13784 1060
19 0 5591 430
19 1 7102 546
19 2 6428 494
19 3 9490 730
19 4 9370 720
19 5 6240 480
19 6 26882 2067
19 7 21814 1678
19 8 18725 1440
19 9 9606 738
19 10 13706 1054
19 11 3744 288
19 12 18080 1390
19 13 2243 172
19 14 7644 588
19 15 17684 1360
19 16 13084 1006
19 17 26871 2067
19 18 1343 103
19 19 0 0
19 20 16477 1267
19 21 26056 2004
19 22 16096 1238
19 23 19402 1492
19 24 7819 601
19 25 17737 1364
19 26 496 38
19 27 18200 1400
19 28 10565 812
19 29 29688 2283
19 30 18187 1399
19 31 513 39
19 32 4834 371
19 33 22461 1727
19 34 4215 324
19 35 7698 592
19 36 24594 1891
19 37 21333 1641
19 38 22499 1730
19 39 2594 199
19 40 12068 928
19 41 15911 1223
19 42 22221 1709
19 43 15100 1161
19 44 14419 1109
19 45 19533 1502
19 46 21378 1644
19 47 17572 1351
19 48 8272 636
19 49 4551 350
19 50 19297 1484
19 51 15240 1172
19 52 11989 922
19 53 16929 1302
19 54 22822 1755
19 55 21305 1638
19 56 992 76
19 57 20030 1540
19 58 17812 1370
19 59 18043 1387
19 60 24645 1895
19 61 9768 751
19 62 10764 828
19 63 5007 385
19 64 25098 1930
19 65 25828 1986
19 66 10123 778
19 67 16303 1254
19 68 19626 1509
19 69 14962 1150
19 70 26542 2041
19 71 23563 1812
19 72 1596 122
19 73 23822 1832
19 74 27147 2088
20 0 12153 934
20 1 8149 626
20 2 16841 1295
20 3 12363 951
20 4 1314 101
20 5 26142 2010
20 6 17043 1311
20 7 4374 336
20 8 22772 1751
20 9 15780 1213
20 10 3410 262
20 11 26622 2047
20 12 15049 1157
20 13 17267 1328
20 14 27435 2110
20 15 3868 297
20 16 441 33
20 17 18517 1424
20 18 1177 90
20 19 18440 1418
20 20 0 0
20 21 25797 1984
20 22 18837 1449
20 23 24770 1905
20 24 480 36
20 25 18709 1439
20 26 23698 1822
20 27 24097 1853
20 28 26040 2003
20 29 22343 1718
20 30 26280 2021
20 31 22301 1715
20 32 24823 1909
20 33 26599 2046
20 34 24288 1868
20 35 22378 1721
20 36 24264 1866
20 37 9132 702
20 38 28287 2175
20 39 23671 1820
20 40 12999 999
20 41 15583 1198
20 42 1117 85
20 43 12465 958
20 44 12483 960
20 45 10177 782
20 46 6114 470
20 47 10543 811
20 48 14122 1086
20 49 635 48
20 50 4875 375
20 51 12816 985
20 52 29834 2294
20 53 17332 1333
20 54 22700 1746
20 55 10324 794
20 56 20965 1612
20 57 17325 1332
20 58 9236 710
20 59 1205 92
20 60 23551 1811
20 61 3283 252
20 62 11416 878
20 63 2679 206
20 64 5218 401
20 65 8562 658
20 66 9262 712
20 67 24912 1916
20 68 12500 961
20 69 11159 858
20 70 22079 1698
20 71 13765 1058
20 72 17253 1327
20 73 25834 1987
20 74 1257 96
21 0 26887 2068
21 1 18895 1453
21 2 19397 1492
21 3 606 46
21 4 25892 1991
21 5 22248 1711
21 6 10279 790
21 7 14459 1112
21 8 7218 555
21 9 17506 1346
21 10 1941 149
21 11 18407 1415
21 12 15261 1173
21 13 12496 961
21 14 16647 1280
21 15 20707 1592
21 16 12793 984
21 17 13216 1016
21 18 24249 1865
21 19 18766 1443
21 20 5680 436
21 21 0 0
21 22 10028 771
21 23 17550 1350
21 24 23932 1840
21 25 10629 817
21 26 16732 1287
21 27 14157 1089
21 28 1007 77
21 29 2145 165
21 30 20572 1582
21 31 628 48
21 32 12951 996
21 33 5561 427
21 34 21648 1665
21 35 506 38
21 36 21701 1669
21 37 7017 539
21 38 2588 199
21 39 12570 966
21 40 27348 2103
21 41 4159 319
21 42 4956 381
21 43 6209 477
21 44 27428 2109
21 45 24649 1896
21 46 3236 248
21 47 3169 243
21 48 4109 316
21 49 9954 765
21 50 7508 577
21 51 11838 910
21 52 17311 1331
21 53 131 10
21 54 8936 687
21 55 7252 557
21 56 15337 1179
21 57 20012 1539
21 58 4266 328
21 59 22158 1704
21 60 26396 2030
21 61 26952 2073
21 62 2452 188
21 63 25566 1966
21 64 6899 530
21 65 3856 296
21 66 17846 1372
21 67 26100 2007
21 68 9647 742
21 69 8809 677
21 70 331 25
21 71 9170 705
21 72 25351 1950
21 73 24380 1875
21 74 10157 781
22 0 8309 639
22 1 15450 1188
22 2 23372 1797
22 3 13720 1055
22 4 24906 1915
22 5 28477 2190
22 6 10167 782
22 7 6713 516
22 8 8017 616
22 9 25515 1962
22 10 8841 680
22 11 28245 2172
22 12 25771 1982
22 13 801 61
22 14 15680 1206
22 15 25229 1940
22 16 1462 112
22 17 21173 1628
22 18 310 23
22 19 25878 1990
22 20 3775 290
22 21 196 15
22 22 0 0
22 23 28416 2185
22 24 28937 2225
22 25 10715 824
22 26 13500 1038
22 27 24601 1892
22 28 26918 2070
22 29 18989 1460
22 30 9851 757
22 31 2702 207
22 32 20783 1598
22 33 12688 976
22 34 17480 1344
22 35 14070 1082
22 36 24895 1915
22 37 8859 681
22 38 7640 587
22 39 18294 1407
22 40 23786 1829
22 41 4218 324
22 42 12883 991
22 43 25677 1975
22 44 28211 2170
22 45 7633 587
22 46 25424 1955
22 47 9497 730
22 48 21822 1678
22 49 19841 1526
22 50 24747 1903
22 51 9217 709
22 52 19263 1481
22 53 18908 1454
22 54 11609 893
22 55 21630 1663
22 56 2513 193
22 57 28388 2183
22 58 2192 168
22 59 25869 1989
22 60 27567 2120
22 61 12350 950
22 62 4458 342
22 63 25697 1976
22 64 18559 1427
22 65 28787 2214
22 66 20832 1602
22 67 9240 710
22 68 4952 380
22 69 4893 376
22 70 14627 1125
22 71 27062 2081
22 72 26521 2040
22 73 19744 1518
22 74 3460 266
23 0 24652 1896
23 1 1276 98
23 2 1477 113
23 3 3134 241
23 4 10237 787
23 5 28443 2187
23 6 20240 1556
23 7 29491 2268
23 8 29555 2273
23 9 15880 1221
23 10 16635 1279
23 11 15971 1228
23 12 18848 1449
23 13 16380 1260
23 14 24206 1862
23 15 15952 1227
23 16 25677 1975
23 17 9936 764
23 18 14701 1130
23 19 663 51
23 20 5877 452
23 21 2046 157
23 22 22072 1697
23 23 0 0
23 24 7673 590
23 25 11778 906
23 26 29963 2304
23 27 17401 1338
23 28 26780 2060
23 29 26750 2057
23 30 22505 1731
23 31 3815 293
23 32 301 23
23 33 19523 1501
23 34 10547 811
23 35 21555 1658
23 36 28529 2194
23 37 5273 405
23 38 8525 655
23 39 16284 1252
23 40 29051 2234
23 41 18070 1390
23 42 18611 1431
23 43 14816 1139
23 44 20347 1565
23 45 9475 728
23 46 19694 1514
23 47 18986 1460
23 48 10335 795
23 49 28804 2215
23 50 7883 606
23 51 13991 1076
23 52 25618 1970
23 53 6159 473
23 54 16689 1283
23 55 11617 893
23 56 7008 539
23 57 24714 1901
23 58 5176 398
23 59 22271 1713
23 60 1278 98
23 61 7518 578
23 62 18743 1441
23 63 18898 1453
23 64 16403 1261
23 65 5252 404
23 66 8455 650
23 67 20095 1545
23 68 17018 1309
23 69 5391 414
23 70 2530 194
23 71 9666 743
23 72 20150 1550
23 73 11815 908
23 74 13826 1063
24 0 17333 1333
24 1 18670 1436
24 2 3584 275
24 3 20690 1591
24 4 21082 1621
24 5 10984 844
24 6 20602 1584
24 7 25080 1929
24 8 5394 414
24 9 1193 91
24 10 28773 2213
24 11 17720 1363
24 12 29305 2254
24 13 3101 238
24 14 25365 1951
24 15 756 58
24 16 12524 963
24 17 20841 1603
24 18 1475 113
24 19 24389 1876
24 20 12950 996
24 21 27558 2119
24 22 8188 629
24 23 2934 225
24 24 0 0
24 25 19414 1493
24 26 14026 1078
24 27 669 51
24 28 3823 294
24 29 21970 1690
24 30 737 56
24 31 7263 558
24 32 19087 1468
24 33 19057 1465
24 34 13902 1069
24 35 15135 1164
24 36 16657 1281
24 37 14240 1095
24 38 21104 1623
24 39 10478 806
24 40 27424 2109
24 41 16037 1233
24 42 26862 2066
24 43 13891 1068
24 44 14521 1117
24 45 23333 1794
24 46 18131 1394
24 47 29510 2270
24 48 10048 772
24 49 14593 1122
24 50 11514 885
24 51 4537 349
24 52 11489 883
24 53 1636 125
24 54 16927 1302
24 55 25656 1973
24 56 25521 1963
24 57 6640 510
24 58 18118 1393
24 59 6317 485
24 60 2524 194
24 61 14221 1093
24 62 16106 1238
24 63 18500 1423
24 64 19201 1477
24 65 24115 1855
24 66 21579 1659
24 67 24690 1899
24 68 8145 626
24 69 21364 1643
24 70 7513 577
24 71 24545 1888
24 72 21407 1646
24 73 468 36
24 74 11702 900
25 0 9858 758
25 1 22261 1712
25 2 22094 1699
25 3 2842 218
25 4 4569 351
25 5 15815 1216
25 6 21982 1690
25 7 14914 1147
25 8 1603 123
25 9 6620 509
25 10 22128 1702
25 11 16861 1297
25 12 22074 1698
25 13 13981 1075
25 14 9760 750
25 15 2332 179
25 16 18715 1439
25 17 3637 279
25 18 17704 1361
25 19 24336 1872
25 20 24777 1905
25 21 24411 1877
25 22 19999 1538
25 23 3740 287
25 24 8526 655
25 25 0 0
25 26 2608 200
25 27 11705 900
25 28 21366 1643
25 29 11025 848
25 30 7907 608
25 31 24701 1900
25 32 10609 816
25 33 19481 1498
25 34 27001 2077
25 35 23117 1778
25 36 1933 148
25 37 16786 1291
25 38 5460 420
25 39 5808 446
25 40 24483 1883
25 41 842 64
25 42 18612 1431
25 43 11533 887
25 44 3268 251
25 45 23528 1809
25 46 8170 628
25 47 765 58
25 48 27928 2148
25 49 17216 1324
25 50 18494 1422
25 51 14959 1150
25 52 6500 500
25 53 7531 579
25 54 16796 1292
25 55 7321 563
25 56 26577 2044
25 57 11593 891
25 58 3305 254
25 59 29822 2294
25 60 12080 929
25 61 9763 751
25 62 27612 2124
25 63 16005 1231
25 64 25043 1926
25 65 7396 568
25 66 23267 1789
25 67 5332 410
25 68 1296 99
25 69 20073 1544
25 70 24015 1847
25 71 17697 1361
25 72 9620 740
25 73 232 17
25 74 19972 1536
26 0 3425 263
26 1 6787 522
26 2 22461 1727
26 3 26198 2015
26 4 4276 328
26 5 29805 2292
26 6 13681 1052
26 7 6304 484
26 8 10314 793
26 9 1622 124
26 10 14359 1104
26 11 1070 82
26 12 16589 1276
26 13 17711 1362
26 14 11230 863
26 15 4502 346
26 16 15298 1176
26 17 4833 371
26 18 1309 100
26 19 7775 598
26 20 3914 301
26 21 29452 2265
26 22 22247 1711
26 23 3342 257
26 24 4474 344
26 25 14913 1147
26 26 0 0
26 27 26503 2038
26 28 29722 2286
26 29 16415 1262
26 30 21060 1620
26 31 27713 2131
26 32 14303 1100
26 33 1672 128
26 34 1886 145
26 35 155 11
26 36 484 37
26 37 21558 1658
26 38 18396 1415
26 39 17087 1314
26 40 24174 1859
26 41 29836 2295
26 42 17585 1352
26 43 10757 827
26 44 22551 1734
26 45 7469 574
26 46 10360 796
26 47 7204 554
26 48 788 60
26 49 22931 1763
26 50 22839 1756
26 51 25274 1944
26 52 7706 592
26 53 1697 130
26 54 148 11
26 55 11894 914
26 56 8743 672
26 57 24111 1854
26 58 10760 827
26 59 909 69
26 60 4818 370
26 61 14861 1143
26 62 7854 604
26 63 19961 1535
26 64 21410 1646
26 65 12190 937
26 66 14236 1095
26 67 27109 2085
26 68 25588 1968
26 69 10440 803
26 70 12265 943
26 71 7746 595
26 72 19429 1494
26 73 8587 660
26 74 25489 1960
27 0 15979 1229
27 1 28921 2224
27 2 25961 1997
27 3 17771 1367
27 4 10448 803
27 5 3815 293
27 6 14493 1114
27 7 27488 2114
27 8 25276 1944
27 9 572 44
27 10 21399 1646
27 11 20234 1556
27 12 4383 337
27 13 6334 487
27 14 8807 677
27 15 13898 1069
27 16 18863 1451
27 17 10376 798
27 18 27169 2089
27 19 12700 976
27 20 21345 1641
27 21 14451 1111
27 22 25067 1928
27 23 14491 1114
27 24 5036 387
27 25 18714 1439
27 26 3411 262
27 27 0 0
27 28 22084 1698
27 29 13632 1048
27 30 26570 2043
27 31 16886 1298
27 32 26456 2035
27 33 15991 1230
27 34 23569 1813
27 35 5434 418
27 36 10407 800
27 37 28106 2162
27 38 17972 1382
27 39 15824 1217
27 40 9855 758
27 41 8778 675
27 42 9649 742
27 43 26798 2061
27 44 8251 634
27 45 27874 2144
27 46 124 9
27 47 11979 921
27 48 21638 1664
27 49 13019 1001
27 50 18110 1393
27 51 9033 694
27 52 922 70
27 53 14688 1129
27 54 14889 1145
27 55 28568 2197
27 56 11515 885
27 57 26982 2075
27 58 12177 936
27 59 19090 1468
27 60 26585 2045
27 61 6641 510
27 62 8806 677
27 63 16187 1245
27 64 23220 1786
27 65 21345 1641
27 66 29786 2291
27 67 1496 115
27 68 10397 799
27 69 1067 82
27 70 23330 1794
27 71 20381 1567
27 72 18850 1450
27 73 23873 1836
27 74 19677 1513
28 0 7695 591
28 1 10712 824
28 2 9084 698
28 3 5131 394
28 4 350 26
28 5 11695 899
28 6 2402 184
28 7 20858 1604
28 8 29431 2263
28 9 1855 142
28 10 14029 1079
28 11 20800 1600
28 12 6216 478
28 13 17499 1346
28 14 5423 417
28 15 9692 745
28 16 9515 731
28 17 13071 1005
28 18 21364 1643
28 19 23968 1843
28 20 5093 391
28 21 7890 606
28 22 18272 1405
28 23 15737 1210
28 24 17530 1348
28 25 8849 680
28 26 28624 2201
28 27 16511 1270
28 28 0 0
28 29 352 27
28 30 4492 345
28 31 29721 2286
28 32 10683 821
28 33 3099 238
28 34 26597 2045
28 35 20886 1606
28 36 9455 727
28 37 22650 1742
28 38 25651 1973
28 39 28673 2205
28 40 1196 92
28 41 24540 1887
28 42 16508 1269
28 43 3769 289
28 44 27597 2122
28 45 1631 125
28 46 16442 1264
28 47 28325 2178
28 48 7767 597
28 49 607 46
28 50 8926 686
28 51 4065 312
28 52 9128 702
28 53 15215 1170
28 54 8094 622
28 55 14333 1102
28 56 13494 1038
28 57 5770 443
28 58 20089 1545
28 59 4774 367
28 60 4052 311
28 61 21709 1669
28 62 22209 1708
28 63 16840 1295
28 64 28181 2167
28 65 21577 1659
28 66 7846 603
28 67 7057 542
28 68 8660 666
28 69 19712 1516
28 70 17962 1381
28 71 18492 1422
28 72 3449 265
28 73 6836 525
28 74 26341 2026
29 0 888 68
29 1 15642 1203
29 2 5919 455
29 3 24655 1896
29 4 9145 703
29 5 28035 2156
29 6 14372 1105
29 7 10386 798
29 8 8671 667
29 9 6202 477
29 10 23956 1842
29 11 5456 419
29 12 29727 2286
29 13 19718 1516
29 14 27636 2125
29 15 25118 1932
29 16 2479 190
29 17 3427 263
29 18 27809 2139
29 19 2313 177
29 20 24953 1919
29 21 1781 137
29 22 6707 515
29 23 14331 1102
29 24 11526 886
29 25 4397 338
29 26 9440 726
29 27 27870 2143
29 28 8299 638
29 29 0 0
29 30 23864 1835
29 31 278 21
29 32 12532 964
29 33 26811 2062
29 34 10534 810
29 35 28236 2172
29 36 16748 1288
29 37 18179 1398
29 38 17552 1350
29 39 21013 1616
29 40 13849 1065
29 41 17115 1316
29 42 8187 629
29 43 19262 1481
29 44 24775 1905
29 45 11146 857
29 46 5440 418
29 47 3733 287
29 48 26632 2048
29 49 22468 1728
29 50 8672 667
29 51 1256 96
29 52 26260 2020
29 53 13862 1066
29 54 1188 91
29 55 18105 1392
29 56 9598 738
29 57 6204 477
29 58 29176 2244
29 59 6283 483
29 60 15186 1168
29 61 19675 1513
29 62 23047 1772
29 63 25807 1985
29 64 3531 271
29 65 15541 1195
29 66 3371 259
29 67 26561 2043
29 68 27943 2149
29 69 1570 120
29 70 4593 353
29 71 27393 2107
29 72 19104 1469
29 73 18709 1439
29 74 15327 1179
30 0 1583 121
30 1 13238 1018
30 2 19917 1532
30 3 18563 1427
30 4 5075 390
30 5 18573 1428
30 6 24329 1871
30 7 27597 2122
30 8 26458 2035
30 9 23743 1826
30 10 8371 643
30 11 27207 2092
30 12 13774 1059
30 13 2713 208
30 14 10122 778
30 15 18077 1390
30 16 18032 1387
30 17 11051 850
30 18 19155 1473
30 19 11471 882
30 20 298 22
30 21 19374 1490
30 22 7463 574
30 23 3438 264
30 24 6513 501
30 25 15891 1222
30 26 4114 316
30 27 4333 333
30 28 6662 512
30 29 5346 411
30 30 0 0
30 31 6522 501
30 32 7729 594
30 33 18686 1437
30 34 2309 177
30 35 26697 2053
30 36 7958 612
30 37 29099 2238
30 38 15495 1191
30 39 21691 1668
30 40 17791 1368
30 41 9325 717
30 42 9110 700
30 43 7768 597
30 44 8015 616
30 45 17447 1342
30 46 3600 276
30 47 5528 425
30 48 10466 805
30 49 9907 762
30 50 28584 2198
30 51 22243 1711
30 52 20449 1573
30 53 28225 2171
30 54 11242 864
30 55 20801 1600
30 56 24249 1865
30 57 8154 627
30 58 10074 774
30 59 18319 1409
30 60 20386 1568
30 61 16623 1278
30 62 6927 532
30 63 1729 133
30 64 26275 2021
30 65 10000 769
30 66 27049 2080
30 67 10171 782
30 68 4314 331
30 69 25708 1977
30 70 4947 380
30 71 410 31
30 72 12225 940
30 73 29306 2254
30 74 28753 2211
31 0 25352 1950
31 1 654 50
31 2 9987 768
31 3 28354 2181
31 4 4942 380
31 5 3956 304
31 6 15931 1225
31 7 1344 103
31 8 16942 1303
31 9 18037 1387
31 10 15217 1170
31 11 25130 1933
31 12 28818 2216
31 13 9757 750
31 14 24897 1915
31 15 13459 1035
31 16 17227 1325
31 17 20390 1568
31 18 14765 1135
31 19 13569 1043
31 20 19298 1484
31 21 27605 2123
31 22 23572 1813
31 23 12862 989
31 24 12792 984
31 25 12910 993
31 26 14855 1142
31 27 13875 1067
31 28 27261 2097
31 29 2090 160
31 30 25091 1930
31 31 0 0
31 32 12041 926
31 33 8296 638
31 34 25974 1998
31 35 16502 1269
31 36 14861 1143
31 37 16210 1246
31 38 3184 244
31 39 9388 722
31 40 9722 747
31 41 524 40
31 42 11651 896
31 43 28933 2225
31 44 29799 2292
31 45 15444 1188
31 46 18249 1403
31 47 13929 1071
31 48 12440 956
31 49 5370 413
31 50 23023 1771
31 51 3179 244
31 52 23530 1810
31 53 15170 1166
31 54 10555 811
31 55 3865 297
31 56 12460 958
31 57 19347 1488
31 58 13683 1052
31 59 22213 1708
31 60 11088 852
31 61 25975 1998
31 62 23078 1775
31 63 24543 1887
31 64 16076 1236
31 65 21949 1688
31 66 13974 1074
31 67 8152 627
31 68 26603 2046
31 69 14136 1087
31 70 10175 782
31 71 11374 874
31 72 8887 683
31 73 13907 1069
31 74 11149 857
32 0 804 61
32 1 28032 2156
32 2 9216 708
32 3 17495 1345
32 4 2779 213
32 5 22403 1723
32 6 1908 146
32 7 23779 1829
32 8 6726 517
32 9 25879 1990
32 10 6022 463
32 11 15941 1226
32 12 18849 1449
32 13 588 45
32 14 4229 325
32 15 12138 933
32 16 6235 479
32 17 15702 1207
32 18 3037 233
32 19 6000 461
32 20 8349 642
32 21 4454 342
32 22 23209 1785
32 23 28736 2210
32 24 10602 815
32 25 26244 2018
32 26 2452 188
32 27 23927 1840
32 28 29507 2269
32 29 9708 746
32 30 29064 2235
32 31 15743 1211
32 32 0 0
32 33 19649 1511
32 34 16495 1268
32 35 2634 202
32 36 4335 333
32 37 19324 1486
32 38 28422 2186
32 39 13819 1063
32 40 10434 802
32 41 4606 354
32 42 484 37
32 43 15420 1186
32 44 11432 879
32 45 11096 853
32 46 2344 180
32 47 24459 1881
32 48 8816 678
32 49 21775 1675
32 50 14380 1106
32 51 9251 711
32 52 16241 1249
32 53 348 26
32 54 15636 1202
32 55 13692 1053
32 56 12047 926
32 57 8894 684
32 58 12885 991
32 59 12231 940
32 60 672 51
32 61 19395 1491
32 62 19213 1477
32 63 17426 1340
32 64 15944 1226
32 65 2988 229
32 66 19509 1500
32 67 2657 204
32 68 22007 1692
32 69 5038 387
32 70 12098 930
32 71 16946 1303
32 72 23013 1770
32 73 29161 2243
32 74 9056 696
33 0 1780 136
33 1 13299 1023
33 2 2853 219
33 3 13000 1000
33 4 29729 2286
33 5 18499 1423
33 6 1781 137
33 7 5490 422
33 8 9491 730
33 9 24520 1886
33 10 19372 1490
33 11 2979 229
33 12 14536 1118
33 13 19376 1490
33 14 6431 494
33 15 4735 364
33 16 23574 1813
33 17 16368 1259
33 18 4456 342
33 19 28395 2184
33 20 24781 1906
33 21 23240 1787
33 22 29294 2253
33 23 16570 1274
33 24 16697 1284
33 25 28072 2159
33 26 28613 2201
33 27 471 36
33 28 7571 582
33 29 18400 1415
33 30 26378 2029
33 31 10528 809
33 32 18542 1426
33 33 0 0
33 34 25974 1998
33 35 29390 2260
33 36 991 76
33 37 21566 1658
33 38 2798 215
33 39 21377 1644
33 40 23227 1786
33 41 8690 668
33 42 8055 619
33 43 26981 2075
33 44 26371 2028
33 45 4824 371
33 46 9407 723
33 47 20769 1597
33 48 17103 1315
33 49 6831 525
33 50 9877 759
33 51 24381 1875
33 52 988 76
33 53 20866 1605
33 54 26205 2015
33 55 12362 950
33 56 29852 2296
33 57 23985 1845
33 58 2818 216
33 59 26801 2061
33 60 12052 927
33 61 14991 1153
33 62 4771 367
33 63 5885 452
33 64 3036 233
33 65 12262 943
33 66 2768 212
33 67 1624 124
33 68 22027 1694
33 69 8385 645
33 70 14633 1125
33 71 26955 2073
33 72 19715 1516
33 73 17244 1326
33 74 26872 2067
34 0 27638 2126
34 1 8974 690
34 2 8318 639
34 3 24917 1916
34 4 12679 975
34 5 15661 1204
34 6 20499 1576
34 7 28385 2183
34 8 24646 1895
34 9 16575 1275
34 10 15025 1155
34 11 4670 359
34 12 23808 1831
34 13 24679 1898
34 14 14938 1149
34 15 11091 853
34 16 21173 1628
34 17 18723 1440
34 18 20146 1549
34 19 27918 2147
34 20 28921 2224
34 21 8188 629
34 22 17657 1358
34 23 20051 1542
34 24 19810 1523
34 25 26847 2065
34 26 26508 2039
34 27 18529 1425
34 28 28612 2200
34 29 21544 1657
34 30 26076 2005
34 31 29146 2242
34 32 28256 2173
34 33 9068 697
34 34 0 0
34 35 23609 1816
34 36 7675 590
34 37 14505 1115
34 38 8220 632
34 39 6063 466
34 40 16252 1250
34 41 23848 1834
34 42 3329 256
34 43 539 41
34 44 8574 659
34 45 28622 2201
34 46 15433 1187
34 47 1095 84
34 48 25785 1983
34 49 2357 181
34 50 8433 648
34 51 21039 1618
34 52 24034 1848
34 53 6100 469
34 54 25626 1971
34 55 15122 1163
34 56 8083 621
34 57 21319 1639
34 58 5701 438
34 59 4658 358
34 60 16504 1269
34 61 23799 1830
34 62 13808 1062
34 63 6410 493
34 64 13141 1010
34 65 25143 1934
34 66 28885 2221
34 67 17042 1310
34 68 26626 2048
34 69 29703 2284
34 70 24624 1894
34 71 16005 1231
34 72 23252 1788
34 73 6714 516
34 74 7428 571
35 0 18741 1441
35 1 4293 330
35 2 13831 1063
35 3 29195 2245
35 4 17651 1357
35 5 12362 950
35 6 29673 2282
35 7 7079 544
35 8 14355 1104
35 9 16757 1289
35 10 3626 278
35 11 15284 1175
35 12 24864 1912
35 13 22713 1747
35 14 24131 1856
35 15 26575 2044
35 16 22381 1721
35 17 9898 761
35 18 1533 117
35 19 11826 909
35 20 2914 224
35 21 27326 2102
35 22 27194 2091
35 23 20539 1579
35 24 13854 1065
35 25 25553 1965
35 26 13750 1057
35 27 13973 1074
35 28 16429 1263
35 29 8771 674
35 30 25773 1982
35 31 26426 2032
35 32 29992 2307
35 33 9219 709
35 34 12317 947
35 35 0 0
35 36 7517 578
35 37 22570 1736
35 38 644 49
35 39 14974 1151
35 40 16794 1291
35 41 18117 1393
35 42 20719 1593
35 43 10242 787
35 44 13970 1074
35 45 13787 1060
35 46 11053 850
35 47 29349 2257
35 48 16008 1231
35 49 19999 1538
35 50 21607 1662
35 51 27938 2149
35 52 22259 1712
35 53 20955 1611
35 54 25912 1993
35 55 2326 178
35 56 25975 1998
35 57 29798 2292
35 58 4710 362
35 59 13478 1036
35 60 1210 93
35 61 22100 1700
35 62 18631 1433
35 63 5687 437
35 64 10214 785
35 65 26942 2072
35 66 25888 1991
35 67 20198 1553
35 68 23475 1805
35 69 7343 564
35 70 27136 2087
35 71 24621 1893
35 72 4669 359
35 73 10228 786
35 74 24206 1862
36 0 29579 2275
36 1 21123 1624
36 2 21423 1647
36 3 16338 1256
36 4 24535 1887
36 5 21578 1659
36 6 27380 2106
36 7 26433 2033
36 8 14641 1126
36 9 2231 171
36 10 24627 1894
36 11 12279 944
36 12 25773 1982
36 13 24470 1882
36 14 22433 1725
36 15 8328 640
36 16 21118 1624
36 17 15938 1226
36 18 12683 975
36 19 27517 2116
36 20 13782 1060
36 21 26565 2043
36 22 18987 1460
36 23 25471 1959
36 24 1441 110
36 25 892 68
36 26 6488 499
36 27 1411 108
36 28 19699 1515
36 29 27749 2134
36 30 27682 2129
36 31 11341 872
36 32 11488 883
36 33 16221 1247
36 34 21024 1617
36 35 11935 918
36 36 0 0
36 37 24629 1894
36 38 1525 117
36 39 15181 1167
36 40 20583 1583
36 41 24481 1883
36 42 26873 2067
36 43 233 17
36 44 8944 688
36 45 27028 2079
36 46 7640 587
36 47 26390 2030
36 48 23571 1813
36 49 24359 1873
36 50 20559 1581
36 51 15457 1189
36 52 18251 1403
36 53 3839 295
36 54 16212 1247
36 55 10120 778
36 56 2224 171
36 57 15252 1173
36 58 15080 1160
36 59 1842 141
36 60 156 12
36 61 2467 189
36 62 26476 2036
36 63 24802 1907
36 64 19773 1521
36 65 28686 2206
36 66 26573 2044
36 67 17000 1307
36 68 27983 2152
36 69 26458 2035
36 70 24115 1855
36 71 5091 391
36 72 731 56
36 73 29488 2268
36 74 17347 1334
37 0 8198 630
37 1 1114 85
37 2 7959 612
37 3 18582 1429
37 4 14809 1139
37 5 21272 1636
37 6 28893 2222
37 7 27977 2152
37 8 6182 475
37 9 11815 908
37 10 24115 1855
37 11 25022 1924
37 12 21230 1633
37 13 21629 1663
37 14 22475 1728
37 15 8546 657
37 16 24356 1873
37 17 865 66
37 18 24216 1862
37 19 4560 350
37 20 11510 885
37 21 26413 2031
37 22 13900 1069
37 23 20466 1574
37 24 23497 1807
37 25 26209 2016
37 26 22908 1762
37 27 6421 493
37 28 11806 908
37 29 7036 541
37 30 29337 2256
37 31 2531 194
37 32 4276 328
37 33 23722 1824
37 34 14117 1085
37 35 12987 999
37 36 3042 234
37 37 0 0
37 38 9383 721
37 39 18126 1394
37 40 13977 1075
37 41 6080 467
37 42 18642 1434
37 43 21763 1674
37 44 20051 1542
37 45 8330 640
37 46 19310 1485
37 47 28684 2206
37 48 9436 725
37 49 20630 1586
37 50 16237 1249
37 51 8826 678
37 52 14367 1105
37 53 10198 784
37 54 10022 770
37 55 16500 1269
37 56 8177 629
37 57 16596 1276
37 58 24765 1905
37 59 3697 284
37 60 24189 1860
37 61 2057 158
37 62 21850 1680
37 63 12587 968
37 64 21110 1623
37 65 3395 261
37 66 25126 1932
37 67 28999 2230
37 68 6153 473
37 69 11248 865
37 70 20181 1552
37 71 1714 131
37 72 8142 626
37 73 20750 1596
37 74 24476 1882
38 0 8061 620
38 1 27346 2103
38 2 19869 1528
38 3 25020 1924
38 4 6601 507
38 5 24062 1850
38 6 12434 956
38 7 340 26
38 8 23850 1834
38 9 17537 1349
38 10 9382 721
38 11 24666 1897
38 12 28869 2220
38 13 8665 666
38 14 29807 2292
38 15 4369 336
38 16 7469 574
38 17 11437 879
38 18 29250 2250
38 19 18856 1450
38 20 822 63
38 21 4021 309
38 22 4500 346
38 23 21045 1618
38 24 5266 405
38 25 23092 1776
38 26 2738 210
38 27 9524 732
38 28 8222 632
38 29 1049 80
38 30 12268 943
38 31 27167 2089
38 32 7660 589
38 33 13342 1026
38 34 9598 738
38 35 1030 79
38 36 14078 1082
38 37 26591 2045
38 38 0 0
38 39 5999 461
38 40 21686 1668
38 41 27244 2095
38 42 12551 965
38 43 15620 1201
38 44 14812 1139
38 45 5830 448
38 46 15137 1164
38 47 18197 1399
38 48 5782 444
38 49 19710 1516
38 50 15100 1161
38 51 18133 1394
38 52 8041 618
38 53 20485 1575
38 54 3335 256
38 55 20602 1584
38 56 10157 781
38 57 556 42
38 58 21336 1641
38 59 16096 1238
38 60 13055 1004
38 61 25276 1944
38 62 1833 141
38 63 11116 855
38 64 29561 2273
38 65 16881 1298
38 66 23092 1776
38 67 5182 398
38 68 20645 1588
38 69 16486 1268
38 70 2419 186
38 71 1034 79
38 72 24037 1849
38 73 3328 256
38 74 2882 221
39 0 2894 222
39 1 10369 797
39 2 8102 623
39 3 11623 894
39 4 1827 140
39 5 24599 1892
39 6 16943 1303
39 7 953 73
39 8 27508 2116
39 9 4546 349
39 10 10651 819
39 11 14646 1126
39 12 2246 172
39 13 29625 2278
39 14 6362 489
39 15 24393 1876
39 16 919 70
39 17 8096 622
39 18 26010 2000
39 19 19795 1522
39 20 4832 371
39 21 15822 1217
39 22 22517 1732
39 23 8649 665
39 24 11302 869
39 25 2386 183
39 26 5974 459
39 27 27244 2095
39 28 5243 403
39 29 7173 551
39 30 2220 170
39 31 3232 248
39 32 27235 2095
39 33 11079 852
39 34 24805 1908
39 35 8359 643
39 36 14611 1123
39 37 1146 88
39 38 27356 2104
39 39 0 0
39 40 21257 1635
39 41 18839 1449
39 42 6513 501
39 43 21510 1654
39 44 24710 1900
39 45 29091 2237
39 46 26082 2006
39 47 28225 2171
39 48 16242 1249
39 49 971 74
39 50 14147 1088
39 51 27771 2136
39 52 29772 2290
39 53 17179 1321
39 54 29770 2290
39 55 18788 1445
39 56 1607 123
39 57 12796 984
39 58 27544 2118
39 59 1968 151
39 60 5233 402
39 61 8015 616
39 62 6534 502
39 63 27095 2084
39 64 12573 967
39 65 7886 606
39 66 29165 2243
39 67 23996 1845
39 68 6721 517
39 69 25396 1953
39 70 5365 412
39 71 282 21
39 72 27829 2140
39 73 29941 2303
39 74 12187 937
40 0 3744 288
40 1 18513 1424
40 2 16819 1293
40 3 2895 222
40 4 5239 403
40 5 22515 1731
40 6 6140 472
40 7 11958 919
40 8 23207 1785
40 9 14587 1122
40 10 7218 555
40 11 23085 1775
40 12 8592 660
40 13 22460 1727
40 14 6031 463
40 15 20578 1582
40 16 22982 1767
40 17 18132 1394
40 18 19610 1508
40 19 9329 717
40 20 15372 1182
40 21 21464 1651
40 22 6581 506
40 23 28384 2183
40 24 9191 707
40 25 24776 1905
40 26 5059 389
40 27 8068 620
40 28 12776 982
40 29 4936 379
40 30 21474 1651
40 31 22016 1693
40 32 6371 490
40 33 20179 1552
40 34 25644 1972
40 35 10551 811
40 36 7062 543
40 37 21654 1665
40 38 21833 1679
40 39 21598 1661
40 40 0 0
40 41 1009 77
40 42 24949 1919
40 43 20040 1541
40 44 16405 1261
40 45 3111 239
40 46 3803 292
40 47 21585 1660
40 48 4797 369
40 49 28091 2160
40 50 15763 1212
40 51 20073 1544
40 52 29886 2298
40 53 26179 2013
40 54 6098 469
40 55 10436 802
40 56 8639 664
40 57 24543 1887
40 58 3633 279
40 59 18250 1403
40 60 5574 428
40 61 27195 2091
40 62 16445 1265
40 63 23560 1812
40 64 17077 1313
40 65 17342 1334
40 66 7422 570
40 67 14895 1145
40 68 11492 884
40 69 3403 261
40 70 7635 587
40 71 26778 2059
40 72 13862 1066
40 73 23088 1776
40 74 29450 2265
41 0 17574 1351
41 1 3606 277
41 2 19506 1500
41 3 25251 1942
41 4 22842 1757
41 5 13915 1070
41 6 15773 1213
41 7 27407 2108
41 8 24315 1870
41 9 19512 1500
41 10 18023 1386
41 11 485 37
41 12 7408 569
41 13 5744 441
41 14 18024 1386
41 15 24262 1866
41 16 491 37
41 17 9714 747
41 18 6765 520
41 19 12530 963
41 20 24193 1861
41 21 25085 1929
41 22 18334 1410
41 23 1501 115
41 24 13617 1047
41 25 9331 717
41 26 14237 1095
41 27 13896 1068
41 28 10009 769
41 29 21699 1669
41 30 21486 1652
41 31 14645 1126
41 32 9068 697
41 33 5842 449
41 34 6919 532
41 35 29423 2263
41 36 4178 321
41 37 15925 1225
41 38 24228 1863
41 39 7981 613
41 40 8905 685
41 41 0 0
41 42 28112 2162
41 43 6403 492
41 44 13756 1058
41 45 20766 1597
41 46 26449 2034
41 47 2473 190
41 48 572 44
41 49 25523 1963
41 50 3677 282
41 51 18106 1392
41 52 28684 2206
41 53 28122 2163
41 54 6138 472
41 55 24938 1918
41 56 7360 566
41 57 3990 306
41 58 988 76
41 59 9988 768
41 60 19736 1518
41 61 7988 614
41 62 12759 981
41 63 12104 931
41 64 1785 137
41 65 15243 1172
41 66 8511 654
41 67 816 62
41 68 5360 412
41 69 1014 78
41 70 24868 1912
41 71 23498 1807
41 72 13258 1019
41 73 29263 2251
41 74 25743 1980
42 0 21016 1616
42 1 24616 1893
42 2 13771 1059
42 3 10733 825
42 4 6676 513
42 5 20900 1607
42 6 5694 438
42 7 26861 2066
42 8 7940 610
42 9 8299 638
42 10 9073 697
42 11 14296 1099
42 12 13075 1005
42 13 12948 996
42 14 9535 733
42 15 8051 619
42 16 17429 1340
42 17 1079 83
42 18 26573 2044
42 19 7834 602
42 20 25716 1978
42 21 17449 1342
42 22 16643 1280
42 23 7886 606
42 24 596 45
42 25 15741 1210
42 26 18612 1431
42 27 26105 2008
42 28 117 9
42 29 29688 2283
42 30 4303 331
42 31 12967 997
42 32 17511 1347
42 33 5086 391
42 34 24804 1908
42 35 4506 346
42 36 1079 83
42 37 20247 1557
42 38 7583 583
42 39 4822 370
42 40 1282 98
42 41 22103 1700
42 42 0 0
42 43 17442 1341
42 44 14087 1083
42 45 28787 2214
42 46 22753 1750
42 47 23594 1814
42 48 21636 1664
42 49 29961 2304
42 50 17278 1329
42 51 20501 1577
42 52 25947 1995
42 53 8347 642
42 54 24853 1911
42 55 2185 168
42 56 11268 866
42 57 27009 2077
42 58 24631 1894
42 59 24648 1896
42 60 22124 1701
42 61 9570 736
42 62 26660 2050
42 63 5646 434
42 64 5385 414
42 65 28943 2226
42 66 8750 673
42 67 14785 1137
42 68 24814 1908
42 69 10101 777
42 70 5812 447
42 71 10678 821
42 72 17323 1332
42 73 10060 773
42 74 18207 1400
43 0 23278 1790
43 1 28518 2193
43 2 11850 911
43 3 22175 1705
43 4 6073 467
43 5 329 25
43 6 3412 262
43 7 12669 974
43 8 840 64
43 9 22696 1745
43 10 27279 2098
43 11 17327 1332
43 12 5623 432
43 13 28800 2215
43 14 1609 123
43 15 14423 1109
43 16 17246 1326
43 17 6233 479
43 18 26482 2037
43 19 26292 2022
43 20 22834 1756
43 21 15446 1188
43 22 10548 811
43 23 19551 1503
43 24 13555 1042
43 25 15407 1185
43 26 9950 765
43 27 21084 1621
43 28 13542 1041
43 29 24788 1906
43 30 17413 1339
43 31 9236 710
43 32 1683 129
43 33 24146 1857
43 34 16707 1285
43 35 13028 1002
43 36 515 39
43 37 16973 1305
43 38 23396 1799
43 39 1109 85
43 40 16447 1265
43 41 23695 1822
43 42 12211 939
43 43 0 0
43 44 1866 143
43 45 23401 1800
43 46 14829 1140
43 47 14562 1120
43 48 361 27
43 49 1549 119
43 50 21429 1648
43 51 3987 306
43 52 13533 1041
43 53 5182 398
43 54 29931 2302
43 55 24736 1902
43 56 7936 610
43 57 5720 440
43 58 22982 1767
43 59 8404 646
43 60 8520 655
43 61 22125 1701
43 62 2710 208
43 63 11408 877
43 64 8061 620
43 65 21268 1636
43 66 16199 1246
43 67 20259 1558
43 68 9553 734
43 69 25371 1951
43 70 2215 170
43 71 8867 682
43 72 16983 1306
43 73 12874 990
43 74 3370 259
44 0 7025 540
44 1 4563 351
44 2 6525 501
44 3 1952 150
44 4 7228 556
44 5 26899 2069
44 6 21104 1623
44 7 6587 506
44 8 19428 1494
44 9 848 65
44 10 2585 198
44 11 6134 471
44 12 25703 1977
44 13 23919 1839
44 14 20408 1569
44 15 27097 2084
44 16 4753 365
44 17 780 60
44 18 3027 232
44 19 25004 1923
44 20 17290 1330
44 21 12096 930
44 22 11596 892
44 23 15474 1190
44 24 29715 2285
44 25 26660 2050
44 26 3974 305
44 27 29828 2294
44 28 2246 172
44 29 16853 1296
44 30 14149 1088
44 31 9169 705
44 32 21713 1670
44 33 21710 1670
44 34 10499 807
44 35 13503 1038
44 36 19197 1476
44 37 24316 1870
44 38 23470 1805
44 39 16444 1264
44 40 11664 897
44 41 29705 2285
44 42 16581 1275
44 43 22105 1700
44 44 0 0
44 45 21535 1656
44 46 24555 1888
44 47 4213 324
44 48 12453 957
44 49 13021 1001
44 50 2925 225
44 51 15677 1205
44 52 12343 949
44 53 1342 103
44 54 7432 571
44 55 20851 1603
44 56 28712 2208
44 57 27824 2140
44 58 12722 978
44 59 16087 1237
44 60 22152 1704
44 61 15470 1190
44 62 27082 2083
44 63 22564 1735
44 64 934 71
44 65 2608 200
44 66 7380 567
44 67 27127 2086
44 68 27130 2086
44 69 17011 1308
44 70 24617 1893
44 71 5808 446
44 72 28415 2185
44 73 20643 1587
44 74 18648 1434
45 0 15714 1208
45 1 13952 1073
45 2 19766 1520
45 3 5329 409
45 4 11860 912
45 5 16094 1238
45 6 26430 2033
45 7 28779 2213
45 8 14358 1104
45 9 12876 990
45 10 3791 291
45 11 8958 689
45 12 11179 859
45 13 29337 2256
45 14 14028 1079
45 15 17214 1324
45 16 17006 1308
45 17 23739 1826
45 18 14958 1150
45 19 7289 560
45 20 10309 793
45 21 19951 1534
45 22 10337 795
45 23 22539 1733
45 24 2342 180
45 25 8694 668
45 26 8494 653
45 27 23313 1793
45 28 407 31
45 29 17624 1355
45 30 20439 1572
45 31 11972 920
45 32 707 54
45 33 2422 186
45 34 17911 1377
45 35 1591 122
45 36 21658 1666
45 37 29830 2294
45 38 11548 888
45 39 16672 1282
45 40 3016 232
45 41 16304 1254
45 42 4620 355
45 43 3498 269
45 44 28549 2196
45 45 0 0
45 46 20187 1552
45 47 28931 2225
45 48 1945 149
45 49 23782 1829
45 50 691 53
45 51 13275 1021
45 52 17972 1382
45 53 25403 1954
45 54 18526 1425
45 55 2620 201
45 56 7766 597
45 57 23796 1830
45 58 12795 984
45 59 26089 2006
45 60 13746 1057
45 61 26384 2029
45 62 29280 2252
45 63 5772 444
45 64 12139 933
45 65 25669 1974
45 66 26624 2048
45 67 5673 436
45 68 16701 1284
45 69 22884 1760
45 70 26776 2059
45 71 10956 842
45 72 21892 1684
45 73 10151 780
45 74 1025 78
46 0 11516 885
46 1 17205 1323
46 2 5758 442
46 3 14598 1122
46 4 7076 544
46 5 18023 1386
46 6 17127 1317
46 7 375 28
46 8 11739 903
46 9 9631 740
46 10 15193 1168
46 11 16171 1243
46 12 27484 2114
46 13 16946 1303
46 14 5535 425
46 15 29241 2249
46 16 17251 1327
46 17 24794 1907
46 18 15544 1195
46 19 9149 703
46 20 14325 1101
46 21 6086 468
46 22 24235 1864
46 23 10062 774
46 24 8088 622
46 25 1675 128
46 26 475 36
46 27 9654 742
46 28 3748 288
46 29 18629 1433
46 30 15619 1201
46 31 3543 272
46 32 13528 1040
46 33 21874 1682
46 34 23349 1796
46 35 25307 1946
46 36 22313 1716
46 37 15891 1222
46 38 230 17
46 39 17750 1365
46 40 18319 1409
46 41 19815 1524
46 42 2390 183
46 43 23415 1801
46 44 15938 1226
46 45 15525 1194
46 46 0 0
46 47 917 70
46 48 23000 1769
46 49 4678 359
46 50 432 33
46 51 4468 343
46 52 3778 290
46 53 22124 1701
46 54 17345 1334
46 55 20389 1568
46 56 9229 709
46 57 4649 357
46 58 14512 1116
46 59 5131 394
46 60 20807 1600
46 61 21683 1667
46 62 20575 1582
46 63 19811 1523
46 64 4382 337
46 65 13745 1057
46 66 20329 1563
46 67 6750 519
46 68 23744 1826
46 69 7388 568
46 70 14780 1136
46 71 4134 318
46 72 2660 204
46 73 10060 773
46 74 3029 233
47 0 14244 1095
47 1 8929 686
47 2 29347 2257
47 3 21155 1627
47 4 29713 2285
47 5 29648 2280
47 6 24406 1877
47 7 15728 1209
47 8 24930 1917
47 9 13119 1009
47 10 16727 1286
47 11 10274 790
47 12 5167 397
47 13 29086 2237
47 14 861 66
47 15 12981 998
47 16 1758 135
47 17 22526 1732
47 18 13051 1003
47 19 15990 1230
47 20 11016 847
47 21 8429 648
47 22 24270 1866
47 23 14263 1097
47 24 23655 1819
47 25 28133 2164
47 26 15811 1216
47 27 388 29
47 28 7308 562
47 29 28569 2197
47 30 18705 1438
47 31 4911 377
47 32 12975 998
47 33 29991 2307
47 34 24472 1882
47 35 11719 901
47 36 10749 826
47 37 27469 2113
47 38 29956 2304
47 39 15401 1184
47 40 21051 1619
47 41 18014 1385
47 42 11885 914
47 43 3630 279
47 44 11128 856
47 45 26073 2005
47 46 773 59
47 47 0 0
47 48 17609 1354
47 49 14048 1080
47 50 1221 93
47 51 882 67
47 52 536 41
47 53 2809 216
47 54 229 17
47 55 29709 2285
47 56 3295 253
47 57 169 13
47 58 7691 591
47 59 19135 1471
47 60 9091 699
47 61 27807 2139
47 62 3528 271
47 63 14267 1097
47 64 11098 853
47 65 24730 1902
47 66 8452 650
47 67 3978 306
47 68 3296 253
47 69 6795 522
47 70 11752 904
47 71 7944 611
47 72 3417 262
47 73 17753 1365
47 74 19825 1525
48 0 10613 816
48 1 7490 576
48 2 15332 1179
48 3 8292 637
48 4 18629 1433
48 5 14115 1085
48 6 25475 1959
48 7 17773 1367
48 8 4715 362
48 9 27297 2099
48 10 1596 122
48 11 9529 733
48 12 2766 212
48 13 1481 113
48 14 26443 2034
48 15 15551 1196
48 16 235 18
48 17 4517 347
48 18 15881 1221
48 19 9219 709
48 20 5974 459
48 21 6953 534
48 22 12073 928
48 23 12047 926
48 24 22289 1714
48 25 23913 1839
48 26 20587 1583
48 27 27320 2101
48 28 2267 174
48 29 4526 348
48 30 20781 1598
48 31 15642 1203
48 32 8246 634
48 33 5699 438
48 34 17455 1342
48 35 28784 2214
48 36 15010 1154
48 37 23386 1798
48 38 26261 2020
48 39 27955 2150
48 40 241 18
48 41 10051 773
48 42 17494 1345
48 43 27696 2130
48 44 19976 1536
48 45 20760 1596
48 46 378 29
48 47 17782 1367
48 48 0 0
48 49 18163 1397
48 50 20986 1614
48 51 25039 1926
48 52 18004 1384
48 53 3334 256
48 54 18238 1402
48 55 5477 421
48 56 8135 625
48 57 10136 779
48 58 29160 2243
48 59 27952 2150
48 60 11261 866
48 61 24377 1875
48 62 23339 1795
48 63 23323 1794
48 64 27388 2106
48 65 19661 1512
48 66 26588 2045
48 67 12305 946
48 68 18292 1407
48 69 18374 1413
48 70 15764 1212
48 71 1497 115
48 72 15420 1186
48 73 29062 2235
48 74 2750 211
49 0 466 35
49 1 29537 2272
49 2 5142 395
49 3 29806 2292
49 4 8065 620
49 5 23038 1772
49 6 28250 2173
49 7 5233 402
49 8 18491 1422
49 9 5208 400
49 10 15602 1200
49 11 1609 123
49 12 19802 1523
49 13 6449 496
49 14 21013 1616
49 15 28669 2205
49 16 28091 2160
49 17 15419 1186
49 18 24348 1872
49 19 14007 1077
49 20 5420 416
49 21 22652 1742
49 22 17869 1374
49 23 22850 1757
49 24 8726 671
49 25 19636 1510
49 26 6418 493
49 27 13152 1011
49 28 883 67
49 29 12832 987
49 30 14728 1132
49 31 6604 508
49 32 27384 2106
49 33 3398 261
49 34 5773 444
49 35 9679 744
49 36 18623 1432
49 37 1342 103
49 38 9376 721
49 39 14784 1137
49 40 21699 1669
49 41 28544 2195
49 42 27955 2150
49 43 25377 1952
49 44 9877 759
49 45 20661 1589
49 46 10055 773
49 47 23463 1804
49 48 22081 1698
49 49 0 0
49 50 8902 684
49 51 27413 2108
49 52 20513 1577
49 53 27230 2094
49 54 24928 1917
49 55 4108 316
49 56 26197 2015
49 57 5026 386
49 58 15159 1166
49 59 5431 417
49 60 29275 2251
49 61 4579 352
49 62 5658 435
49 63 9141 703
49 64 11783 906
49 65 17071 1313
49 66 4813 370
49 67 9061 697
49 68 2832 217
49 69 13307 1023
49 70 22914 1762
49 71 21663 1666
49 72 25915 1993
49 73 2632 202
49 74 1558 119
50 0 16783 1291
50 1 26671 2051
50 2 19281 1483
50 3 4742 364
50 4 22746 1749
50 5 9319 716
50 6 8304 638
50 7 13142 1010
50 8 19328 1486
50 9 28257 2173
50 10 25854 1988
50 11 13528 1040
50 12 7458 573
50 13 19615 1508
50 14 5088 391
50 15 3227 248
50 16 8166 628
50 17 15422 1186
50 18 7555 581
50 19 8855 681
50 20 29836 2295
50 21 20449 1573
50 22 7918 609
50 23 22236 1710
50 24 26858 2066
50 25 9277 713
50 26 29997 2307
50 27 26812 2062
50 28 28850 2219
50 29 2327 179
50 30 29856 2296
50 31 15189 1168
50 32 23035 1771
50 33 21330 1640
50 34 24302 1869
50 35 25124 1932
50 36 23479 1806
50 37 7151 550
50 38 15005 1154
50 39 10715 824
50 40 18231 1402
50 41 25180 1936
50 42 8580 660
50 43 18491 1422
50 44 13338 1026
50 45 12621 970
50 46 29654 2281
50 47 7947 611
50 48 11438 879
50 49 16969 1305
50 50 0 0
50 51 841 64
50 52 9075 698
50 53 16959 1304
50 54 11456 881
50 55 14624 1124
50 56 21961 1689
50 57 17834 1371
50 58 3121 240
50 59 13015 1001
50 60 18046 1388
50 61 25391 1953
50 62 664 51
50 63 21643 1664
50 64 3142 241
50 65 13796 1061
50 66 8734 671
50 67 28234 2171
50 68 4626 355
50 69 25100 1930
50 70 22188 1706
50 71 29436 2264
50 72 4761 366
50 73 20625 1586
50 74 20601 1584
51 0 10906 838
51 1 3209 246
51 2 24035 1848
51 3 12563 966
51 4 7532 579
51 5 13758 1058
51 6 6033 464
51 7 13066 1005
51 8 16431 1263
51 9 29031 2233
51 10 1603 123
51 11 8971 690
51 12 20089 1545
51 13 10882 837
51 14 15668 1205
51 15 13973 1074
51 16 7612 585
51 17 4845 372
51 18 20518 1578
51 19 4408 339
51 20 16469 1266
51 21 25573 1967
51 22 20751 1596
51 23 17130 1317
51 24 2332 179
51 25 5856 450
51 26 29009 2231
51 27 25753 1981
51 28 25527 1963
51 29 28065 2158
51 30 17582 1352
51 31 11916 916
51 32 21298 1638
51 33 14069 1082
51 34 28390 2183
51 35 8843 680
51 36 693 53
51 37 843 64
51 38 7201 553
51 39 28211 2170
51 40 2148 165
51 41 3873 297
51 42 1771 136
51 43 28283 2175
51 44 18440 1418
51 45 19639 1510
51 46 21860 1681
51 47 21224 1632
51 48 22446 1726
51 49 15652 1204
51 50 25329 1948
51 51 0 0
51 52 4804 369
51 53 7908 608
51 54 21956 1688
51 55 21004 1615
51 56 3814 293
51 57 21393 1645
51 58 23523 1809
51 59 4417 339
51 60 13293 1022
51 61 5663 435
51 62 6679 513
51 63 5449 419
51 64 409 31
51 65 12392 953
51 66 12186 937
51 67 11759 904
51 68 18134 1394
51 69 17388 1337
51 70 8018 616
51 71 27919 2147
51 72 7721 593
51 73 27462 2112
51 74 3196 245
52 0 1740 133
52 1 25431 1956
52 2 23069 1774
52 3 11519 886
52 4 22474 1728
52 5 17182 1321
52 6 23559 1812
52 7 4608 354
52 8 13841 1064
52 9 15249 1173
52 10 8322 640
52 11 2163 166
52 12 29986 2306
52 13 5127 394
52 14 9661 743
52 15 9240 710
52 16 22999 1769
52 17 23400 1800
52 18 14977 1152
52 19 7528 579
52 20 1543 118
52 21 21703 1669
52 22 17700 1361
52 23 4294 330
52 24 9084 698
52 25 13713 1054
52 26 26591 2045
52 27 12402 954
52 28 24178 1859
52 29 22264 1712
52 30 15059 1158
52 31 20558 1581
52 32 4176 321
52 33 11667 897
52 34 21166 1628
52 35 21905 1685
52 36 1646 126
52 37 28520 2193
52 38 11501 884
52 39 895 68
52 40 24459 1881
52 41 28431 2187
52 42 376 28
52 43 28364 2181
52 44 14560 1120
52 45 13669 1051
52 46 3281 252
52 47 29890 2299
52 48 18923 1455
52 49 5211 400
52 50 10557 812
52 51 14150 1088
52 52 0 0
52 53 597 45
52 54 29638 2279
52 55 19745 1518
52 56 22595 1738
52 57 2613 201
52 58 26924 2071
52 59 20546 1580
52 60 25602 1969
52 61 14333 1102
52 62 6898 530
52 63 16730 1286
52 64 20829 1602
52 65 29418 2262
52 66 4770 366
52 67 19367 1489
52 68 5104 392
52 69 508 39
52 70 5316 408
52 71 17982 1383
52 72 27132 2087
52 73 12658 973
52 74 3764 289
53 0 1050 80
53 1 18360 1412
53 2 1174 90
53 3 29112 2239
53 4 25289 1945
53 5 25062 1927
53 6 4903 377
53 7 16599 1276
53 8 6503 500
53 9 19161 1473
53 10 1359 104
53 11 21731 1671
53 12 10144 780
53 13 24258 1866
53 14 3380 260
53 15 17303 1331
53 16 7294 561
53 17 20588 1583
53 18 19774 1521
53 19 7716 593
53 20 19890 1530
53 21 21845 1680
53 22 24426 1878
53 23 21896 1684
53 24 1987 152
53 25 1590 122
53 26 2514 193
53 27 20799 1599
53 28 28215 2170
53 29 17185 1321
53 30 13464 1035
53 31 14608 1123
53 32 208 16
53 33 22898 1761
53 34 16813 1293
53 35 2646 203
53 36 27010 2077
53 37 7592 584
53 38 8249 634
53 39 1766 135
53 40 8532 656
53 41 6723 517
53 42 15971 1228
53 43 17853 1373
53 44 3843 295
53 45 4228 325
53 46 14130 1086
53 47 190 14
53 48 19285 1483
53 49 9454 727
53 50 7309 562
53 51 27355 2104
53 52 17855 1373
53 53 0 0
53 54 11228 863
53 55 9555 735
53 56 717 55
53 57 3549 273
53 58 8770 674
53 59 27164 2089
53 60 22041 1695
53 61 5930 456
53 62 23062 1774
53 63 17701 1361
53 64 13085 1006
53 65 6759 519
53 66 4307 331
53 67 8650 665
53 68 25952 1996
53 69 25289 1945
53 70 16133 1241
53 71 9997 769
53 72 18106 1392
53 73 27021 2078
53 74 7112 547
54 0 23947 1842
54 1 17868 1374
54 2 23170 1782
54 3 26370 2028
54 4 26967 2074
54 5 18740 1441
54 6 27923 2147
54 7 22029 1694
54 8 13125 1009
54 9 16349 1257
54 10 29223 2247
54 11 27692 2130
54 12 5712 439
54 13 3700 284
54 14 3445 265
54 15 4632 356
54 16 8350 642
54 17 4572 351
54 18 14164 1089
54 19 17539 1349
54 20 8728 671
54 21 6890 530
54 22 22407 1723
54 23 3952 304
54 24 13029 1002
54 25 28893 2222
54 26 27312 2100
54 27 7696 592
54 28 19171 1474
54 29 2483 191
54 30 10011 770
54 31 27098 2084
54 32 5677 436
54 33 29682 2283
54 34 9495 730
54 35 27768 2136
54 36 6586 506
54 37 15658 1204
54 38 9635 741
54 39 7170 551
54 40 15225 1171
54 41 4285 329
54 42 2538 195
54 43 6971 536
54 44 19931 1533
54 45 20091 1545
54 46 14905 1146
54 47 13296 1022
54 48 8180 629
54 49 13296 1022
54 50 2003 154
54 51 15725 1209
54 52 21907 1685
54 53 6312 485
54 54 0 0
54 55 21978 1690
54 56 29798 2292
54 57 20159 1550
54 58 20813 1601
54 59 27886 2145
54 60 22342 1718
54 61 20959 1612
54 62 13325 1025
54 63 16875 1298
54 64 4162 320
54 65 24227 1863
54 66 6165 474
54 67 5123 394
54 68 2695 207
54 69 9483 729
54 70 26343 2026
54 71 20276 1559
54 72 16020 1232
54 73 1315 101
54 74 1765 135
55 0 1773 136
55 1 6395 491
55 2 22946 1765
55 3 472 36
55 4 13455 1035
55 5 18274 1405
55 6 17254 1327
55 7 5460 420
55 8 8530 656
55 9 26657 2050
55 10 4094 314
55 11 7221 555
55 12 7526 578
55 13 23631 1817
55 14 11703 900
55 15 1223 94
55 16 24737 1902
55 17 28082 2160
55 18 607 46
55 19 7805 600
55 20 16180 1244
55 21 20847 1603
55 22 1521 117
55 23 20297 1561
55 24 20772 1597
55 25 12594 968
55 26 24321 1870
55 27 27929 2148
55 28 25252 1942
55 29 14595 1122
55 30 29565 2274
55 31 16448 1265
55 32 4071 313
55 33 2865 220
55 34 19447 1495
55 35 4892 376
55 36 19331 1487
55 37 28761 2212
55 38 3186 245
55 39 16044 1234
55 40 6745 518
55 41 22410 1723
55 42 4479 344
55 43 19838 1526
55 44 4142 318
55 45 11613 893
55 46 18011 1385
55 47 20054 1542
55 48 11658 896
55 49 29010 2231
55 50 21001 1615
55 51 13866 1066
55 52 13184 1014
55 53 23917 1839
55 54 718 55
55 55 0 0
55 56 7370 566
55 57 8773 674
55 58 24107 1854
55 59 26587 2045
55 60 10248 788
55 61 6291 483
55 62 21929 1686
55 63 8168 628
55 64 12808 985
55 65 8728 671
55 66 5702 438
55 67 16031 1233
55 68 20215 1555
55 69 4202 323
55 70 4906 377
55 71 11062 850
55 72 24698 1899
55 73 28774 2213
55 74 12038 926
56 0 17377 1336
56 1 4459 343
56 2 18323 1409
56 3 29702 2284
56 4 22620 1740
56 5 27421 2109
56 6 12548 965
56 7 3399 261
56 8 12586 968
56 9 6423 494
56 10 6877 529
56 11 24313 1870
56 12 21945 1688
56 13 7240 556
56 14 11196 861
56 15 16160 1243
56 16 18582 1429
56 17 12538 964
56 18 15187 1168
56 19 6705 515
56 20 1769 136
56 21 28432 2187
56 22 19288 1483
56 23 2650 203
56 24 3862 297
56 25 9348 719
56 26 301 23
56 27 11764 904
56 28 5006 385
56 29 14484 1114
56 30 19972 1536
56 31 2757 212
56 32 16714 1285
56 33 9185 706
56 34 14710 1131
56 35 24470 1882
56 36 8146 626
56 37 5034 387
56 38 18773 1444
56 39 19535 1502
56 40 13084 1006
56 41 4010 308
56 42 21566 1658
56 43 23470 1805
56 44 14412 1108
56 45 28990 2230
56 46 27934 2148
56 47 19760 1520
56 48 23663 1820
56 49 10418 801
56 50 20322 1563
56 51 7188 552
56 52 11710 900
56 53 12471 959
56 54 11921 917
56 55 28767 2212
56 56 0 0
56 57 26682 2052
56 58 10150 780
56 59 16335 1256
56 60 15102 1161
56 61 9882 760
56 62 1458 112
56 63 24435 1879
56 64 25193 1937
56 65 28353 2181
56 66 18868 1451
56 67 22523 1732
56 68 13084 1006
56 69 10817 832
56 70 2189 168
56 71 23490 1806
56 72 7165 551
56 73 25669 1974
56 74 7536 579
57 0 29996 2307
57 1 23938 1841
57 2 4369 336
57 3 6210 477
57 4 29674 2282
57 5 5047 388
57 6 24778 1906
57 7 28761 2212
57 8 2045 157
57 9 24416 1878
57 10 28687 2206
57 11 10965 843
57 12 29464 2266
57 13 14888 1145
57 14 1092 84
57 15 23170 1782
57 16 19899 1530
57 17 4310 331
57 18 11352 873
57 19 4870 374
57 20 22723 1747
57 21 19395 1491
57 22 9588 737
57 23 20651 1588
57 24 10173 782
57 25 3371 259
57 26 25982 1998
57 27 12221 940
57 28 17080 1313
57 29 5481 421
57 30 1248 96
57 31 28849 2219
57 32 21979 1690
57 33 27967 2151
57 34 25601 1969
57 35 6125 471
57 36 12263 943
57 37 11573 890
57 38 27841 2141
57 39 26245 2018
57 40 657 50
57 41 24351 1873
57 42 17613 1354
57 43 26986 2075
57 44 24077 1852
57 45 20284 1560
57 46 3519 270
57 47 14078 1082
57 48 19923 1532
57 49 6352 488
57 50 12568 966
57 51 27834 2141
57 52 12545 965
57 53 19515 1501
57 54 7088 545
57 55 8935 687
57 56 16499 1269
57 57 0 0
57 58 9020 693
57 59 8964 689
57 60 9787 752
57 61 12759 981
57 62 9101 700
57 63 27179 2090
57 64 2094 161
57 65 17919 1378
57 66 15121 1163
57 67 24994 1922
57 68 6724 517
57 69 27388 2106
57 70 7942 610
57 71 10524 809
57 72 19496 1499
57 73 7705 592
57 74 15052 1157
58 0 7950 611
58 1 10536 810
58 2 27963 2151
58 3 12895 991
58 4 18054 1388
58 5 1998 153
58 6 23980 1844
58 7 24432 1879
58 8 26654 2050
58 9 28461 2189
58 10 21148 1626
58 11 29505 2269
58 12 10138 779
58 13 7556 581
58 14 4449 342
58 15 10471 805
58 16 18651 1434
58 17 8223 632
58 18 20279 1559
58 19 16964 1304
58 20 10119 778
58 21 3123 240
58 22 20831 1602
58 23 3339 256
58 24 16840 1295
58 25 26078 2006
58 26 14770 1136
58 27 29258 2250
58 28 8944 688
58 29 22351 1719
58 30 7716 593
58 31 12982 998
58 32 5913 454
58 33 13451 1034
58 34 17807 1369
58 35 18895 1453
58 36 11652 896
58 37 11884 914
58 38 3847 295
58 39 24258 1866
58 40 9742 749
58 41 28167 2166
58 42 22023 1694
58 43 10806 831
58 44 8177 629
58 45 18866 1451
58 46 16302 1254
58 47 9035 695
58 48 24580 1890
58 49 25568 1966
58 50 2799 215
58 51 16437 1264
58 52 15105 1161
58 53 15222 1170
58 54 1867 143
58 55 5864 451
58 56 12450 957
58 57 14306 1100
58 58 0 0
58 59 29285 2252
58 60 8422 647
58 61 15678 1206
58 62 9314 716
58 63 2992 230
58 64 12719 978
58 65 29306 2254
58 66 16438 1264
58 67 5531 425
58 68 6327 486
58 69 17055 1311
58 70 22723 1747
58 71 25838 1987
58 72 25954 1996
58 73 11792 907
58 74 20911 1608
59 0 25427 1955
59 1 22329 1717
59 2 10197 784
59 3 17597 1353
59 4 18631 1433
59 5 29365 2258
59 6 6027 463
59 7 10832 833
59 8 22341 1718
59 9 1754 134
59 10 3124 240
59 11 12696 976
59 12 24458 1881
59 13 4328 332
59 14 7451 573
59 15 22783 1752
59 16 3400 261
59 17 5755 442
59 18 26732 2056
59 19 13183 1014
59 20 12687 975
59 21 23976 1844
59 22 6715 516
59 23 20160 1550
59 24 22951 1765
59 25 9672 744
59 26 3469 266
59 27 16710 1285
59 28 6370 490
59 29 27575 2121
59 30 1782 137
59 31 23144 1780
59 32 21814 1678
59 33 27054 2081
59 34 26444 2034
59 35 2251 173
59 36 8954 688
59 37 24768 1905
59 38 22451 1727
59 39 5915 455
59 40 12059 927
59 41 10295 791
59 42 23808 1831
59 43 13282 1021
59 44 12323 947
59 45 9973 767
59 46 13870 1066
59 47 27972 2151
59 48 23570 1813
59 49 10636 818
59 50 4415 339
59 51 17018 1309
59 52 25623 1971
59 53 6039 464
59 54 10939 841
59 55 372 28
59 56 4722 363
59 57 12539 964
59 58 6218 478
59 59 0 0
59 60 9055 696
59 61 27400 2107
59 62 9972 767
59 63 21239 1633
59 64 29808 2292
59 65 23848 1834
59 66 2503 192
59 67 19287 1483
59 68 4219 324
59 69 7303 561
59 70 6816 524
59 71 23272 1790
59 72 28349 2180
59 73 22998 1769
59 74 17410 1339
60 0 8264 635
60 1 24782 1906
60 2 17417 1339
60 3 9401 723
60 4 26731 2056
60 5 7539 579
60 6 2208 169
60 7 6588 506
60 8 5181 398
60 9 19306 1485
60 10 11778 906
60 11 20476 1575
60 12 9572 736
60 13 16247 1249
60 14 12233 941
60 15 25507 1962
60 16 3562 274
60 17 16041 1233
60 18 5359 412
60 19 25243 1941
60 20 29707 2285
60 21 8564 658
60 22 21406 1646
60 23 20341 1564
60 24 12864 989
60 25 26115 2008
60 26 29910 2300
60 27 23657 1819
60 28 25034 1925
60 29 12756 981
60 30 741 57
60 31 7671 590
60 32 14795 1138
60 33 3063 235
60 34 18590 1430
60 35 1937 149
60 36 3684 283
60 37 8259 635
60 38 29228 2248
60 39 12024 924
60 40 1671 128
60 41 4230 325
60 42 13857 1065
60 43 4683 360
60 44 5049 388
60 45 2633 202
60 46 19920 1532
60 47 17151 1319
60 48 28200 2169
60 49 8403 646
60 50 384 29
60 51 3771 290
60 52 9479 729
60 53 16582 1275
60 54 4814 370
60 55 7347 565
60 56 6860 527
60 57 5449 419
60 58 1085 83
60 59 29127 2240
60 60 0 0
60 61 1721 132
60 62 27922 2147
60 63 24061 1850
60 64 23762 1827
60 65 2578 198
60 66 15659 1204
60 67 17307 1331
60 68 8248 634
60 69 9888 760
60 70 2732 210
60 71 16855 1296
60 72 29869 2297
60 73 4597 353
60 74 29199 2246
61 0 26762 2058
61 1 21314 1639
61 2 23403 1800
61 3 6812 524
61 4 26672 2051
61 5 25506 1962
61 6 19143 1472
61 7 15605 1200
61 8 15613 1201
61 9 1436 110
61 10 4775 367
61 11 8495 653
61 12 5384 414
61 13 2414 185
61 14 9108 700
61 15 29481 2267
61 16 7969 613
61 17 11040 849
61 18 6867 528
61 19 4469 343
61 20 11363 874
61 21 2781 213
61 22 14403 1107
61 23 26350 2026
61 24 29489 2268
61 25 22377 1721
61 26 28082 2160
61 27 16465 1266
61 28 21197 1630
61 29 16654 1281
61 30 12837 987
61 31 17947 1380
61 32 16914 1301
61 33 21296 1638
61 34 9340 718
61 35 23123 1778
61 36 11718 901
61 37 10112 777
61 38 8965 689
61 39 19164 1474
61 40 22957 1765
61 41 28730 2210
61 42 5818 447
61 43 7110 546
61 44 25869 1989
61 45 4985 383
61 46 14506 1115
61 47 20424 1571
61 48 8833 679
61 49 13505 1038
61 50 8152 627
61 51 3401 261
61 52 11918 916
61 53 29007 2231
61 54 28439 2187
61 55 27867 2143
61 56 10034 771
61 57 27428 2109
61 58 9549 734
61 59 12823 986
61 60 4443 341
61 61 0 0
61 62 29801 2292
61 63 1632 125
61 64 22716 1747
61 65 27786 2137
61 66 12683 975
61 67 8234 633
61 68 20543 1580
61 69 17370 1336
61 70 15025 1155
61 71 15642 1203
61 72 7337 564
61 73 24652 1896
61 74 5168 397
62 0 9759 750
62 1 27771 2136
62 2 6471 497
62 3 4809 369
62 4 22178 1706
62 5 16452 1265
62 6 22972 1767
62 7 1907 146
62 8 15022 1155
62 9 16518 1270
62 10 15474 1190
62 11 6215 478
62 12 22550 1734
62 13 4145 318
62 14 26406 2031
62 15 25519 1963
62 16 19261 1481
62 17 4644 357
62 18 5263 404
62 19 5804 446
62 20 19279 1483
62 21 4939 379
62 22 28553 2196
62 23 21366 1643
62 24 5543 426
62 25 15425 1186
62 26 884 68
62 27 10724 824
62 28 13212 1016
62 29 13965 1074
62 30 14005 1077
62 31 26511 2039
62 32 13277 1021
62 33 5061 389
62 34 5190 399
62 35 23381 1798
62 36 7523 578
62 37 3432 264
62 38 15401 1184
62 39 7298 561
62 40 12182 937
62 41 25892 1991
62 42 27154 2088
62 43 10996 845
62 44 5900 453
62 45 23121 1778
62 46 8956 688
62 47 14130 1086
62 48 25087 1929
62 49 17253 1327
62 50 12547 965
62 51 19085 1468
62 52 27205 2092
62 53 14998 1153
62 54 10291 791
62 55 20942 1610
62 56 5084 391
62 57 20544 1580
62 58 24751 1903
62 59 14470 1113
62 60 28743 2211
62 61 15126 1163
62 62 0 0
62 63 19873 1528
62 64 28873 2221
62 65 23468 1805
62 66 21277 1636
62 67 21291 1637
62 68 597 45
62 69 10626 817
62 70 29452 2265
62 71 1580 121
62 72 3922 301
62 73 4521 347
62 74 7730 594
63 0 12560 966
63 1 18174 1398
63 2 5241 403
63 3 12407 954
63 4 2938 226
63 5 10030 771
63 6 13662 1050
63 7 20126 1548
63 8 14977 1152
63 9 14101 1084
63 10 1538 118
63 11 26588 2045
63 12 25247 1942
63 13 11618 893
63 14 7637 587
63 15 27497 2115
63 16 26145 2011
63 17 23084 1775
63 18 7991 614
63 19 25736 1979
63 20 28358 2181
63 21 28068 2159
63 22 27920 2147
63 23 11591 891
63 24 22668 1743
63 25 29137 2241
63 26 17559 1350
63 27 28487 2191
63 28 29303 2254
63 29 14671 1128
63 30 20948 1611
63 31 15980 1229
63 32 6833 525
63 33 18562 1427
63 34 5100 392
63 35 26211 2016
63 36 22036 1695
63 37 25926 1994
63 38 18660 1435
63 39 4410 339
63 40 8618 662
63 41 3700 284
63 42 812 62
63 43 2850 219
63 44 15910 1223
63 45 15797 1215
63 46 6651 511
63 47 28646 2203
63 48 20171 1551
63 49 11186 860
63 50 3490 268
63 51 22791 1753
63 52 9410 723
63 53 8655 665
63 54 8481 652
63 55 5589 429
63 56 24409 1877
63 57 26959 2073
63 58 28537 2195
63 59 16247 1249
63 60 29497 2269
63 61 6092 468
63 62 18821 1447
63 63 0 0
63 64 6158 473
63 65 10361 797
63 66 9663 743
63 67 17495 1345
63 68 17533 1348
63 69 28076 2159
63 70 1417 109
63 71 27772 2136
63 72 27165 2089
63 73 6420 493
63 74 17647 1357
64 0 665 51
64 1 2656 204
64 2 19851 1527
64 3 24323 1871
64 4 14949 1149
64 5 7569 582
64 6 6265 481
64 7 7362 566
64 8 28916 2224
64 9 7871 605
64 10 22989 1768
64 11 1214 93
64 12 20340 1564
64 13 15480 1190
64 14 3872 297
64 15 4882 375
64 16 23044 1772
64 17 21583 1660
64 18 18044 1388
64 19 22633 1741
64 20 23983 1844
64 21 26835 2064
64 22 3721 286
64 23 17941 1380
64 24 23308 1792
64 25 2132 164
64 26 1944 149
64 27 1704 131
64 28 10103 777
64 29 15445 1188
64 30 12281 944
64 31 13498 1038
64 32 16381 1260
64 33 3543 272
64 34 19139 1472
64 35 3668 282
64 36 16118 1239
64 37 27063 2081
64 38 24067 1851
64 39 6239 479
64 40 726 55
64 41 8343 641
64 42 2900 223
64 43 22679 1744
64 44 14631 1125
64 45 12166 935
64 46 11847 911
64 47 14044 1080
64 48 9605 738
64 49 20749 1596
64 50 8687 668
64 51 11651 896
64 52 1888 145
64 53 2534 194
64 54 16308 1254
64 55 25245 1941
64 56 9543 734
64 57 4464 343
64 58 4638 356
64 59 29521 2270
64 60 7549 580
64 61 3888 299
64 62 19311 1485
64 63 11357 873
64 64 0 0
64 65 9173 705
64 66 23264 1789
64 67 18196 1399
64 68 14475 1113
64 69 28526 2194
64 70 18360 1412
64 71 15177 1167
64 72 25876 1990
64 73 18945 1457
64 74 14180 1090
65 0 18471 1420
65 1 11355 873
65 2 21014 1616
65 3 19219 1478
65 4 2538 195
65 5 22419 1724
65 6 19141 1472
65 7 13636 1048
65 8 13785 1060
65 9 13410 1031
65 10 16122 1240
65 11 5314 408
65 12 17200 1323
65 13 25601 1969
65 14 17680 1360
65 15 6988 537
65 16 29563 2274
65 17 7441 572
65 18 20069 1543
65 19 10804 831
65 20 13662 1050
65 21 28827 2217
65 22 6583 506
65 23 19465 1497
65 24 25698 1976
65 25 18676 1436
65 26 2910 223
65 27 3813 293
65 28 2716 208
65 29 14462 1112
65 30 27582 2121
65 31 2397 184
65 32 15900 1223
65 33 8550 657
65 34 25100 1930
65 35 21743 1672
65 36 25689 1976
65 37 4418 339
65 38 18683 1437
65 39 8002 615
65 40 9258 712
65 41 28052 2157
65 42 4501 346
65 43 19172 1474
65 44 6813 524
65 45 23827 1832
65 46 12407 954
65 47 19454 1496
65 48 1525 117
65 49 23614 1816
65 50 20375 1567
65 51 28477 2190
65 52 3195 245
65 53 6000 461
65 54 264 20
65 55 19510 1500
65 56 28067 2159
65 57 3605 277
65 58 24023 1847
65 59 19466 1497
65 60 19649 1511
65 61 5126 394
65 62 25209 1939
65 63 2772 213
65 64 9278 713
65 65 0 0
65 66 29223 2247
65 67 4039 310
65 68 25003 1923
65 69 26002 2000
65 70 22197 1707
65 71 2018 155
65 72 25344 1949
65 73 25596 1968
65 74 27140 2087
66 0 11337 872
66 1 5335 410
66 2 26317 2024
66 3 29275 2251
66 4 29603 2277
66 5 16678 1282
66 6 19183 1475
66 7 22300 1715
66 8 16282 1252
66 9 25826 1986
66 10 3004 231
66 11 27495 2115
66 12 2351 180
66 13 11308 869
66 14 12441 957
66 15 25665 1974
66 16 17128 1317
66 17 12022 924
66 18 17418 1339
66 19 3855 296
66 20 2880 221
66 21 4986 383
66 22 6630 510
66 23 9681 744
66 24 17941 1380
66 25 4736 364
66 26 9542 734
66 27 6575 505
66 28 8326 640
66 29 25349 1949
66 30 16942 1303
66 31 21359 1643
66 32 2588 199
66 33 16272 1251
66 34 12452 957
66 35 11843 911
66 36 29409 2262
66 37 9448 726
66 38 2291 176
66 39 12590 968
66 40 3901 300
66 41 12822 986
66 42 29799 2292
66 43 23805 1831
66 44 19606 1508
66 45 25028 1925
66 46 18178 1398
66 47 10492 807
66 48 21819 1678
66 49 4538 349
66 50 8442 649
66 51 22097 1699
66 52 28746 2211
66 53 14304 1100
66 54 23153 1781
66 55 19176 1475
66 56 2723 209
66 57 12009 923
66 58 18271 1405
66 59 15394 1184
66 60 24824 1909
66 61 7143 549
66 62 20906 1608
66 63 10672 820
66 64 17583 1352
66 65 818 62
66 66 0 0
66 67 6743 518
66 68 7876 605
66 69 6395 491
66 70 22759 1750
66 71 8538 656
66 72 766 58
66 73 29433 2264
66 74 17648 1357
67 0 16328 1256
67 1 4687 360
67 2 17245 1326
67 3 24529 1886
67 4 7785 598
67 5 1889 145
67 6 29812 2293
67 7 5491 422
67 8 4186 322
67 9 3005 231
67 10 21097 1622
67 11 3520 270
67 12 12517 962
67 13 1379 106
67 14 29229 2248
67 15 11044 849
67 16 620 47
67 17 9256 712
67 18 29548 2272
67 19 1512 116
67 20 7258 558
67 21 24370 1874
67 22 3717 285
67 23 8507 654
67 24 10016 770
67 25 6842 526
67 26 5468 420
67 27 9718 747
67 28 6090 468
67 29 26675 2051
67 30 24305 1869
67 31 7876 605
67 32 15514 1193
67 33 7117 547
67 34 23817 1832
67 35 17812 1370
67 36 11212 862
67 37 19051 1465
67 38 17812 1370
67 39 17533 1348
67 40 22485 1729
67 41 29616 2278
67 42 2724 209
67 43 14420 1109
67 44 19022 1463
67 45 6762 520
67 46 16934 1302
67 47 6922 532
67 48 23711 1823
67 49 2711 208
67 50 23994 1845
67 51 17221 1324
67 52 17709 1362
67 53 12124 932
67 54 11331 871
67 55 23723 1824
67 56 28268 2174
67 57 11562 889
67 58 14885 1145
67 59 9676 744
67 60 515 39
67 61 3743 287
67 62 2839 218
67 63 3300 253
67 64 25010 1923
67 65 16590 1276
67 66 12353 950
67 67 0 0
67 68 21828 1679
67 69 6009 462
67 70 23982 1844
67 71 20304 1561
67 72 23920 1840
67 73 16129 1240
67 74 10478 806
68 0 27221 2093
68 1 27067 2082
68 2 28517 2193
68 3 5383 414
68 4 257 19
68 5 1526 117
68 6 8940 687
68 7 27302 2100
68 8 2494 191
68 9 1668 128
68 10 22303 1715
68 11 27449 2111
68 12 29630 2279
68 13 25774 1982
68 14 15653 1204
68 15 7600 584
68 16 23888 1837
68 17 14120 1086
68 18 12397 953
68 19 2240 172
68 20 13080 1006
68 21 11403 877
68 22 25430 1956
68 23 11348 872
68 24 955 73
68 25 5331 410
68 26 9613 739
68 27 22576 1736
68 28 23407 1800
68 29 15318 1178
68 30 13583 1044
68 31 21881 1683
68 32 14632 1125
68 33 20407 1569
68 34 7979 613
68 35 22243 1711
68 36 17416 1339
68 37 27459 2112
68 38 23246 1788
68 39 22576 1736
68 40 21970 1690
68 41 17922 1378
68 42 4544 349
68 43 12577 967
68 44 12675 975
68 45 29510 2270
68 46 7290 560
68 47 22613 1739
68 48 5094 391
68 49 18709 1439
68 50 29241 2249
68 51 25878 1990
68 52 21987 1691
68 53 23392 1799
68 54 5836 448
68 55 23091 1776
68 56 14780 1136
68 57 19875 1528
68 58 139 10
68 59 22094 1699
68 60 2935 225
68 61 2092 160
68 62 2674 205
68 63 13053 1004
68 64 14713 1131
68 65 24750 1903
68 66 10174 782
68 67 12409 954
68 68 0 0
68 69 29996 2307
68 70 21657 1665
68 71 17493 1345
68 72 13666 1051
68 73 24001 1846
68 74 15408 1185
69 0 24121 1855
69 1 4240 326
69 2 10533 810
69 3 23909 1839
69 4 12451 957
69 5 28232 2171
69 6 19684 1514
69 7 24532 1887
69 8 3096 238
69 9 23921 1840
69 10 24167 1859
69 11 8680 667
69 12 6516 501
69 13 18047 1388
69 14 16900 1300
69 15 8171 628
69 16 1448 111
69 17 12466 958
69 18 27087 2083
69 19 17717 1362
69 20 27493 2114
69 21 8699 669
69 22 16048 1234
69 23 18140 1395
69 24 14344 1103
69 25 21284 1637
69 26 26898 2069
69 27 21921 1686
69 28 15859 1219
69 29 8172 628
69 30 14428 1109
69 31 15584 1198
69 32 25317 1947
69 33 13158 1012
69 34 14113 1085
69 35 29376 2259
69 36 20010 1539
69 37 8477 652
69 38 15922 1224
69 39 17115 1316
69 40 12584 968
69 41 2076 159
69 42 16012 1231
69 43 2043 157
69 44 23917 1839
69 45 2278 175
69 46 20836 1602
69 47 17725 1363
69 48 21071 1620
69 49 25957 1996
69 50 22103 1700
69 51 29047 2234
69 52 8163 627
69 53 25988 1999
69 54 5713 439
69 55 13498 1038
69 56 10724 824
69 57 27934 2148
69 58 17170 1320
69 59 4984 383
69 60 28013 2154
69 61 6428 494
69 62 25156 1935
69 63 9014 693
69 64 15739 1210
69 65 19648 1511
69 66 3941 303
69 67 5183 398
69 68 27965 2151
69 69 0 0
69 70 27040 2080
69 71 18800 1446
69 72 24810 1908
69 73 23897 1838
69 74 14551 1119
70 0 3591 276
70 1 16373 1259
70 2 27487 2114
70 3 6383 491
70 4 788 60
70 5 26042 2003
70 6 1822 140
70 7 3317 255
70 8 15859 1219
70 9 7902 607
70 10 16472 1267
70 11 1623 124
70 12 5176 398
70 13 4574 351
70 14 15590 1199
70 15 22327 1717
70 16 11924 917
70 17 987 75
70 18 7897 607
70 19 19620 1509
70 20 17049 1311
70 21 28032 2156
70 22 6949 534
70 23 10610 816
70 24 24977 1921
70 25 5640 433
70 26 25377 1952
70 27 25111 1931
70 28 9469 728
70 29 22694 1745
70 30 13447 1034
70 31 17906 1377
70 32 15886 1222
70 33 23883 1837
70 34 16054 1234
70 35 10768 828
70 36 859 66
70 37 21072 1620
70 38 29973 2305
70 39 12602 969
70 40 16000 1230
70 41 24465 1881
70 42 19631 1510
70 43 21629 1663
70 44 27935 2148
70 45 26460 2035
70 46 7854 604
70 47 21686 1668
70 48 13820 1063
70 49 7758 596
70 50 29681 2283
70 51 2032 156
70 52 4867 374
70 53 10508 808
70 54 28047 2157
70 55 21023 1617
70 56 2079 159
70 57 26455 2035
70 58 17708 1362
70 59 24541 1887
70 60 26013 2001
70 61 29992 2307
70 62 19805 1523
70 63 22415 1724
70 64 24435 1879
70 65 26625 2048
70 66 3106 238
70 67 8570 659
70 68 3886 298
70 69 26441 2033
70 70 0 0
70 71 22026 1694
70 72 2478 190
70 73 4105 315
70 74 6415 493
71 0 12679 975
71 1 5589 429
71 2 5118 393
71 3 21725 1671
71 4 16495 1268
71 5 20695 1591
71 6 25985 1998
71 7 17626 1355
71 8 18933 1456
71 9 3439 264
71 10 14403 1107
71 11 18623 1432
71 12 6718 516
71 13 22524 1732
71 14 11660 896
71 15 2891 222
71 16 11271 867
71 17 7711 593
71 18 20242 1557
71 19 23557 1812
71 20 29853 2296
71 21 15994 1230
71 22 5336 410
71 23 7328 563
71 24 20310 1562
71 25 28543 2195
71 26 26220 2016
71 27 21296 1638
71 28 12810 985
71 29 25355 1950
71 30 17932 1379
71 31 12824 986
71 32 16384 1260
71 33 19076 1467
71 34 3855 296
71 35 19763 1520
71 36 13454 1034
71 37 13177 1013
71 38 24483 1883
71 39 23246 1788
71 40 1906 146
71 41 11835 910
71 42 10918 839
71 43 25269 1943
71 44 14189 1091
71 45 7940 610
71 46 28463 2189
71 47 9235 710
71 48 15614 1201
71 49 16324 1255
71 50 18527 1425
71 51 4892 376
71 52 27924 2148
71 53 10273 790
71 54 15561 1197
71 55 23020 1770
71 56 17966 1382
71 57 7711 593
71 58 18398 1415
71 59 11130 856
71 60 4568 351
71 61 13170 1013
71 62 17196 1322
71 63 4850 373
71 64 13271 1020
71 65 24056 1850
71 66 826 63
71 67 11793 907
71 68 2000 153
71 69 24988 1922
71 70 27072 2082
71 71 0 0
71 72 10221 786
71 73 14932 1148
71 74 459 35
72 0 29034 2233
72 1 24853 1911
72 2 11550 888
72 3 1551 119
72 4 18076 1390
72 5 3619 278
72 6 16563 1274
72 7 7419 570
72 8 20234 1556
72 9 28050 2157
72 10 27520 2116
72 11 16599 1276
72 12 7338 564
72 13 22706 1746
72 14 16740 1287
72 15 204 15
72 16 4569 351
72 17 25463 1958
72 18 1120 86
72 19 2229 171
72 20 946 72
72 21 18933 1456
72 22 18338 1410
72 23 4434 341
72 24 20097 1545
72 25 4000 307
72 26 14810 1139
72 27 21496 1653
72 28 358 27
72 29 28599 2199
72 30 815 62
72 31 18250 1403
72 32 11936 918
72 33 27036 2079
72 34 4990 383
72 35 8076 621
72 36 24068 1851
72 37 9945 765
72 38 15762 1212
72 39 3134 241
72 40 18404 1415
72 41 19271 1482
72 42 24833 1910
72 43 1099 84
72 44 14355 1104
72 45 24573 1890
72 46 19085 1468
72 47 8414 647
72 48 3066 235
72 49 21673 1667
72 50 7382 567
72 51 11736 902
72 52 9225 709
72 53 14413 1108
72 54 7031 540
72 55 25492 1960
72 56 11756 904
72 57 4038 310
72 58 23496 1807
72 59 3528 271
72 60 18554 1427
72 61 23452 1804
72 62 11769 905
72 63 14616 1124
72 64 22584 1737
72 65 17723 1363
72 66 18558 1427
72 67 26587 2045
72 68 3450 265
72 69 7616 585
72 70 12866 989
72 71 28810 2216
72 72 0 0
72 73 22579 1736
72 74 12805 985
73 0 6076 467
73 1 29004 2231
73 2 197 15
73 3 9434 725
73 4 10619 816
73 5 8846 680
73 6 15694 1207
73 7 15245 1172
73 8 5258 404
73 9 25646 1972
73 10 7804 600
73 11 16475 1267
73 12 20532 1579
73 13 13727 1055
73 14 1947 149
73 15 10516 808
73 16 23154 1781
73 17 24174 1859
73 18 20142 1549
73 19 924 71
73 20 3882 298
73 21 2406 185
73 22 11189 860
73 23 12506 962
73 24 8963 689
73 25 430 33
73 26 20977 1613
73 27 23140 1780
73 28 5400 415
73 29 18814 1447
73 30 17041 1310
73 31 4937 379
73 32 24506 1885
73 33 7268 559
73 34 4723 363
73 35 4152 319
73 36 23420 1801
73 37 25151 1934
73 38 27742 2134
73 39 5521 424
73 40 8504 654
73 41 8590 660
73 42 13402 1030
73 43 491 37
73 44 20039 1541
73 45 13332 1025
73 46 3093 237
73 47 23418 1801
73 48 159 12
73 49 13319 1024
73 50 20354 1565
73 51 28369 2182
73 52 23660 1820
73 53 24181 1860
73 54 3712 285
73 55 11597 892
73 56 26283 2021
73 57 14453 1111
73 58 20860 1604
73 59 5755 442
73 60 26703 2054
73 61 27352 2104
73 62 23458 1804
73 63 24831 1910
73 64 15632 1202
73 65 8798 676
73 66 16960 1304
73 67 1653 127
73 68 18923 1455
73 69 3900 300
73 70 15766 1212
73 71 4760 366
73 72 26188 2014
73 73 0 0
73 74 19048 1465
74 0 26321 2024
74 1 19198 1476
74 2 28005 2154
74 3 6949 534
74 4 15743 1211
74 5 15021 1155
74 6 14642 1126
74 7 4079 313
74 8 27307 2100
74 9 10981 844
74 10 7942 610
74 11 26248 2019
74 12 25604 1969
74 13 1281 98
74 14 5080 390
74 15 25888 1991
74 16 7653 588
74 17 16853 1296
74 18 8891 683
74 19 22096 1699
74 20 28035 2156
74 21 22853 1757
74 22 24747 1903
74 23 17909 1377
74 24 20946 1611
74 25 27042 2080
74 26 27516 2116
74 27 19137 1472
74 28 16673 1282
74 29 493 37
74 30 14618 1124
74 31 4728 363
74 32 27430 2110
74 33 13527 1040
74 34 15778 1213
74 35 27776 2136
74 36 9678 744
74 37 1164 89
74 38 2199 169
74 39 24137 1856
74 40 7282 560
74 41 15529 1194
74 42 25586 1968
74 43 6057 465
74 44 24988 1922
74 45 4641 357
74 46 5500 423
74 47 13520 1040
74 48 17702 1361
74 49 16447 1265
74 50 18414 1416
74 51 19847 1526
74 52 5560 427
74 53 18123 1394
74 54 29813 2293
74 55 23421 1801
74 56 3967 305
74 57 7281 560
74 58 489 37
74 59 11748 903
74 60 21101 1623
74 61 850 65
74 62 18975 1459
74 63 25086 1929
74 64 14090 1083
74 65 904 69
74 66 5987 460
74 67 4767 366
74 68 5747 442
74 69 884 68
74 70 27383 2106
74 71 445 34
74 72 8196 630
74 73 22070 1697
74 74 0 0
