75
957 6065
1149 9590
1016 8577
1096 9793
784 6886
1032 7440
993 5492
796 8292
840 8623
995 9239
817 5611
1200 6377
741 9154
1004 5474
867 9216
837 9706
887 6481
944 7556
906 6678
1152 8634
1025 6345
1067 8278
825 7958
1170 5583
1045 8174
1098 5260
990 9637
1015 5637
736 8415
891 5289
706 7048
1037 5911
1093 9530
711 6400
1102 7597
839 7977
957 8687
905 5140
747 6621
764 9007
929 5771
764 9053
745 9367
818 6756
1007 5608
673 6135
1121 6922
1074 5353
655 8240
732 5515
931 5062
1047 9788
1114 5035
888 7987
776 9202
929 5887
1148 5784
829 5715
1155 9693
829 7762
1020 9389
1134 8883
1085 5246
629 7488
695 7727
1026 9957
936 9495
740 8306
1083 5325
1076 5189
1149 6066
1024 7309
1128 5035
687 8392
953 9573
0 0 0 0
0 1 24922 1917
0 2 15327 1179
0 3 9658 742
0 4 8205 631
0 5 15825 1217
0 6 4794 368
0 7 16928 1302
0 8 28299 2176
0 9 9417 724
0 10 1861 143
0 11 7511 577
0 12 19491 1499
0 13 26015 2001
0 14 16666 1282
0 15 21377 1644
0 16 345 26
0 17 20675 1590
0 18 28616 2201
0 19 28907 2223
0 20 25361 1950
0 21 22458 1727
0 22 8408 646
0 23 28486 2191
0 24 23769 1828
0 25 3457 265
0 26 26008 2000
0 27 15680 1206
0 28 22741 1749
0 29 3517 270
0 30 14431 1110
0 31 17774 1367
0 32 22966 1766
0 33 21985 1691
0 34 8354 642
0 35 27286 2098
0 36 10897 838
0 37 13692 1053
0 38 3002 230
0 39 7461 573
0 40 15171 1167
0 41 18442 1418
0 42 20400 1569
0 43 13716 1055
0 44 28265 2174
0 45 9088 699
0 46 3141 241
0 47 17585 1352
0 48 10440 803
0 49 23734 1825
0 50 14201 1092
0 51 13640 1049
0 52 9831 756
0 53 23761 1827
0 54 21557 1658
0 55 14542 1118
0 56 14806 1138
0 57 7394 568
0 58 9544 734
0 59 19783 1521
0 60 20272 1559
0 61 1400 107
0 62 4472 344
0 63 9756 750
0 64 13858 1066
0 65 28368 2182
0 66 3986 306
0 67 7868 605
0 68 4282 329
0 69 1630 125
0 70 25894 1991
0 71 13349 1026
0 72 411 31
0 73 14425 1109
0 74 23707 1823
1 0 6187 475
1 1 0 0
1 2 1235 95
1 3 26643 2049
1 4 24776 1905
1 5 1587 122
1 6 9863 758
1 7 14250 1096
1 8 26316 2024
1 9 10752 827
1 10 26846 2065
1 11 9798 753
1 12 12710 977
1 13 10187 783
1 14 2718 209
1 15 19377 1490
1 16 19811 1523
1 17 218 16
1 18 16629 1279
1 19 23187 1783
1 20 18793 1445
1 21 27997 2153
1 22 8875 682
1 23 13786 1060
1 24 15087 1160
1 25 2118 162
1 26 27430 2110
1 27 16705 1285
1 28 590 45
1 29 22874 1759
1 30 22888 1760
1 31 7663 589
1 32 11656 896
1 33 12585 968
1 34 9354 719
1 35 10285 791
1 36 17474 1344
1 37 29459 2266
1 38 10235 787
1 39 1600 123
1 40 7459 573
1 41 20989 1614
1 42 21870 1682
1 43 28078 2159
1 44 2330 179
1 45 11988 922
1 46 23893 1837
1 47 25362 1950
1 48 14131 1087
1 49 15176 1167
1 50 15916 1224
1 51 29681 2283
1 52 5931 456
1 53 15318 1178
1 54 21632 1664
1 55 21479 1652
1 56 17417 1339
1 57 25041 1926
1 58 5575 428
1 59 17311 1331
1 60 16505 1269
1 61 15334 1179
1 62 5421 417
1 63 28660 2204
1 64 11585 891
1 65 21748 1672
1 66 12612 970
1 67 27153 2088
1 68 9835 756
1 69 25850 1988
1 70 29741 2287
1 71 19429 1494
1 72 14286 1098
1 73 20820 1601
1 74 15056 1158
2 0 24332 1871
2 1 7738 595
2 2 0 0
2 3 19119 1470
2 4 13882 1067
2 5 27970 2151
2 6 2968 228
2 7 11876 913
2 8 12274 944
2 9 9864 758
2 10 28666 2205
2 11 17502 1346
2 12 16063 1235
2 13 26986 2075
2 14 26171 2013
2 15 14949 1149
2 16 17489 1345
2 17 21406 1646
2 18 18077 1390
2 19 6626 509
2 20 12003 923
2 21 28471 2190
2 22 10295 791
2 23 11456 881
2 24 4885 375
2 25 10709 823
2 26 14787 1137
2 27 9617 739
2 28 19362 1489
2 29 24800 1907
2 30 13518 1039
2 31 18091 1391
2 32 862 66
2 33 29081 2237
2 34 17599 1353
2 35 28226 2171
2 36 2767 212
2 37 18074 1390
2 38 1419 109
2 39 10557 812
2 40 6268 482
2 41 17074 1313
2 42 785 60
2 43 14573 1121
2 44 8077 621
2 45 3410 262
2 46 23027 1771
2 47 5034 387
2 48 21999 1692
2 49 12056 927
2 50 20130 1548
2 51 28431 2187
2 52 203 15
2 53 19144 1472
2 54 21128 1625
2 55 9119 701
2 56 20094 1545
2 57 8544 657
2 58 17202 1323
2 59 6330 486
2 60 8294 638
2 61 25401 1953
2 62 5874 451
2 63 18134 1394
2 64 11018 847
2 65 28894 2222
2 66 1847 142
2 67 315 24
2 68 5086 391
2 69 5680 436
2 70 29239 2249
2 71 27657 2127
2 72 18679 1436
2 73 6916 532
2 74 4589 353
3 0 28728 2209
3 1 7516 578
3 2 7918 609
3 3 0 0
3 4 22409 1723
3 5 749 57
3 6 20542 1580
3 7 12711 977
3 8 8672 667
3 9 7759 596
3 10 24085 1852
3 11 14060 1081
3 12 1755 135
3 13 21125 1625
3 14 12845 988
3 15 2585 198
3 16 24456 1881
3 17 28161 2166
3 18 9365 720
3 19 15999 1230
3 20 5296 407
3 21 24772 1905
3 22 5881 452
3 23 20794 1599
3 24 13700 1053
3 25 25924 1994
3 26 10478 806
3 27 21408 1646
3 28 2831 217
3 29 9249 711
3 30 24293 1868
3 31 12474 959
3 32 22041 1695
3 33 15802 1215
3 34 7071 543
3 35 25052 1927
3 36 1423 109
3 37 1668 128
3 38 20411 1570
3 39 27548 2119
3 40 13569 1043
3 41 13702 1054
3 42 623 47
3 43 29663 2281
3 44 24271 1867
3 45 26969 2074
3 46 3699 284
3 47 24825 1909
3 48 17659 1358
3 49 19791 1522
3 50 8590 660
3 51 9722 747
3 52 23450 1803
3 53 29001 2230
3 54 13536 1041
3 55 13196 1015
3 56 10926 840
3 57 530 40
3 58 14711 1131
3 59 19631 1510
3 60 8792 676
3 61 11326 871
3 62 25125 1932
3 63 7427 571
3 64 7211 554
3 65 8667 666
3 66 9007 692
3 67 3357 258
3 68 16122 1240
3 69 21747 1672
3 70 25023 1924
3 71 9383 721
3 72 9747 749
3 73 18119 1393
3 74 25423 1955
4 0 6999 538
4 1 7984 614
4 2 1026 78
4 3 4543 349
4 4 0 0
4 5 9305 715
4 6 21066 1620
4 7 14897 1145
4 8 1094 84
4 9 13611 1047
4 10 23794 1830
4 11 8344 641
4 12 17418 1339
4 13 22772 1751
4 14 27225 2094
4 15 16792 1291
4 16 25186 1937
4 17 29443 2264
4 18 8361 643
4 19 13418 1032
4 20 27031 2079
4 21 27881 2144
4 22 1025 78
4 23 20699 1592
4 24 4199 323
4 25 19893 1530
4 26 20087 1545
4 27 21549 1657
4 28 21077 1621
4 29 16784 1291
4 30 535 41
4 31 10202 784
4 32 13487 1037
4 33 3504 269
4 34 29585 2275
4 35 6382 490
4 36 17301 1330
4 37 10517 809
4 38 7420 570
4 39 27916 2147
4 40 2911 223
4 41 7210 554
4 42 16702 1284
4 43 9810 754
4 44 8896 684
4 45 9639 741
4 46 7820 601
4 47 8491 653
4 48 7534 579
4 49 16952 1304
4 50 9743 749
4 51 16114 1239
4 52 23773 1828
4 53 7864 604
4 54 20289 1560
4 55 23787 1829
4 56 9815 755
4 57 24555 1888
4 58 6064 466
4 59 4060 312
4 60 17447 1342
4 61 9328 717
4 62 22162 1704
4 63 26837 2064
4 64 11721 901
4 65 4921 378
4 66 23256 1788
4 67 25073 1928
4 68 25505 1961
4 69 16324 1255
4 70 8456 650
4 71 8438 649
4 72 25132 1933
4 73 1049 80
4 74 12903 992
5 0 21212 1631
5 1 11838 910
5 2 12671 974
5 3 1109 85
5 4 27327 2102
5 5 0 0
5 6 27958 2150
5 7 25734 1979
5 8 13897 1069
5 9 26507 2039
5 10 17996 1384
5 11 1061 81
5 12 4775 367
5 13 16309 1254
5 14 8935 687
5 15 21035 1618
5 16 14483 1114
5 17 9085 698
5 18 27985 2152
5 19 5648 434
5 20 9062 697
5 21 22152 1704
5 22 16683 1283
5 23 11785 906
5 24 8246 634
5 25 4902 377
5 26 4528 348
5 27 29178 2244
5 28 7392 568
5 29 26536 2041
5 30 18182 1398
5 31 22169 1705
5 32 4242 326
5 33 21022 1617
5 34 16512 1270
5 35 16775 1290
5 36 16057 1235
5 37 1129 86
5 38 26766 2058
5 39 12936 995
5 40 7248 557
5 41 8865 681
5 42 11349 873
5 43 22179 1706
5 44 3110 239
5 45 20728 1594
5 46 23636 1818
5 47 12654 973
5 48 27353 2104
5 49 5444 418
5 50 25666 1974
5 51 6413 493
5 52 3609 277
5 53 370 28
5 54 19070 1466
5 55 6022 463
5 56 26258 2019
5 57 12508 962
5 58 23627 1817
5 59 25658 1973
5 60 10247 788
5 61 537 41
5 62 3487 268
5 63 10362 797
5 64 18761 1443
5 65 20079 1544
5 66 4443 341
5 67 29773 2290
5 68 1105 85
5 69 19839 1526
5 70 996 76
5 71 20428 1571
5 72 15045 1157
5 73 11961 920
5 74 1551 119
6 0 28279 2175
6 1 3582 275
6 2 8257 635
6 3 14385 1106
6 4 16432 1264
6 5 26714 2054
6 6 0 0
6 7 10920 840
6 8 24462 1881
6 9 22343 1718
6 10 12481 960
6 11 22626 1740
6 12 21742 1672
6 13 3707 285
6 14 9104 700
6 15 23654 1819
6 16 3411 262
6 17 20516 1578
6 18 10445 803
6 19 11968 920
6 20 7503 577
6 21 24327 1871
6 22 11926 917
6 23 1740 133
6 24 17009 1308
6 25 18348 1411
6 26 15910 1223
6 27 21513 1654
6 28 11434 879
6 29 29381 2260
6 30 5424 417
6 31 3075 236
6 32 20802 1600
6 33 1979 152
6 34 26365 2028
6 35 19553 1504
6 36 2932 225
6 37 17370 1336
6 38 1786 137
6 39 5306 408
6 40 15910 1223
6 41 21153 1627
6 42 22244 1711
6 43 11228 863
6 44 16733 1287
6 45 19771 1520
6 46 28908 2223
6 47 22086 1698
6 48 2606 200
6 49 5791 445
6 50 25232 1940
6 51 21655 1665
6 52 22970 1766
6 53 5137 395
6 54 18119 1393
6 55 24911 1916
6 56 20687 1591
6 57 26718 2055
6 58 23665 1820
6 59 23597 1815
6 60 10570 813
6 61 5898 453
6 62 10491 807
6 63 13676 1052
6 64 19312 1485
6 65 7992 614
6 66 15816 1216
6 67 10684 821
6 68 24463 1881
6 69 14999 1153
6 70 20806 1600
6 71 15438 1187
6 72 21278 1636
6 73 20484 1575
6 74 4549 349
7 0 8483 652
7 1 1326 102
7 2 27555 2119
7 3 1179 90
7 4 12380 952
7 5 7603 584
7 6 17673 1359
7 7 0 0
7 8 2655 204
7 9 14121 1086
7 10 18194 1399
7 11 20947 1611
7 12 3971 305
7 13 3505 269
7 14 26212 2016
7 15 24598 1892
7 16 8655 665
7 17 15185 1168
7 18 16841 1295
7 19 4611 354
7 20 16192 1245
7 21 4801 369
7 22 15810 1216
7 23 8460 650
7 24 16147 1242
7 25 22005 1692
7 26 3631 279
7 27 8470 651
7 28 14570 1120
7 29 16378 1259
7 30 4787 368
7 31 16735 1287
7 32 3787 291
7 33 26256 2019
7 34 21902 1684
7 35 29439 2264
7 36 6994 538
7 37 9099 699
7 38 716 55
7 39 27625 2125
7 40 24208 1862
7 41 27013 2077
7 42 29428 2263
7 43 9404 723
7 44 7889 606
7 45 18608 1431
7 46 4511 347
7 47 7413 570
7 48 14149 1088
7 49 7655 588
7 50 3690 283
7 51 7391 568
7 52 981 75
7 53 12890 991
7 54 3158 242
7 55 2488 191
7 56 26098 2007
7 57 29188 2245
7 58 13914 1070
7 59 17675 1359
7 60 2547 195
7 61 4566 351
7 62 1110 85
7 63 25857 1989
7 64 6081 467
7 65 5032 387
7 66 14902 1146
7 67 16189 1245
7 68 28171 2167
7 69 19227 1479
7 70 24438 1879
7 71 27236 2095
7 72 819 63
7 73 16457 1265
7 74 14758 1135
8 0 8007 615
8 1 16700 1284
8 2 28197 2169
8 3 22388 1722
8 4 5866 451
8 5 6525 501
8 6 16553 1273
8 7 5128 394
8 8 0 0
8 9 2120 163
8 10 2823 217
8 11 3415 262
8 12 23616 1816
8 13 28739 2210
8 14 24099 1853
8 15 18084 1391
8 16 12236 941
8 17 1958 150
8 18 23114 1778
8 19 10847 834
8 20 4910 377
8 21 3858 296
8 22 13915 1070
8 23 15213 1170
8 24 748 57
8 25 1253 96
8 26 8409 646
8 27 16626 1278
8 28 6244 480
8 29 2815 216
8 30 2206 169
8 31 17467 1343
8 32 13392 1030
8 33 28522 2194
8 34 13872 1067
8 35 5933 456
8 36 14185 1091
8 37 27290 2099
8 38 26366 2028
8 39 6660 512
8 40 25239 1941
8 41 11342 872
8 42 17701 1361
8 43 9497 730
8 44 13742 1057
8 45 15363 1181
8 46 29623 2278
8 47 13841 1064
8 48 327 25
8 49 12955 996
8 50 2950 226
8 51 11403 877
8 52 19368 1489
8 53 10679 821
8 54 20277 1559
8 55 24568 1889
8 56 6011 462
8 57 21412 1647
8 58 11981 921
8 59 3092 237
8 60 368 28
8 61 12570 966
8 62 1183 91
8 63 29270 2251
8 64 6673 513
8 65 27261 2097
8 66 1569 120
8 67 22274 1713
8 68 7074 544
8 69 7919 609
8 70 5381 413
8 71 11666 897
8 72 10265 789
8 73 6324 486
8 74 24108 1854
9 0 19514 1501
9 1 23671 1820
9 2 9387 722
9 3 23138 1779
9 4 5021 386
9 5 3436 264
9 6 16286 1252
9 7 9418 724
9 8 3794 291
9 9 0 0
9 10 24295 1868
9 11 27129 2086
9 12 23000 1769
9 13 26573 2044
9 14 12023 924
9 15 7585 583
9 16 25880 1990
9 17 23827 1832
9 18 25912 1993
9 19 17233 1325
9 20 21093 1622
9 21 19466 1497
9 22 21382 1644
9 23 8503 654
9 24 2166 166
9 25 19916 1532
9 26 17728 1363
9 27 23453 1804
9 28 9028 694
9 29 25650 1973
9 30 15718 1209
9 31 15155 1165
9 32 16489 1268
9 33 28624 2201
9 34 16671 1282
9 35 24274 1867
9 36 23680 1821
9 37 17931 1379
9 38 9121 701
9 39 5482 421
9 40 19332 1487
9 41 3661 281
9 42 25540 1964
9 43 27826 2140
9 44 11263 866
9 45 19686 1514
9 46 1363 104
9 47 29461 2266
9 48 10435 802
9 49 25206 1938
9 50 21042 1618
9 51 9372 720
9 52 5290 406
9 53 13842 1064
9 54 28643 2203
9 55 4098 315
9 56 9667 743
9 57 25983 1998
9 58 20602 1584
9 59 18396 1415
9 60 23194 1784
9 61 6663 512
9 62 14224 1094
9 63 6324 486
9 64 14122 1086
9 65 4326 332
9 66 10869 836
9 67 26738 2056
9 68 14482 1114
9 69 23211 1785
9 70 20529 1579
9 71 6271 482
9 72 23095 1776
9 73 28886 2222
9 74 6681 513
10 0 15313 1177
10 1 17725 1363
10 2 24674 1898
10 3 24167 1859
10 4 26077 2005
10 5 1098 84
10 6 23468 1805
10 7 6610 508
10 8 16887 1299
10 9 8586 660
10 10 0 0
10 11 10840 833
10 12 1824 140
10 13 28672 2205
10 14 12079 929
10 15 27378 2106
10 16 22224 1709
10 17 18491 1422
10 18 28708 2208
10 19 25908 1992
10 20 6495 499
10 21 3013 231
10 22 26847 2065
10 23 10877 836
10 24 3183 244
10 25 6409 493
10 26 13407 1031
10 27 16559 1273
10 28 3989 306
10 29 16487 1268
10 30 754 58
10 31 18376 1413
10 32 19742 1518
10 33 5924 455
10 34 15867 1220
10 35 4309 331
10 36 23060 1773
10 37 8782 675
10 38 25859 1989
10 39 7717 593
10 40 7845 603
10 41 14814 1139
10 42 19556 1504
10 43 6728 517
10 44 24317 1870
10 45 6756 519
10 46 21408 1646
10 47 29476 2267
10 48 7544 580
10 49 6207 477
10 50 5530 425
10 51 19286 1483
10 52 17696 1361
10 53 28104 2161
10 54 26182 2014
10 55 27631 2125
10 56 8867 682
10 57 15533 1194
10 58 7875 605
10 59 16687 1283
10 60 23798 1830
10 61 14627 1125
10 62 27849 2142
10 63 18723 1440
10 64 9709 746
10 65 13846 1065
10 66 28620 2201
10 67 25828 1986
10 68 8880 683
10 69 14541 1118
10 70 7178 552
10 71 28088 2160
10 72 26862 2066
10 73 4557 350
10 74 19901 1530
11 0 17760 1366
11 1 17648 1357
11 2 10707 823
11 3 28354 2181
11 4 25837 1987
11 5 11040 849
11 6 1677 129
11 7 6015 462
11 8 28240 2172
11 9 28010 2154
11 10 5121 393
11 11 0 0
11 12 18862 1450
11 13 21742 1672
11 14 7966 612
11 15 3257 250
11 16 24214 1862
11 17 4657 358
11 18 4718 362
11 19 23090 1776
11 20 18437 1418
11 21 8959 689
11 22 8305 638
11 23 7108 546
11 24 7727 594
11 25 22777 1752
11 26 15947 1226
11 27 5375 413
11 28 21085 1621
11 29 28206 2169
11 30 9201 707
11 31 19061 1466
11 32 8623 663
11 33 28964 2228
11 34 28830 2217
11 35 13778 1059
11 36 22552 1734
11 37 12548 965
11 38 10027 771
11 39 9051 696
11 40 14939 1149
11 41 29398 2261
11 42 1122 86
11 43 26130 2010
11 44 14478 1113
11 45 13155 1011
11 46 24945 1918
11 47 6496 499
11 48 9434 725
11 49 23251 1788
11 50 6685 514
11 51 8862 681
11 52 19148 1472
11 53 28559 2196
11 54 15374 1182
11 55 7932 610
11 56 5148 396
11 57 14568 1120
11 58 26707 2054
11 59 25781 1983
11 60 17407 1339
11 61 20786 1598
11 62 11558 889
11 63 16410 1262
11 64 19696 1515
11 65 22759 1750
11 66 29742 2287
11 67 19693 1514
11 68 4075 313
11 69 29362 2258
11 70 11372 874
11 71 8582 660
11 72 534 41
11 73 6297 484
11 74 8550 657
12 0 4615 355
12 1 1085 83
12 2 7926 609
12 3 29640 2280
12 4 4985 383
12 5 25393 1953
12 6 12082 929
12 7 2539 195
12 8 2960 227
12 9 21371 1643
12 10 3667 282
12 11 18820 1447
12 12 0 0
12 13 24651 1896
12 14 15144 1164
12 15 28970 2228
12 16 29702 2284
12 17 25608 1969
12 18 23442 1803
12 19 13441 1033
12 20 5359 412
12 21 15813 1216
12 22 25704 1977
12 23 26843 2064
12 24 1484 114
12 25 3697 284
12 26 8916 685
12 27 28957 2227
12 28 24382 1875
12 29 8751 673
12 30 3429 263
12 31 5052 388
12 32 29483 2267
12 33 11724 901
12 34 17382 1337
12 35 3461 266
12 36 25173 1936
12 37 10989 845
12 38 4789 368
12 39 9072 697
12 40 15315 1178
12 41 24252 1865
12 42 26499 2038
12 43 14736 1133
12 44 23814 1831
12 45 23749 1826
12 46 27027 2079
12 47 10938 841
12 48 20697 1592
12 49 3223 247
12 50 13911 1070
12 51 19798 1522
12 52 22402 1723
12 53 14791 1137
12 54 8336 641
12 55 28049 2157
12 56 20114 1547
12 57 10447 803
12 58 4164 320
12 59 14122 1086
12 60 935 71
12 61 8781 675
12 62 29189 2245
12 63 26817 2062
12 64 20040 1541
12 65 12228 940
12 66 24007 1846
12 67 28224 2171
12 68 22638 1741
12 69 12593 968
12 70 23580 1813
12 71 24643 1895
12 72 7428 571
12 73 15892 1222
12 74 11329 871
13 0 27166 2089
13 1 25265 1943
13 2 22335 1718
13 3 21418 1647
13 4 26516 2039
13 5 5268 405
13 6 28284 2175
13 7 27552 2119
13 8 25581 1967
13 9 10582 814
13 10 24041 1849
13 11 26302 2023
13 12 10648 819
13 13 0 0
13 14 25239 1941
13 15 14343 1103
13 16 12712 977
13 17 29230 2248
13 18 5664 435
13 19 2661 204
13 20 18400 1415
13 21 1353 104
13 22 432 33
13 23 14072 1082
13 24 14397 1107
13 25 18098 1392
13 26 14580 1121
13 27 12772 982
13 28 7352 565
13 29 19414 1493
13 30 2793 214
13 31 16162 1243
13 32 28889 2222
13 33 29081 2237
13 34 28658 2204
13 35 13539 1041
13 36 15136 1164
13 37 6925 532
13 38 24903 1915
13 39 13491 1037
13 40 2455 188
13 41 15397 1184
13 42 17266 1328
13 43 17177 1321
13 44 18602 1430
13 45 5781 444
13 46 13744 1057
13 47 16105 1238
13 48 16569 1274
13 49 22494 1730
13 50 201 15
13 51 9693 745
13 52 2622 201
13 53 26347 2026
13 54 17313 1331
13 55 235 18
13 56 6459 496
13 57 13864 1066
13 58 11923 917
13 59 3733 287
13 60 1908 146
13 61 28287 2175
13 62 23488 1806
13 63 11007 846
13 64 24010 1846
13 65 15269 1174
13 66 1149 88
13 67 2941 226
13 68 19642 1510
13 69 20740 1595
13 70 18151 1396
13 71 1235 95
13 72 2810 216
13 73 18801 1446
13 74 5721 440
14 0 1335 102
14 1 10280 790
14 2 24827 1909
14 3 16131 1240
14 4 23708 1823
14 5 11501 884
14 6 5396 415
14 7 6619 509
14 8 8388 645
14 9 25461 1958
14 10 10790 830
14 11 14633 1125
14 12 26642 2049
14 13 11140 856
14 14 0 0
14 15 29914 2301
14 16 5262 404
14 17 6595 507
14 18 16493 1268
14 19 11109 854
14 20 19184 1475
14 21 21687 1668
14 22 24158 1858
14 23 21774 1674
14 24 24494 1884
14 25 8249 634
14 26 29747 2288
14 27 3332 256
14 28 28514 2193
14 29 28106 2162
14 30 22569 1736
14 31 25519 1963
14 32 25742 1980
14 33 20377 1567
14 34 15037 1156
14 35 23453 1804
14 36 20804 1600
14 37 15114 1162
14 38 13715 1055
14 39 4543 349
14 40 21312 1639
14 41 24200 1861
14 42 29280 2252
14 43 23654 1819
14 44 20187 1552
14 45 20628 1586
14 46 28268 2174
14 47 23301 1792
14 48 3891 299
14 49 13393 1030
14 50 16319 1255
14 51 4114 316
14 52 17105 1315
14 53 24002 1846
14 54 22423 1724
14 55 575 44
14 56 27691 2130
14 57 8961 689
14 58 3079 236
14 59 11825 909
14 60 19446 1495
14 61 27280 2098
14 62 5602 430
14 63 8922 686
14 64 14984 1152
14 65 4057 312
14 66 11722 901
14 67 5240 403
14 68 21335 1641
14 69 29970 2305
14 70 25724 1978
14 71 29411 2262
14 72 12160 935
14 73 9513 731
14 74 18429 1417
15 0 29380 2260
15 1 3992 307
15 2 22517 1732
15 3 7757 596
15 4 6615 508
15 5 19184 1475
15 6 17669 1359
15 7 19231 1479
15 8 11182 860
15 9 14502 1115
15 10 5482 421
15 11 17008 1308
15 12 9871 759
15 13 17176 1321
15 14 2833 217
15 15 0 0
15 16 209 16
15 17 26905 2069
15 18 17566 1351
15 19 3206 246
15 20 14571 1120
15 21 9721 747
15 22 22670 1743
15 23 25922 1994
15 24 4123 317
15 25 25025 1925
15 26 8937 687
15 27 16008 1231
15 28 19652 1511
15 29 18659 1435
15 30 6928 532
15 31 9782 752
15 32 9316 716
15 33 6545 503
15 34 27797 2138
15 35 11753 904
15 36 23176 1782
15 37 19944 1534
15 38 22333 1717
15 39 3236 248
15 40 19493 1499
15 41 10545 811
15 42 29247 2249
15 43 12550 965
15 44 9946 765
15 45 29408 2262
15 46 17162 1320
15 47 9856 758
15 48 2517 193
15 49 17818 1370
15 50 29101 2238
15 51 25198 1938
15 52 4351 334
15 53 24454 1881
15 54 18343 1411
15 55 23508 1808
15 56 27613 2124
15 57 27865 2143
15 58 5324 409
15 59 25446 1957
15 60 17150 1319
15 61 18423 1417
15 62 24639 1895
15 63 28106 2162
15 64 4131 317
15 65 6109 469
15 66 25341 1949
15 67 24599 1892
15 68 16827 1294
15 69 23269 1789
15 70 3128 240
15 71 23222 1786
15 72 20771 1597
15 73 21867 1682
15 74 15545 1195
16 0 23499 1807
16 1 18756 1442
16 2 1418 109
16 3 15872 1220
16 4 22308 1716
16 5 9072 697
16 6 10673 821
16 7 17940 1380
16 8 5431 417
16 9 2754 211
16 10 6061 466
16 11 6529 502
16 12 9265 712
16 13 15131 1163
16 14 28586 2198
16 15 27457 2112
16 16 0 0
16 17 22068 1697
16 18 16439 1264
16 19 5594 430
16 20 25815 1985
16 21 17639 1356
16 22 15601 1200
16 23 5734 441
16 24 11018 847
16 25 24258 1866
16 26 793 61
16 27 7211 554
16 28 2979 229
16 29 17207 1323
16 30 17470 1343
16 31 6360 489
16 32 28653 2204
16 33 25306 1946
16 34 8369 643
16 35 20370 1566
16 36 1545 118
16 37 650 50
16 38 17611 1354
16 39 25049 1926
16 40 793 61
16 41 26639 2049
16 42 22029 1694
16 43 26324 2024
16 44 26617 2047
16 45 20259 1558
16 46 10883 837
16 47 5652 434
16 48 16842 1295
16 49 4429 340
16 50 26624 2048
16 51 15364 1181
16 52 18075 1390
16 53 4837 372
16 54 6184 475
16 55 10602 815
16 56 27291 2099
16 57 12206 938
16 58 21760 1673
16 59 16179 1244
16 60 3112 239
16 61 29544 2272
16 62 23642 1818
16 63 16701 1284
16 64 23107 1777
16 65 16232 1248
16 66 28928 2225
16 67 6048 465
16 68 15403 1184
16 69 1516 116
16 70 9078 698
16 71 17180 1321
16 72 22661 1743
16 73 6733 517
16 74 22972 1767
17 0 7907 608
17 1 10352 796
17 2 29165 2243
17 3 19109 1469
17 4 6107 469
17 5 7546 580
17 6 17205 1323
17 7 8351 642
17 8 17313 1331
17 9 17706 1362
17 10 22291 1714
17 11 18430 1417
17 12 23955 1842
17 13 1087 83
17 14 13477 1036
17 15 24133 1856
17 16 21606 1662
17 17 0 0
17 18 29216 2247
17 19 10927 840
17 20 4340 333
17 21 4768 366
17 22 15272 1174
17 23 14518 1116
17 24 7390 568
17 25 5042 387
17 26 9987 768
17 27 22550 1734
17 28 21605 1661
17 29 27844 2141
17 30 20771 1597
17 31 1040 80
17 32 23239 1787
17 33 28093 2161
17 34 20790 1599
17 35 26847 2065
17 36 22419 1724
17 37 16327 1255
17 38 26640 2049
17 39 6490 499
17 40 12559 966
17 41 12557 965
17 42 26597 2045
17 43 22890 1760
17 44 10751 827
17 45 27146 2088
17 46 11644 895
17 47 12437 956
17 48 27546 2118
17 49 28108 2162
17 50 16095 1238
17 51 21447 1649
17 52 24518 1886
17 53 3180 244
17 54 26714 2054
17 55 13731 1056
17 56 21818 1678
17 57 10436 802
17 58 443 34
17 59 11436 879
17 60 25408 1954
17 61 10015 770
17 62 24208 1862
17 63 142 10
17 64 18503 1423
17 65 2332 179
17 66 145 11
17 67 22693 1745
17 68 17185 1321
17 69 113 8
17 70 27665 2128
17 71 22830 1756
17 72 13709 1054
17 73 21844 1680
17 74 28768 2212
18 0 16019 1232
18 1 24507 1885
18 2 15665 1205
18 3 13543 1041
18 4 14120 1086
18 5 16656 1281
18 6 28354 2181
18 7 14873 1144
18 8 13072 1005
18 9 9337 718
18 10 12793 984
18 11 16838 1295
18 12 24158 1858
18 13 10900 838
18 14 17983 1383
18 15 20307 1562
18 16 404 31
18 17 22882 1760
18 18 0 0
18 19 4872 374
18 20 16995 1307
18 21 7640 587
18 22 22259 1712
18 23 23927 1840
18 24 21029 1617
18 25 27393 2107
18 26 5078 390
18 27 19000 1461
18 28 17445 1341
18 29 14841 1141
18 30 24530 1886
18 31 18810 1446
18 32 13885 1068
18 33 24823 1909
18 34 9307 715
18 35 15715 1208
18 36 12794 984
18 37 5406 415
18 38 26109 2008
18 39 18600 1430
18 40 22083 1698
18 41 4634 356
18 42 19132 1471
18 43 27817 2139
18 44 3800 292
18 45 23650 1819
18 46 19971 1536
18 47 1558 119
18 48 3314 254
18 49 26518 2039
18 50 738 56
18 51 6049 465
18 52 2342 180
18 53 25778 1982
18 54 16593 1276
18 55 2883 221
18 56 14298 1099
18 57 18284 1406
18 58 10828 832
18 59 1912 147
18 60 9801 753
18 61 28212 2170
18 62 11739 903
18 63 16689 1283
18 64 8655 665
18 65 5427 417
18 66 26406 2031
18 67 14036 1079
18 68 27284 2098
18 69 15018 1155
18 70 15919 1224
18 71 1862 143
18 72 20820 1601
18 73 5298 407
18 74 8652 665
19 0 28646 2203
19 1 18654 1434
19 2 4775 367
19 3 4665 358
19 4 8199 630
19 5 2036 156
19 6 1415 108
19 7 11967 920
19 8 13655 1050
19 9 17129 1317
19 10 23809 1831
19 11 4307 331
19 12 13742 1057
19 13 27610 2123
19 14 19218 1478
19 15 27453 2111
19 16 6411 493
19 17 9956 765
19 18 9260 712
19 19 0 0
19 20 7496 576
19 21 1959 150
19 22 12021 924
19 23 27579 2121
19 24 4387 337
19 25 25453 1957
19 26 1077 82
19 27 20569 1582
19 28 14243 1095
19 29 19507 1500
19 30 29480 2267
19 31 14642 1126
19 32 19093 1468
19 33 7433 571
19 34 9081 698
19 35 23929 1840
19 36 17309 1331
19 37 26802 2061
19 38 28861 2220
19 39 13137 1010
19 40 19108 1469
19 41 21464 1651
19 42 9637 741
19 43 16389 1260
19 44 9891 760
19 45 28096 2161
19 46 7123 547
19 47 15449 1188
19 48 12645 972
19 49 27648 2126
19 50 14440 1110
19 51 16365 1258
19 52 9809 754
19 53 27126 2086
19 54 28975 2228
19 55 20910 1608
19 56 21629 1663
19 57 16051 1234
19 58 12869 989
19 59 3327 255
19 60 8387 645
19 61 3826 294
19 62 28164 2166
19 63 11478 882
19 64 15096 1161
19 65 19462 1497
19 66 22480 1729
19 67 14067 1082
19 68 19258 1481
19 69 16975 1305
19 70 5661 435
19 71 5953 457
19 72 26311 2023
19 73 13887 1068
19 74 17317 1332
20 0 12628 971
20 1 1867 143
20 2 10728 825
20 3 3964 304
20 4 19764 1520
20 5 17614 1354
20 6 26397 2030
20 7 22603 1738
20 8 11232 864
20 9 24044 1849
20 10 13141 1010
20 11 12787 983
20 12 8111 623
20 13 18729 1440
20 14 14140 1087
20 15 21624 1663
20 16 12520 963
20 17 9748 749
20 18 7725 594
20 19 8017 616
20 20 0 0
20 21 1108 85
20 22 16751 1288
20 23 28680 2206
20 24 17425 1340
20 25 2300 176
20 26 16179 1244
20 27 19763 1520
20 28 13702 1054
20 29 21548 1657
20 30 18552 1427
20 31 21843 1680
20 32 3554 273
20 33 4766 366
20 34 29929 2302
20 35 18982 1460
20 36 993 76
20 37 1020 78
20 38 28605 2200
20 39 21796 1676
20 40 28403 2184
20 41 252 19
20 42 27953 2150
20 43 15642 1203
20 44 21133 1625
20 45 793 61
20 46 11213 862
20 47 19032 1464
20 48 3592 276
20 49 23495 1807
20 50 17385 1337
20 51 27030 2079
20 52 3682 283
20 53 8387 645
20 54 9681 744
20 55 3270 251
20 56 25559 1966
20 57 17062 1312
20 58 6039 464
20 59 9718 747
20 60 10579 813
20 61 21914 1685
20 62 27989 2153
20 63 3896 299
20 64 28242 2172
20 65 6807 523
20 66 14178 1090
20 67 9262 712
20 68 4222 324
20 69 4063 312
20 70 15402 1184
20 71 22626 1740
20 72 26457 2035
20 73 28492 2191
20 74 15988 1229
21 0 12450 957
21 1 24240 1864
21 2 14081 1083
21 3 8336 641
21 4 2488 191
21 5 20337 1564
21 6 10334 794
21 7 24089 1853
21 8 9464 728
21 9 22119 1701
21 10 9811 754
21 11 4499 346
21 12 2235 171
21 13 27661 2127
21 14 19292 1484
21 15 22248 1711
21 16 4940 380
21 17 15228 1171
21 18 8718 670
21 19 7560 581
21 20 11416 878
21 21 0 0
21 22 14588 1122
21 23 21094 1622
21 24 27858 2142
21 25 29920 2301
21 26 18354 1411
21 27 8413 647
21 28 24789 1906
21 29 7892 607
21 30 10300 792
21 31 4368 336
21 32 8298 638
21 33 20057 1542
21 34 17958 1381
21 35 9204 708
21 36 20533 1579
21 37 17011 1308
21 38 993 76
21 39 27700 2130
21 40 21658 1666
21 41 27160 2089
21 42 12459 958
21 43 23643 1818
21 44 28291 2176
21 45 28865 2220
21 46 28969 2228
21 47 1205 92
21 48 3597 276
21 49 12724 978
21 50 20470 1574
21 51 4732 364
21 52 28718 2209
21 53 19513 1501
21 54 15723 1209
21 55 17121 1317
21 56 448 34
21 57 3048 234
21 58 13762 1058
21 59 17941 1380
21 60 9894 761
21 61 19402 1492
21 62 22119 1701
21 63 13671 1051
21 64 22957 1765
21 65 28056 2158
21 66 19534 1502
21 67 15027 1155
21 68 29933 2302
21 69 6067 466
21 70 5351 411
21 71 7811 600
21 72 28231 2171
21 73 7745 595
21 74 10994 845
22 0 29507 2269
22 1 13375 1028
22 2 21399 1646
22 3 5823 447
22 4 226 17
22 5 14289 1099
22 6 21404 1646
22 7 28019 2155
22 8 29394 2261
22 9 24904 1915
22 10 19250 1480
22 11 29180 2244
22 12 1603 123
22 13 5694 438
22 14 3773 290
22 15 24564 1889
22 16 26013 2001
22 17 279 21
22 18 6771 520
22 19 6654 511
22 20 12573 967
22 21 8872 682
22 22 0 0
22 23 394 30
22 24 11924 917
22 25 15269 1174
22 26 11354 873
22 27 18400 1415
22 28 20867 1605
22 29 29803 2292
22 30 14975 1151
22 31 7021 540
22 32 11065 851
22 33 410 31
22 34 10663 820
22 35 2360 181
22 36 23986 1845
22 37 22791 1753
22 38 20962 1612
22 39 16801 1292
22 40 19350 1488
22 41 5520 424
22 42 26730 2056
22 43 873 67
22 44 13625 1048
22 45 2509 193
22 46 19999 1538
22 47 257 19
22 48 12930 994
22 49 8570 659
22 50 16968 1305
22 51 19001 1461
22 52 10501 807
22 53 22342 1718
22 54 27624 2124
22 55 11441 880
22 56 1218 93
22 57 25028 1925
22 58 23498 1807
22 59 27055 2081
22 60 27365 2105
22 61 2784 214
22 62 1994 153
22 63 20519 1578
22 64 22182 1706
22 65 21336 1641
22 66 1411 108
22 67 11464 881
22 68 6836 525
22 69 16457 1265
22 70 25034 1925
22 71 7687 591
22 72 8838 679
22 73 3753 288
22 74 1778 136
23 0 743 57
23 1 14385 1106
23 2 9915 762
23 3 25923 1994
23 4 22143 1703
23 5 25673 1974
23 6 19984 1537
23 7 7229 556
23 8 21612 1662
23 9 18582 1429
23 10 12181 937
23 11 9341 718
23 12 29720 2286
23 13 2757 212
23 14 21401 1646
23 15 22056 1696
23 16 13104 1008
23 17 22607 1739
23 18 8991 691
23 19 20433 1571
23 20 20204 1554
23 21 1336 102
23 22 29511 2270
23 23 0 0
23 24 7088 545
23 25 5204 400
23 26 19294 1484
23 27 7868 605
23 28 21971 1690
23 29 2713 208
23 30 8122 624
23 31 18019 1386
23 32 1987 152
23 33 15078 1159
23 34 13752 1057
23 35 21714 1670
23 36 8249 634
23 37 7457 573
23 38 28879 2221
23 39 1278 98
23 40 29046 2234
23 41 15445 1188
23 42 13210 1016
23 43 14818 1139
23 44 2563 197
23 45 25799 1984
23 46 19139 1472
23 47 20757 1596
23 48 10317 793
23 49 190 14
23 50 24810 1908
23 51 1848 142
23 52 27012 2077
23 53 1038 79
23 54 16724 1286
23 55 7872 605
23 56 3158 242
23 57 20764 1597
23 58 153 11
23 59 1870 143
23 60 24681 1898
23 61 24207 1862
23 62 8749 673
23 63 29949 2303
23 64 13484 1037
23 65 2773 213
23 66 7708 592
23 67 20357 1565
23 68 22094 1699
23 69 8697 669
23 70 27670 2128
23 71 26699 2053
23 72 3665 281
23 73 29382 2260
23 74 166 12
24 0 24928 1917
24 1 6750 519
24 2 3221 247
24 3 13213 1016
24 4 3184 244
24 5 27550 2119
24 6 25985 1998
24 7 4556 350
24 8 6425 494
24 9 22177 1705
24 10 3225 248
24 11 11214 862
24 12 9418 724
24 13 10627 817
24 14 783 60
24 15 29944 2303
24 16 14640 1126
24 17 16486 1268
24 18 28404 2184
24 19 29997 2307
24 20 15583 1198
24 21 3481 267
24 22 21175 1628
24 23 5445 418
24 24 0 0
24 25 15418 1186
24 26 4024 309
24 27 29504 2269
24 28 3423 263
24 29 15935 1225
24 30 10808 831
24 31 17951 1380
24 32 2861 220
24 33 28990 2230
24 34 4303 331
24 35 9474 728
24 36 3590 276
24 37 3461 266
24 38 19774 1521
24 39 8071 620
24 40 306 23
24 41 12450 957
24 42 17714 1362
24 43 16300 1253
24 44 13623 1047
24 45 8842 680
24 46 2063 158
24 47 13613 1047
24 48 1213 93
24 49 1251 96
24 50 15111 1162
24 51 11486 883
24 52 13215 1016
24 53 13244 1018
24 54 14445 1111
24 55 6638 510
24 56 20449 1573
24 57 24756 1904
24 58 10706 823
24 59 16946 1303
24 60 5878 452
24 61 19668 1512
24 62 20597 1584
24 63 24792 1907
24 64 26230 2017
24 65 29643 2280
24 66 9790 753
24 67 819 63
24 68 19973 1536
24 69 21267 1635
24 70 8372 644
24 71 28996 2230
24 72 1176 90
24 73 7615 585
24 74 28241 2172
25 0 3537 272
25 1 26252 2019
25 2 16371 1259
25 3 16644 1280
25 4 22673 1744
25 5 11498 884
25 6 11147 857
25 7 10836 833
25 8 18245 1403
25 9 24550 1888
25 10 11195 861
25 11 5675 436
25 12 29972 2305
25 13 9618 739
25 14 27901 2146
25 15 10743 826
25 16 4607 354
25 17 27596 2122
25 18 2773 213
25 19 24165 1858
25 20 7445 572
25 21 18985 1460
25 22 16076 1236
25 23 7499 576
25 24 21712 1670
25 25 0 0
25 26 14050 1080
25 27 13009 1000
25 28 235 18
25 29 9233 710
25 30 29924 2301
25 31 17252 1327
25 32 15899 1223
25 33 10514 808
25 34 26057 2004
25 35 20471 1574
25 36 11915 916
25 37 26083 2006
25 38 24274 1867
25 39 14148 1088
25 40 7422 570
25 41 23177 1782
25 42 21924 1686
25 43 22669 1743
25 44 3161 243
25 45 22490 1730
25 46 4959 381
25 47 12953 996
25 48 20932 1610
25 49 23859 1835
25 50 28753 2211
25 51 28682 2206
25 52 25092 1930
25 53 24021 1847
25 54 22534 1733
25 55 11775 905
25 56 22463 1727
25 57 23516 1808
25 58 27410 2108
25 59 9313 716
25 60 22311 1716
25 61 25851 1988
25 62 11954 919
25 63 25594 1968
25 64 6225 478
25 65 15347 1180
25 66 28354 2181
25 67 26406 2031
25 68 20579 1583
25 69 21352 1642
25 70 6982 537
25 71 9255 711
25 72 2321 178
25 73 28701 2207
25 74 15098 1161
26 0 16161 1243
26 1 2269 174
26 2 4460 343
26 3 21736 1672
26 4 12892 991
26 5 29165 2243
26 6 26350 2026
26 7 21204 1631
26 8 6345 488
26 9 15647 1203
26 10 26901 2069
26 11 29933 2302
26 12 7137 549
26 13 29405 2261
26 14 23527 1809
26 15 4444 341
26 16 20460 1573
26 17 8413 647
26 18 3329 256
26 19 22986 1768
26 20 23087 1775
26 21 19034 1464
26 22 4865 374
26 23 25478 1959
26 24 11592 891
26 25 6419 493
26 26 0 0
26 27 11202 861
26 28 3601 277
26 29 13147 1011
26 30 25008 1923
26 31 9057 696
26 32 15347 1180
26 33 8823 678
26 34 1899 146
26 35 23692 1822
26 36 17972 1382
26 37 10829 833
26 38 1220 93
26 39 9918 762
26 40 11568 889
26 41 8723 671
26 42 2922 224
26 43 9089 699
26 44 1123 86
26 45 6529 502
26 46 23280 1790
26 47 11204 861
26 48 20012 1539
26 49 8827 679
26 50 28412 2185
26 51 4243 326
26 52 23117 1778
26 53 11459 881
26 54 19869 1528
26 55 15971 1228
26 56 1394 107
26 57 461 35
26 58 9723 747
26 59 13958 1073
26 60 3826 294
26 61 12801 984
26 62 2397 184
26 63 24061 1850
26 64 3219 247
26 65 2575 198
26 66 16244 1249
26 67 6212 477
26 68 25564 1966
26 69 19599 1507
26 70 16088 1237
26 71 24888 1914
26 72 10055 773
26 73 10842 834
26 74 4318 332
27 0 26504 2038
27 1 28068 2159
27 2 10157 781
27 3 17442 1341
27 4 7995 615
27 5 16160 1243
27 6 15280 1175
27 7 10260 789
27 8 2402 184
27 9 5501 423
27 10 15941 1226
27 11 1435 110
27 12 339 26
27 13 8450 650
27 14 5182 398
27 15 19011 1462
27 16 11408 877
27 17 24017 1847
27 18 10401 800
27 19 22460 1727
27 20 22917 1762
27 21 21847 1680
27 22 19767 1520
27 23 3397 261
27 24 13429 1033
27 25 26178 2013
27 26 17968 1382
27 27 0 0
27 28 7203 554
27 29 24861 1912
27 30 740 56
27 31 26991 2076
27 32 22470 1728
27 33 6558 504
27 34 16581 1275
27 35 1197 92
27 36 4340 333
27 37 8049 619
27 38 16000 1230
27 39 27157 2089
27 40 25195 1938
27 41 29291 2253
27 42 5431 417
27 43 2531 194
27 44 11057 850
27 45 20580 1583
27 46 19233 1479
27 47 8709 669
27 48 4823 371
27 49 7279 559
27 50 17233 1325
27 51 15069 1159
27 52 17758 1366
27 53 10270 790
27 54 19805 1523
27 55 6209 477
27 56 10178 782
27 57 12481 960
27 58 855 65
27 59 3298 253
27 60 26909 2069
27 61 27035 2079
27 62 2081 160
27 63 1069 82
27 64 18333 1410
27 65 20934 1610
27 66 11266 866
27 67 28617 2201
27 68 26842 2064
27 69 20370 1566
27 70 991 76
27 71 23860 1835
27 72 23306 1792
27 73 20510 1577
27 74 6844 526
28 0 11718 901
28 1 3701 284
28 2 26221 2017
28 3 13248 1019
28 4 16406 1262
28 5 10745 826
28 6 15785 1214
28 7 9513 731
28 8 1031 79
28 9 18600 1430
28 10 10739 826
28 11 15315 1178
28 12 1693 130
28 13 17323 1332
28 14 8566 658
28 15 16861 1297
28 16 8687 668
28 17 18438 1418
28 18 16581 1275
28 19 18269 1405
28 20 23941 1841
28 21 3298 253
28 22 23958 1842
28 23 10213 785
28 24 8318 639
28 25 15881 1221
28 26 4336 333
28 27 28379 2183
28 28 0 0
28 29 8304 638
28 30 15421 1186
28 31 23284 1791
28 32 15937 1225
28 33 10602 815
28 34 3444 264
28 35 7674 590
28 36 3560 273
28 37 23117 1778
28 38 28274 2174
28 39 21409 1646
28 40 17103 1315
28 41 20867 1605
28 42 24311 1870
28 43 3868 297
28 44 19883 1529
28 45 10546 811
28 46 8440 649
28 47 1848 142
28 48 25830 1986
28 49 9466 728
28 50 16737 1287
28 51 18887 1452
28 52 2187 168
28 53 8430 648
28 54 10935 841
28 55 5909 454
28 56 23440 1803
28 57 5394 414
28 58 6463 497
28 59 5546 426
28 60 14815 1139
28 61 8073 621
28 62 14336 1102
28 63 921 70
28 64 19704 1515
28 65 21106 1623
28 66 10967 843
28 67 9819 755
28 68 24026 1848
28 69 25901 1992
28 70 29054 2234
28 71 19717 1516
28 72 14824 1140
28 73 10340 795
28 74 21719 1670
29 0 26236 2018
29 1 13711 1054
29 2 8066 620
29 3 7407 569
29 4 172 13
29 5 3447 265
29 6 7308 562
29 7 21874 1682
29 8 26566 2043
29 9 6897 530
29 10 27524 2117
29 11 19327 1486
29 12 25316 1947
29 13 13301 1023
29 14 16574 1274
29 15 19762 1520
29 16 26877 2067
29 17 26466 2035
29 18 17082 1314
29 19 25123 1932
29 20 14653 1127
29 21 10991 845
29 22 17679 1359
29 23 28799 2215
29 24 4185 321
29 25 5934 456
29 26 15212 1170
29 27 29593 2276
29 28 23480 1806
29 29 0 0
29 30 24886 1914
29 31 19531 1502
29 32 597 45
29 33 17483 1344
29 34 14423 1109
29 35 4208 323
29 36 687 52
29 37 20376 1567
29 38 1220 93
29 39 952 73
29 40 10404 800
29 41 2178 167
29 42 4189 322
29 43 11682 898
29 44 26379 2029
29 45 29786 2291
29 46 300 23
29 47 10407 800
29 48 9765 751
29 49 19418 1493
29 50 5013 385
29 51 17429 1340
29 52 27645 2126
29 53 22231 1710
29 54 21441 1649
29 55 19069 1466
29 56 17693 1361
29 57 13620 1047
29 58 27669 2128
29 59 19533 1502
29 60 19139 1472
29 61 11928 917
29 62 17587 1352
29 63 7666 589
29 64 17416 1339
29 65 26551 2042
29 66 2807 215
29 67 27109 2085
29 68 17448 1342
29 69 14562 1120
29 70 22980 1767
29 71 1239 95
29 72 19616 1508
29 73 22623 1740
29 74 28116 2162
30 0 8619 663
30 1 28532 2194
30 2 7291 560
30 3 10955 842
30 4 27700 2130
30 5 4499 346
30 6 10413 801
30 7 13487 1037
30 8 26766 2058
30 9 9083 698
30 10 25719 1978
30 11 7138 549
30 12 20521 1578
30 13 23785 1829
30 14 421 32
30 15 28326 2178
30 16 23281 1790
30 17 15185 1168
30 18 5752 442
30 19 21718 1670
30 20 2675 205
30 21 16153 1242
30 22 9073 697
30 23 4692 360
30 24 29367 2259
30 25 27889 2145
30 26 25408 1954
30 27 23671 1820
30 28 11559 889
30 29 24488 1883
30 30 0 0
30 31 972 74
30 32 10062 774
30 33 19271 1482
30 34 7148 549
30 35 2059 158
30 36 22946 1765
30 37 2709 208
30 38 3208 246
30 39 23972 1844
30 40 12381 952
30 41 24452 1880
30 42 4917 378
30 43 16177 1244
30 44 28719 2209
30 45 19094 1468
30 46 7858 604
30 47 16063 1235
30 48 1334 102
30 49 1008 77
30 50 6587 506
30 51 1528 117
30 52 3602 277
30 53 3425 263
30 54 4014 308
30 55 8548 657
30 56 3093 237
30 57 27342 2103
30 58 1666 128
30 59 266 20
30 60 6368 489
30 61 3282 252
30 62 20163 1551
30 63 5279 406
30 64 7853 604
30 65 26147 2011
30 66 18342 1410
30 67 4009 308
30 68 17757 1365
30 69 21839 1679
30 70 26143 2011
30 71 6698 515
30 72 22818 1755
30 73 13218 1016
30 74 26208 2016
31 0 2475 190
31 1 5576 428
31 2 14866 1143
31 3 21029 1617
31 4 21451 1650
31 5 6270 482
31 6 27014 2078
31 7 29050 2234
31 8 29951 2303
31 9 7514 578
31 10 18792 1445
31 11 12438 956
31 12 8835 679
31 13 16996 1307
31 14 18534 1425
31 15 15669 1205
31 16 1473 113
31 17 4079 313
31 18 2874 221
31 19 20977 1613
31 20 10314 793
31 21 11733 902
31 22 27403 2107
31 23 26088 2006
31 24 28449 2188
31 25 26564 2043
31 26 20839 1603
31 27 18084 1391
31 28 17495 1345
31 29 2291 176
31 30 357 27
31 31 0 0
31 32 20611 1585
31 33 5209 400
31 34 2080 160
31 35 9805 754
31 36 15476 1190
31 37 21172 1628
31 38 13815 1062
31 39 7689 591
31 40 24013 1847
31 41 22515 1731
31 42 22785 1752
31 43 4850 373
31 44 23077 1775
31 45 22959 1766
31 46 6931 533
31 47 29671 2282
31 48 25208 1939
31 49 12854 988
31 50 22321 1717
31 51 17178 1321
31 52 4937 379
31 53 22689 1745
31 54 15488 1191
31 55 25976 1998
31 56 17020 1309
31 57 13767 1059
31 58 5035 387
31 59 4512 347
31 60 29354 2258
31 61 21971 1690
31 62 11202 861
31 63 19402 1492
31 64 8770 674
31 65 20127 1548
31 66 12698 976
31 67 25253 1942
31 68 23525 1809
31 69 3342 257
31 70 14591 1122
31 71 8482 652
31 72 11478 882
31 73 22085 1698
31 74 17149 1319
32 0 26071 2005
32 1 2746 211
32 2 16354 1258
32 3 20130 1548
32 4 24332 1871
32 5 13192 1014
32 6 24770 1905
32 7 10705 823
32 8 10458 804
32 9 23527 1809
32 10 18615 1431
32 11 6855 527
32 12 17132 1317
32 13 15200 1169
32 14 15413 1185
32 15 2520 193
32 16 8433 648
32 17 6795 522
32 18 24251 1865
32 19 2694 207
32 20 20158 1550
32 21 15449 1188
32 22 11859 912
32 23 17497 1345
32 24 957 73
32 25 17815 1370
32 26 15650 1203
32 27 26176 2013
32 28 21559 1658
32 29 5292 407
32 30 505 38
32 31 14137 1087
32 32 0 0
32 33 16937 1302
32 34 1852 142
32 35 11072 851
32 36 29131 2240
32 37 8528 656
32 38 25146 1934
32 39 25198 1938
32 40 11286 868
32 41 4042 310
32 42 11577 890
32 43 27716 2132
32 44 3910 300
32 45 4993 384
32 46 29122 2240
32 47 10592 814
32 48 10334 794
32 49 4720 363
32 50 10904 838
32 51 24800 1907
32 52 24657 1896
32 53 27197 2092
32 54 27682 2129
32 55 10755 827
32 56 14775 1136
32 57 21951 1688
32 58 12799 984
32 59 19186 1475
32 60 8846 680
32 61 11018 847
32 62 5008 385
32 63 13624 1048
32 64 328 25
32 65 21185 1629
32 66 7130 548
32 67 28012 2154
32 68 29923 2301
32 69 7090 545
32 70 12307 946
32 71 9109 700
32 72 27212 2093
32 73 9623 740
32 74 23077 1775
33 0 3312 254
33 1 1279 98
33 2 6180 475
33 3 14740 1133
33 4 2144 164
33 5 24803 1907
33 6 23335 1795
33 7 16034 1233
33 8 20301 1561
33 9 15663 1204
33 10 22328 1717
33 11 22542 1734
33 12 23914 1839
33 13 9157 704
33 14 8363 643
33 15 10098 776
33 16 11080 852
33 17 13098 1007
33 18 3572 274
33 19 12555 965
33 20 20200 1553
33 21 7979 613
33 22 27333 2102
33 23 11094 853
33 24 13560 1043
33 25 514 39
33 26 17773 1367
33 27 14817 1139
33 28 5654 434
33 29 8760 673
33 30 29236 2248
33 31 14574 1121
33 32 16357 1258
33 33 0 0
33 34 28470 2190
33 35 14171 1090
33 36 2995 230
33 37 12442 957
33 38 5269 405
33 39 939 72
33 40 23017 1770
33 41 21520 1655
33 42 26854 2065
33 43 9548 734
33 44 15321 1178
33 45 29090 2237
33 46 23270 1790
33 47 21502 1654
33 48 16988 1306
33 49 12921 993
33 50 17164 1320
33 51 14905 1146
33 52 1979 152
33 53 29332 2256
33 54 27763 2135
33 55 25990 1999
33 56 5320 409
33 57 24412 1877
33 58 13390 1030
33 59 21098 1622
33 60 13502 1038
33 61 10285 791
33 62 7554 581
33 63 4639 356
33 64 1851 142
33 65 21513 1654
33 66 21454 1650
33 67 25380 1952
33 68 12104 931
33 69 15952 1227
33 70 20607 1585
33 71 12923 994
33 72 18219 1401
33 73 19183 1475
33 74 21491 1653
34 0 7687 591
34 1 2851 219
34 2 24366 1874
34 3 20033 1541
34 4 12176 936
34 5 29743 2287
34 6 3245 249
34 7 5303 407
34 8 9821 755
34 9 25839 1987
34 10 24703 1900
34 11 7776 598
34 12 8810 677
34 13 25755 1981
34 14 20437 1572
34 15 28939 2226
34 16 19956 1535
34 17 10999 846
34 18 7403 569
34 19 25537 1964
34 20 18398 1415
34 21 12337 949
34 22 3335 256
34 23 6498 499
34 24 7162 550
34 25 2472 190
34 26 14332 1102
34 27 12594 968
34 28 11100 853
34 29 18866 1451
34 30 25762 1981
34 31 2010 154
34 32 10766 828
34 33 28717 2209
34 34 0 0
34 35 5312 408
34 36 11623 894
34 37 22342 1718
34 38 16764 1289
34 39 8871 682
34 40 15461 1189
34 41 17046 1311
34 42 16579 1275
34 43 2957 227
34 44 18567 1428
34 45 7936 610
34 46 25197 1938
34 47 12990 999
34 48 26681 2052
34 49 17030 1310
34 50 4576 352
34 51 510 39
34 52 1445 111
34 53 8726 671
34 54 24162 1858
34 55 12714 978
34 56 10522 809
34 57 14696 1130
34 58 27081 2083
34 59 26540 2041
34 60 4948 380
34 61 13449 1034
34 62 4926 378
34 63 22151 1703
34 64 5762 443
34 65 12441 957
34 66 7573 582
34 67 4939 379
34 68 25783 1983
34 69 25258 1942
34 70 22310 1716
34 71 11288 868
34 72 9052 696
34 73 22597 1738
34 74 22972 1767
35 0 16931 1302
35 1 5229 402
35 2 9601 738
35 3 28904 2223
35 4 25123 1932
35 5 6412 493
35 6 17894 1376
35 7 5324 409
35 8 9841 757
35 9 17280 1329
35 10 8229 633
35 11 17822 1370
35 12 6268 482
35 13 8906 685
35 14 20358 1566
35 15 23369 1797
35 16 2591 199
35 17 7302 561
35 18 7885 606
35 19 25987 1999
35 20 20918 1609
35 21 9715 747
35 22 29927 2302
35 23 9201 707
35 24 18697 1438
35 25 25415 1955
35 26 26427 2032
35 27 29734 2287
35 28 24312 1870
35 29 27619 2124
35 30 1857 142
35 31 27159 2089
35 32 3818 293
35 33 28029 2156
35 34 20887 1606
35 35 0 0
35 36 5386 414
35 37 19118 1470
35 38 20118 1547
35 39 14650 1126
35 40 4372 336
35 41 28432 2187
35 42 20506 1577
35 43 16590 1276
35 44 20892 1607
35 45 29107 2239
35 46 2335 179
35 47 20202 1554
35 48 14216 1093
35 49 24209 1862
35 50 18846 1449
35 51 7739 595
35 52 10826 832
35 53 9211 708
35 54 15407 1185
35 55 21687 1668
35 56 24878 1913
35 57 21539 1656
35 58 3773 290
35 59 4617 355
35 60 19511 1500
35 61 24198 1861
35 62 4119 316
35 63 1063 81
35 64 5316 408
35 65 17117 1316
35 66 6139 472
35 67 17260 1327
35 68 1444 111
35 69 17241 1326
35 70 7492 576
35 71 10790 830
35 72 12006 923
35 73 26281 2021
35 74 29292 2253
36 0 29542 2272
36 1 29317 2255
36 2 10235 787
36 3 5522 424
36 4 28609 2200
36 5 20658 1589
36 6 13822 1063
36 7 28255 2173
36 8 17076 1313
36 9 22366 1720
36 10 22885 1760
36 11 1767 135
36 12 19750 1519
36 13 4932 379
36 14 3786 291
36 15 20771 1597
36 16 26514 2039
36 17 13609 1046
36 18 25842 1987
36 19 12461 958
36 20 29636 2279
36 21 29347 2257
36 22 16417 1262
36 23 23958 1842
36 24 19350 1488
36 25 14966 1151
36 26 5309 408
36 27 10657 819
36 28 14313 1101
36 29 12488 960
36 30 18463 1420
36 31 573 44
36 32 14515 1116
36 33 11885 914
36 34 20197 1553
36 35 20847 1603
36 36 0 0
36 37 2803 215
36 38 3955 304
36 39 14543 1118
36 40 27444 2111
36 41 19763 1520
36 42 29351 2257
36 43 29521 2270
36 44 25361 1950
36 45 8871 682
36 46 18157 1396
36 47 22236 1710
36 48 16684 1283
36 49 12141 933
36 50 26414 2031
36 51 18055 1388
36 52 22423 1724
36 53 25070 1928
36 54 8080 621
36 55 25832 1987
36 56 18379 1413
36 57 21211 1631
36 58 7790 599
36 59 10036 772
36 60 22444 1726
36 61 20166 1551
36 62 29720 2286
36 63 29275 2251
36 64 7396 568
36 65 11463 881
36 66 6147 472
36 67 12294 945
36 68 7964 612
36 69 4036 310
36 70 14329 1102
36 71 28163 2166
36 72 23343 1795
36 73 23578 1813
36 74 27989 2153
37 0 5682 437
37 1 7077 544
37 2 27690 2130
37 3 11023 847
37 4 5085 391
37 5 26139 2010
37 6 9438 726
37 7 26703 2054
37 8 12347 949
37 9 7731 594
37 10 9224 709
37 11 28393 2184
37 12 29798 2292
37 13 15639 1203
37 14 12805 985
37 15 16827 1294
37 16 21033 1617
37 17 1739 133
37 18 12934 994
37 19 17199 1323
37 20 22473 1728
37 21 18423 1417
37 22 12375 951
37 23 28765 2212
37 24 27102 2084
37 25 27769 2136
37 26 3630 279
37 27 19362 1489
37 28 26357 2027
37 29 23599 1815
37 30 3346 257
37 31 28196 2168
37 32 450 34
37 33 24398 1876
37 34 19565 1505
37 35 24715 1901
37 36 16855 1296
37 37 0 0
37 38 6830 525
37 39 25986 1998
37 40 208 16
37 41 16088 1237
37 42 6650 511
37 43 24559 1889
37 44 23323 1794
37 45 21799 1676
37 46 4766 366
37 47 836 64
37 48 15030 1156
37 49 12130 933
37 50 28404 2184
37 51 3159 243
37 52 23232 1787
37 53 16712 1285
37 54 19547 1503
37 55 16279 1252
37 56 12427 955
37 57 16332 1256
37 58 2385 183
37 59 23153 1781
37 60 11711 900
37 61 8566 658
37 62 19136 1472
37 63 28753 2211
37 64 13940 1072
37 65 10122 778
37 66 17396 1338
37 67 27126 2086
37 68 14491 1114
37 69 19130 1471
37 70 17216 1324
37 71 5376 413
37 72 10265 789
37 73 20300 1561
37 74 2935 225
38 0 26548 2042
38 1 10456 804
38 2 11371 874
38 3 1892 145
38 4 28368 2182
38 5 1674 128
38 6 12987 999
38 7 12851 988
38 8 2563 197
38 9 9753 750
38 10 27612 2124
38 11 4735 364
38 12 24732 1902
38 13 12450 957
38 14 11902 915
38 15 14602 1123
38 16 10832 833
38 17 17340 1333
38 18 9976 767
38 19 19923 1532
38 20 13033 1002
38 21 16211 1247
38 22 14659 1127
38 23 3826 294
38 24 22840 1756
38 25 6212 477
38 26 11578 890
38 27 5907 454
38 28 29386 2260
38 29 16028 1232
38 30 23720 1824
38 31 22340 1718
38 32 13761 1058
38 33 13445 1034
38 34 7729 594
38 35 8278 636
38 36 29273 2251
38 37 7399 569
38 38 0 0
38 39 12164 935
38 40 2461 189
38 41 19057 1465
38 42 22124 1701
38 43 24127 1855
38 44 13467 1035
38 45 25066 1928
38 46 21300 1638
38 47 27945 2149
38 48 6684 514
38 49 18854 1450
38 50 9326 717
38 51 14530 1117
38 52 12189 937
38 53 432 33
38 54 12765 981
38 55 18952 1457
38 56 16977 1305
38 57 3464 266
38 58 17337 1333
38 59 8561 658
38 60 8324 640
38 61 15221 1170
38 62 2118 162
38 63 25854 1988
38 64 17452 1342
38 65 3809 293
38 66 20392 1568
38 67 26704 2054
38 68 3445 265
38 69 23478 1806
38 70 25561 1966
38 71 8152 627
38 72 17705 1361
38 73 28668 2205
38 74 14786 1137
39 0 8606 662
39 1 21858 1681
39 2 27400 2107
39 3 19431 1494
39 4 14943 1149
39 5 28048 2157
39 6 2221 170
39 7 12802 984
39 8 26061 2004
39 9 9299 715
39 10 28929 2225
39 11 27626 2125
39 12 29148 2242
39 13 2009 154
39 14 15695 1207
39 15 15767 1212
39 16 7732 594
39 17 29224 2248
39 18 26209 2016
39 19 2240 172
39 20 21514 1654
39 21 4135 318
39 22 26773 2059
39 23 3475 267
39 24 19334 1487
39 25 26543 2041
39 26 2097 161
39 27 3295 253
39 28 25569 1966
39 29 15406 1185
39 30 25386 1952
39 31 22480 1729
39 32 11881 913
39 33 14579 1121
39 34 1578 121
39 35 7564 581
39 36 21714 1670
39 37 8241 633
39 38 9178 706
39 39 0 0
39 40 4487 345
39 41 28360 2181
39 42 27790 2137
39 43 14676 1128
39 44 29776 2290
39 45 21628 1663
39 46 8982 690
39 47 27115 2085
39 48 15211 1170
39 49 27761 2135
39 50 23049 1773
39 51 27004 2077
39 52 16341 1257
39 53 23729 1825
39 54 3358 258
39 55 3330 256
39 56 28979 2229
39 57 7599 584
39 58 18252 1404
39 59 6977 536
39 60 20666 1589
39 61 2022 155
39 62 17149 1319
39 63 10980 844
39 64 10587 814
39 65 5370 413
39 66 3514 270
39 67 4821 370
39 68 11057 850
39 69 13080 1006
39 70 10887 837
39 71 10582 814
39 72 15046 1157
39 73 24792 1907
39 74 3556 273
40 0 294 22
40 1 11325 871
40 2 4186 322
40 3 11156 858
40 4 14276 1098
40 5 6335 487
40 6 9217 709
40 7 15269 1174
40 8 4624 355
40 9 6678 513
40 10 1077 82
40 11 22485 1729
40 12 13478 1036
40 13 4261 327
40 14 8946 688
40 15 25937 1995
40 16 18093 1391
40 17 11124 855
40 18 347 26
40 19 24301 1869
40 20 20143 1549
40 21 25649 1973
40 22 27899 2146
40 23 24739 1903
40 24 22724 1748
40 25 27889 2145
40 26 8790 676
40 27 24090 1853
40 28 22472 1728
40 29 21202 1630
40 30 23391 1799
40 31 18353 1411
40 32 11297 869
40 33 13688 1052
40 34 17903 1377
40 35 9535 733
40 36 27780 2136
40 37 26966 2074
40 38 2503 192
40 39 23902 1838
40 40 0 0
40 41 11707 900
40 42 828 63
40 43 5014 385
40 44 27850 2142
40 45 17914 1378
40 46 29398 2261
40 47 21060 1620
40 48 24370 1874
40 49 3309 254
40 50 18421 1417
40 51 22379 1721
40 52 19813 1524
40 53 21051 1619
40 54 21199 1630
40 55 7650 588
40 56 19360 1489
40 57 7261 558
40 58 5868 451
40 59 19685 1514
40 60 14835 1141
40 61 10021 770
40 62 5390 414
40 63 18552 1427
40 64 14985 1152
40 65 22881 1760
40 66 12036 925
40 67 14020 1078
40 68 13850 1065
40 69 24310 1870
40 70 14446 1111
40 71 14268 1097
40 72 16410 1262
40 73 7794 599
40 74 5435 418
41 0 28049 2157
41 1 15522 1194
41 2 9402 723
41 3 8669 666
41 4 19427 1494
41 5 19032 1464
41 6 22490 1730
41 7 14913 1147
41 8 6139 472
41 9 3667 282
41 10 26185 2014
41 11 2032 156
41 12 25506 1962
41 13 27126 2086
41 14 22043 1695
41 15 25431 1956
41 16 14534 1118
41 17 21258 1635
41 18 16332 1256
41 19 21693 1668
41 20 6755 519
41 21 28264 2174
41 22 29043 2234
41 23 11410 877
41 24 11976 921
41 25 25781 1983
41 26 11749 903
41 27 20715 1593
41 28 4666 358
41 29 20740 1595
41 30 11804 908
41 31 757 58
41 32 4338 333
41 33 28477 2190
41 34 6967 535
41 35 5103 392
41 36 7236 556
41 37 16392 1260
41 38 6771 520
41 39 11473 882
41 40 176 13
41 41 0 0
41 42 26533 2041
41 43 2663 204
41 44 19131 1471
41 45 17297 1330
41 46 7345 565
41 47 26506 2038
41 48 18142 1395
41 49 18064 1389
41 50 18101 1392
41 51 12705 977
41 52 17867 1374
41 53 23927 1840
41 54 22086 1698
41 55 13181 1013
41 56 21516 1655
41 57 4329 333
41 58 14712 1131
41 59 8203 631
41 60 27801 2138
41 61 18389 1414
41 62 14982 1152
41 63 10013 770
41 64 18596 1430
41 65 18949 1457
41 66 22081 1698
41 67 3455 265
41 68 24506 1885
41 69 6838 526
41 70 29861 2297
41 71 5004 384
41 72 9579 736
41 73 29694 2284
41 74 27910 2146
42 0 23868 1836
42 1 8357 642
42 2 29417 2262
42 3 28408 2185
42 4 13096 1007
42 5 17968 1382
42 6 11513 885
42 7 2211 170
42 8 10038 772
42 9 27718 2132
42 10 11278 867
42 11 5751 442
42 12 28578 2198
42 13 7985 614
42 14 17240 1326
42 15 14318 1101
42 16 6419 493
42 17 972 74
42 18 17528 1348
42 19 18178 1398
42 20 16472 1267
42 21 28739 2210
42 22 18765 1443
42 23 1956 150
42 24 17298 1330
42 25 21007 1615
42 26 17916 1378
42 27 2918 224
42 28 27539 2118
42 29 12188 937
42 30 19860 1527
42 31 9435 725
42 32 19572 1505
42 33 24347 1872
42 34 13869 1066
42 35 3014 231
42 36 24013 1847
42 37 8871 682
42 38 8368 643
42 39 4453 342
42 40 16916 1301
42 41 1628 125
42 42 0 0
42 43 13901 1069
42 44 22166 1705
42 45 28898 2222
42 46 5532 425
42 47 10386 798
42 48 28973 2228
42 49 13852 1065
42 50 9471 728
42 51 13561 1043
42 52 5896 453
42 53 1157 89
42 54 2453 188
42 55 8126 625
42 56 10570 813
42 57 320 24
42 58 24253 1865
42 59 18148 1396
42 60 26689 2053
42 61 16763 1289
42 62 559 43
42 63 16523 1271
42 64 18424 1417
42 65 1371 105
42 66 20291 1560
42 67 6394 491
42 68 26810 2062
42 69 5942 457
42 70 11063 851
42 71 11296 868
42 72 27588 2122
42 73 20372 1567
42 74 1372 105
43 0 2824 217
43 1 19453 1496
43 2 6635 510
43 3 2159 166
43 4 20672 1590
43 5 29024 2232
43 6 12373 951
43 7 8820 678
43 8 8168 628
43 9 5629 433
43 10 2005 154
43 11 11856 912
43 12 25698 1976
43 13 16125 1240
43 14 10967 843
43 15 7648 588
43 16 5818 447
43 17 15259 1173
43 18 3413 262
43 19 12081 929
43 20 19669 1513
43 21 13849 1065
43 22 12011 923
43 23 8743 672
43 24 22454 1727
43 25 17299 1330
43 26 855 65
43 27 10297 792
43 28 24928 1917
43 29 29738 2287
43 30 916 70
43 31 8532 656
43 32 18104 1392
43 33 23469 1805
43 34 16887 1299
43 35 5843 449
43 36 16071 1236
43 37 18136 1395
43 38 18702 1438
43 39 27674 2128
43 40 24022 1847
43 41 29171 2243
43 42 12100 930
43 43 0 0
43 44 19361 1489
43 45 786 60
43 46 15600 1200
43 47 23636 1818
43 48 27486 2114
43 49 4912 377
43 50 19968 1536
43 51 10066 774
43 52 1408 108
43 53 9522 732
43 54 12054 927
43 55 10636 818
43 56 23060 1773
43 57 20710 1593
43 58 20923 1609
43 59 12941 995
43 60 10065 774
43 61 10984 844
43 62 21802 1677
43 63 27990 2153
43 64 19743 1518
43 65 16439 1264
43 66 17648 1357
43 67 6164 474
43 68 12880 990
43 69 5309 408
43 70 21364 1643
43 71 29210 2246
43 72 7305 561
43 73 27869 2143
43 74 12586 968
44 0 3836 295
44 1 19017 1462
44 2 20541 1580
44 3 22681 1744
44 4 9647 742
44 5 22954 1765
44 6 18283 1406
44 7 27446 2111
44 8 16342 1257
44 9 28152 2165
44 10 1812 139
44 11 22401 1723
44 12 19412 1493
44 13 5188 399
44 14 17229 1325
44 15 14204 1092
44 16 22736 1748
44 17 15568 1197
44 18 19518 1501
44 19 4727 363
44 20 19433 1494
44 21 14789 1137
44 22 14785 1137
44 23 26335 2025
44 24 5514 424
44 25 22958 1766
44 26 13357 1027
44 27 824 63
44 28 11240 864
44 29 1552 119
44 30 5103 392
44 31 9044 695
44 32 2179 167
44 33 2969 228
44 34 22826 1755
44 35 2613 201
44 36 16204 1246
44 37 858 66
44 38 19651 1511
44 39 18709 1439
44 40 28764 2212
44 41 7606 585
44 42 6487 499
44 43 12058 927
44 44 0 0
44 45 5927 455
44 46 3292 253
44 47 4153 319
44 48 19132 1471
44 49 19000 1461
44 50 5620 432
44 51 17639 1356
44 52 7390 568
44 53 19913 1531
44 54 20960 1612
44 55 5531 425
44 56 29669 2282
44 57 29192 2245
44 58 18570 1428
44 59 6745 518
44 60 12419 955
44 61 26513 2039
44 62 22637 1741
44 63 14669 1128
44 64 9585 737
44 65 28472 2190
44 66 509 39
44 67 517 39
44 68 14935 1148
44 69 12087 929
44 70 12532 964
44 71 18561 1427
44 72 24691 1899
44 73 20519 1578
44 74 1669 128
45 0 8847 680
45 1 26143 2011
45 2 5209 400
45 3 26919 2070
45 4 12278 944
45 5 10855 835
45 6 22078 1698
45 7 10671 820
45 8 9484 729
45 9 24634 1894
45 10 1369 105
45 11 10082 775
45 12 25561 1966
45 13 1964 151
45 14 13208 1016
45 15 17534 1348
45 16 12941 995
45 17 20020 1540
45 18 26855 2065
45 19 1344 103
45 20 12212 939
45 21 2114 162
45 22 27498 2115
45 23 9454 727
45 24 9958 766
45 25 24538 1887
45 26 22693 1745
45 27 13841 1064
45 28 14524 1117
45 29 7445 572
45 30 10957 842
45 31 11904 915
45 32 7289 560
45 33 14599 1123
45 34 1749 134
45 35 3395 261
45 36 6224 478
45 37 24185 1860
45 38 5353 411
45 39 15156 1165
45 40 1008 77
45 41 27371 2105
45 42 21479 1652
45 43 20750 1596
45 44 3600 276
45 45 0 0
45 46 29853 2296
45 47 20745 1595
45 48 20879 1606
45 49 17435 1341
45 50 17392 1337
45 51 3723 286
45 52 28715 2208
45 53 20445 1572
45 54 20272 1559
45 55 3791 291
45 56 13860 1066
45 57 25261 1943
45 58 25928 1994
45 59 24771 1905
45 60 12722 978
45 61 18973 1459
45 62 29969 2305
45 63 7142 549
45 64 15315 1178
45 65 17647 1357
45 66 16672 1282
45 67 18773 1444
45 68 14340 1103
45 69 7595 584
45 70 5365 412
45 71 29619 2278
45 72 29488 2268
45 73 9444 726
45 74 9771 751
46 0 4036 310
46 1 22727 1748
46 2 14779 1136
46 3 19756 1519
46 4 18094 1391
46 5 23032 1771
46 6 20868 1605
46 7 7179 552
46 8 13066 1005
46 9 24966 1920
46 10 25352 1950
46 11 18868 1451
46 12 4162 320
46 13 2602 200
46 14 26382 2029
46 15 24164 1858
46 16 14224 1094
46 17 15477 1190
46 18 28634 2202
46 19 5655 435
46 20 5452 419
46 21 9494 730
46 22 4079 313
46 23 6471 497
46 24 25669 1974
46 25 7622 586
46 26 20235 1556
46 27 1356 104
46 28 16659 1281
46 29 12700 976
46 30 20944 1611
46 31 12568 966
46 32 15125 1163
46 33 22755 1750
46 34 9211 708
46 35 22161 1704
46 36 7057 542
46 37 22304 1715
46 38 18265 1405
46 39 15312 1177
46 40 23207 1785
46 41 14857 1142
46 42 21694 1668
46 43 16235 1248
46 44 7178 552
46 45 27448 2111
46 46 0 0
46 47 13411 1031
46 48 2887 222
46 49 2940 226
46 50 13086 1006
46 51 1933 148
46 52 18843 1449
46 53 19871 1528
46 54 23100 1776
46 55 20623 1586
46 56 7970 613
46 57 9654 742
46 58 25348 1949
46 59 29877 2298
46 60 19152 1473
46 61 1702 130
46 62 19881 1529
46 63 10944 841
46 64 19888 1529
46 65 8791 676
46 66 8989 691
46 67 16866 1297
46 68 2968 228
46 69 27779 2136
46 70 28907 2223
46 71 6062 466
46 72 6979 536
46 73 3835 295
46 74 17855 1373
47 0 12660 973
47 1 6743 518
47 2 26940 2072
47 3 17447 1342
47 4 27051 2080
47 5 19115 1470
47 6 422 32
47 7 5017 385
47 8 4977 382
47 9 20474 1574
47 10 6818 524
47 11 1183 91
47 12 890 68
47 13 7331 563
47 14 11231 863
47 15 19266 1482
47 16 3182 244
47 17 15115 1162
47 18 20263 1558
47 19 26738 2056
47 20 14122 1086
47 21 5006 385
47 22 8880 683
47 23 15256 1173
47 24 11436 879
47 25 20096 1545
47 26 25497 1961
47 27 21656 1665
47 28 18508 1423
47 29 23316 1793
47 30 7957 612
47 31 6748 519
47 32 23441 1803
47 33 11939 918
47 34 2568 197
47 35 3307 254
47 36 6229 479
47 37 29487 2268
47 38 15306 1177
47 39 14068 1082
47 40 6519 501
47 41 1808 139
47 42 8722 670
47 43 9403 723
47 44 23315 1793
47 45 11445 880
47 46 10799 830
47 47 0 0
47 48 13223 1017
47 49 9103 700
47 50 29839 2295
47 51 19371 1490
47 52 10991 845
47 53 14837 1141
47 54 3186 245
47 55 24603 1892
47 56 4158 319
47 57 2221 170
47 58 20591 1583
47 59 4540 349
47 60 14049 1080
47 61 16291 1253
47 62 16923 1301
47 63 23363 1797
47 64 6319 486
47 65 22354 1719
47 66 24199 1861
47 67 18231 1402
47 68 18160 1396
47 69 24841 1910
47 70 16009 1231
47 71 19860 1527
47 72 16872 1297
47 73 15391 1183
47 74 21146 1626
48 0 4411 339
48 1 20998 1615
48 2 5812 447
48 3 230 17
48 4 9957 765
48 5 27849 2142
48 6 11913 916
48 7 2269 174
48 8 19498 1499
48 9 24579 1890
48 10 18395 1415
48 11 15468 1189
48 12 25518 1962
48 13 11151 857
48 14 9048 696
48 15 7710 593
48 16 19783 1521
48 17 2827 217
48 18 24019 1847
48 19 19179 1475
48 20 1537 118
48 21 17533 1348
48 22 18630 1433
48 23 4101 315
48 24 7449 573
48 25 3785 291
48 26 17222 1324
48 27 2154 165
48 28 17379 1336
48 29 4419 339
48 30 28765 2212
48 31 7038 541
48 32 20381 1567
48 33 28224 2171
48 34 1098 84
48 35 1808 139
48 36 9947 765
48 37 21984 1691
48 38 622 47
48 39 20746 1595
48 40 9920 763
48 41 14281 1098
48 42 18324 1409
48 43 3585 275
48 44 10905 838
48 45 29351 2257
48 46 29744 2288
48 47 5635 433
48 48 0 0
48 49 17059 1312
48 50 11637 895
48 51 13515 1039
48 52 9438 726
48 53 19631 1510
48 54 19403 1492
48 55 25351 1950
48 56 7933 610
48 57 23332 1794
48 58 20258 1558
48 59 2361 181
48 60 6742 518
48 61 29565 2274
48 62 15579 1198
48 63 16614 1278
48 64 21818 1678
48 65 17746 1365
48 66 18936 1456
48 67 14030 1079
48 68 12913 993
48 69 22004 1692
48 70 10709 823
48 71 9998 769
48 72 29396 2261
48 73 24880 1913
48 74 28268 2174
49 0 3056 235
49 1 9411 723
49 2 24100 1853
49 3 24949 1919
49 4 29765 2289
49 5 5491 422
49 6 4451 342
49 7 3757 289
49 8 13761 1058
49 9 8540 656
49 10 11576 890
49 11 6477 498
49 12 6154 473
49 13 13943 1072
49 14 6384 491
49 15 5136 395
49 16 23972 1844
49 17 11926 917
49 18 23284 1791
49 19 4156 319
49 20 27780 2136
49 21 2305 177
49 22 16852 1296
49 23 8676 667
49 24 15324 1178
49 25 21819 1678
49 26 784 60
49 27 15840 1218
49 28 17327 1332
49 29 8293 637
49 30 20933 1610
49 31 21284 1637
49 32 9770 751
49 33 25194 1938
49 34 21163 1627
49 35 1936 148
49 36 25113 1931
49 37 4844 372
49 38 4069 313
49 39 20273 1559
49 40 17373 1336
49 41 14904 1146
49 42 25770 1982
49 43 13007 1000
49 44 25179 1936
49 45 8245 634
49 46 26151 2011
49 47 9703 746
49 48 14787 1137
49 49 0 0
49 50 22428 1725
49 51 9764 751
49 52 16970 1305
49 53 12669 974
49 54 29534 2271
49 55 20356 1565
49 56 26542 2041
49 57 19349 1488
49 58 18732 1440
49 59 22634 1741
49 60 14337 1102
49 61 3151 242
49 62 6117 470
49 63 25794 1984
49 64 10980 844
49 65 12056 927
49 66 26648 2049
49 67 29959 2304
49 68 29893 2299
49 69 5886 452
49 70 25050 1926
49 71 23904 1838
49 72 15892 1222
49 73 4731 363
49 74 19899 1530
50 0 15878 1221
50 1 897 69
50 2 21998 1692
50 3 4908 377
50 4 29163 2243
50 5 21986 1691
50 6 7607 585
50 7 23709 1823
50 8 21197 1630
50 9 12935 995
50 10 6851 527
50 11 27699 2130
50 12 19142 1472
50 13 10963 843
50 14 14910 1146
50 15 29728 2286
50 16 3616 278
50 17 29070 2236
50 18 28392 2184
50 19 11055 850
50 20 16413 1262
50 21 16969 1305
50 22 3132 240
50 23 23629 1817
50 24 29063 2235
50 25 12724 978
50 26 2671 205
50 27 24640 1895
50 28 9803 754
50 29 2877 221
50 30 17345 1334
50 31 11023 847
50 32 21015 1616
50 33 18340 1410
50 34 14349 1103
50 35 18540 1426
50 36 27535 2118
50 37 7362 566
50 38 18421 1417
50 39 22517 1732
50 40 22353 1719
50 41 17195 1322
50 42 10561 812
50 43 18058 1389
50 44 6764 520
50 45 21426 1648
50 46 16922 1301
50 47 16859 1296
50 48 11610 893
50 49 10144 780
50 50 0 0
50 51 15207 1169
50 52 14593 1122
50 53 1490 114
50 54 28145 2165
50 55 4091 314
50 56 9227 709
50 57 445 34
50 58 17623 1355
50 59 11797 907
50 60 28829 2217
50 61 19502 1500
50 62 14766 1135
50 63 13948 1072
50 64 4713 362
50 65 17644 1357
50 66 24924 1917
50 67 24403 1877
50 68 14199 1092
50 69 21932 1687
50 70 9362 720
50 71 13682 1052
50 72 15823 1217
50 73 2988 229
50 74 13207 1015
51 0 18742 1441
51 1 17198 1322
51 2 5910 454
51 3 28323 2178
51 4 8892 684
51 5 28459 2189
51 6 10504 808
51 7 14903 1146
51 8 16795 1291
51 9 26828 2063
51 10 27816 2139
51 11 24075 1851
51 12 25537 1964
51 13 1550 119
51 14 29135 2241
51 15 16642 1280
51 16 7050 542
51 17 22981 1767
51 18 5533 425
51 19 29848 2296
51 20 7639 587
51 21 19950 1534
51 22 4459 343
51 23 22787 1752
51 24 28821 2217
51 25 14157 1089
51 26 2104 161
51 27 20860 1604
51 28 28477 2190
51 29 11934 918
51 30 13297 1022
51 31 1359 104
51 32 14547 1119
51 33 5577 429
51 34 16077 1236
51 35 24483 1883
51 36 12636 972
51 37 2391 183
51 38 2538 195
51 39 23138 1779
51 40 12447 957
51 41 21118 1624
51 42 1162 89
51 43 17351 1334
51 44 24240 1864
51 45 5895 453
51 46 1557 119
51 47 14628 1125
51 48 6773 521
51 49 14236 1095
51 50 23708 1823
51 51 0 0
51 52 3023 232
51 53 26929 2071
51 54 12588 968
51 55 6451 496
51 56 11450 880
51 57 26026 2002
51 58 29034 2233
51 59 12883 991
51 60 1934 148
51 61 22621 1740
51 62 27772 2136
51 63 7809 600
51 64 28537 2195
51 65 16684 1283
51 66 21951 1688
51 67 20125 1548
51 68 10638 818
51 69 24092 1853
51 70 12454 958
51 71 488 37
51 72 15230 1171
51 73 4140 318
51 74 27068 2082
52 0 455 35
52 1 9876 759
52 2 16168 1243
52 3 2289 176
52 4 10829 833
52 5 11585 891
52 6 7708 592
52 7 4854 373
52 8 16352 1257
52 9 27430 2110
52 10 22939 1764
52 11 594 45
52 12 9081 698
52 13 1031 79
52 14 14119 1086
52 15 11856 912
52 16 4092 314
52 17 28143 2164
52 18 21190 1630
52 19 25138 1933
52 20 9581 737
52 21 12791 983
52 22 6895 530
52 23 3998 307
52 24 29860 2296
52 25 9913 762
52 26 1893 145
52 27 25434 1956
52 28 7272 559
52 29 9284 714
52 30 29891 2299
52 31 341 26
52 32 10089 776
52 33 22909 1762
52 34 4839 372
52 35 6299 484
52 36 5376 413
52 37 16509 1269
52 38 22962 1766
52 39 26987 2075
52 40 7656 588
52 41 15311 1177
52 42 21282 1637
52 43 26550 2042
52 44 11249 865
52 45 185 14
52 46 25623 1971
52 47 13326 1025
52 48 459 35
52 49 28042 2157
52 50 7229 556
52 51 16730 1286
52 52 0 0
52 53 8836 679
52 54 22012 1693
52 55 10447 803
52 56 29334 2256
52 57 23989 1845
52 58 15017 1155
52 59 3398 261
52 60 10309 793
52 61 4925 378
52 62 14103 1084
52 63 23527 1809
52 64 14823 1140
52 65 23248 1788
52 66 6687 514
52 67 15585 1198
52 68 8368 643
52 69 18308 1408
52 70 19299 1484
52 71 20419 1570
52 72 3067 235
52 73 15539 1195
52 74 5344 411
53 0 9492 730
53 1 18991 1460
53 2 24942 1918
53 3 16199 1246
53 4 14890 1145
53 5 16833 1294
53 6 12639 972
53 7 2687 206
53 8 10068 774
53 9 3162 243
53 10 25208 1939
53 11 5504 423
53 12 21561 1658
53 13 18678 1436
53 14 22273 1713
53 15 24936 1918
53 16 27943 2149
53 17 8802 677
53 18 23758 1827
53 19 25347 1949
53 20 9595 738
53 21 19836 1525
53 22 20681 1590
53 23 4480 344
53 24 1168 89
53 25 9830 756
53 26 5425 417
53 27 2079 159
53 28 16430 1263
53 29 26115 2008
53 30 28240 2172
53 31 23031 1771
53 32 9345 718
53 33 7666 589
53 34 9097 699
53 35 17566 1351
53 36 5595 430
53 37 3818 293
53 38 24659 1896
53 39 11289 868
53 40 11739 903
53 41 19078 1467
53 42 26566 2043
53 43 5620 432
53 44 297 22
53 45 9680 744
53 46 26195 2015
53 47 26153 2011
53 48 20216 1555
53 49 3832 294
53 50 13490 1037
53 51 11533 887
53 52 4458 342
53 53 0 0
53 54 11753 904
53 55 6022 463
53 56 21508 1654
53 57 27913 2147
53 58 29222 2247
53 59 28271 2174
53 60 892 68
53 61 26934 2071
53 62 7896 607
53 63 28150 2165
53 64 7854 604
53 65 2781 213
53 66 3036 233
53 67 27595 2122
53 68 8162 627
53 69 10984 844
53 70 18239 1403
53 71 9861 758
53 72 6811 523
53 73 16916 1301
53 74 1816 139
54 0 15376 1182
54 1 29222 2247
54 2 12570 966
54 3 18121 1393
54 4 19711 1516
54 5 23747 1826
54 6 21421 1647
54 7 29328 2256
54 8 5849 449
54 9 27392 2107
54 10 14978 1152
54 11 17836 1372
54 12 28858 2219
54 13 3396 261
54 14 26383 2029
54 15 6937 533
54 16 9967 766
54 17 14907 1146
54 18 15969 1228
54 19 16228 1248
54 20 12934 994
54 21 21234 1633
54 22 13510 1039
54 23 18347 1411
54 24 13714 1054
54 25 20050 1542
54 26 795 61
54 27 27106 2085
54 28 26495 2038
54 29 6940 533
54 30 2855 219
54 31 18997 1461
54 32 20097 1545
54 33 7171 551
54 34 18628 1432
54 35 20639 1587
54 36 16741 1287
54 37 17449 1342
54 38 13086 1006
54 39 2035 156
54 40 2945 226
54 41 10419 801
54 42 29020 2232
54 43 19860 1527
54 44 21047 1619
54 45 21621 1663
54 46 22229 1709
54 47 711 54
54 48 12805 985
54 49 4677 359
54 50 10323 794
54 51 19607 1508
54 52 28856 2219
54 53 4597 353
54 54 0 0
54 55 24329 1871
54 56 25341 1949
54 57 19408 1492
54 58 17915 1378
54 59 27895 2145
54 60 6588 506
54 61 16286 1252
54 62 5321 409
54 63 17071 1313
54 64 15975 1228
54 65 17352 1334
54 66 21884 1683
54 67 29972 2305
54 68 26128 2009
54 69 14087 1083
54 70 22566 1735
54 71 2739 210
54 72 24057 1850
54 73 25039 1926
54 74 1084 83
55 0 17503 1346
55 1 19441 1495
55 2 4109 316
55 3 1418 109
55 4 5231 402
55 5 15418 1186
55 6 20797 1599
55 7 28844 2218
55 8 7618 586
55 9 26737 2056
55 10 24576 1890
55 11 8547 657
55 12 11797 907
55 13 3506 269
55 14 6532 502
55 15 22212 1708
55 16 10456 804
55 17 846 65
55 18 13190 1014
55 19 6708 516
55 20 26871 2067
55 21 21851 1680
55 22 7604 584
55 23 12086 929
55 24 16545 1272
55 25 14150 1088
55 26 12329 948
55 27 9310 716
55 28 3760 289
55 29 17533 1348
55 30 8972 690
55 31 11502 884
55 32 6748 519
55 33 18879 1452
55 34 8801 677
55 35 12847 988
55 36 15655 1204
55 37 12933 994
55 38 19129 1471
55 39 21006 1615
55 40 4668 359
55 41 6064 466
55 42 8391 645
55 43 17181 1321
55 44 13907 1069
55 45 28083 2160
55 46 15609 1200
55 47 25532 1964
55 48 6730 517
55 49 22392 1722
55 50 23559 1812
55 51 1181 90
55 52 24796 1907
55 53 1424 109
55 54 16968 1305
55 55 0 0
55 56 8791 676
55 57 4416 339
55 58 29495 2268
55 59 21815 1678
55 60 6445 495
55 61 17875 1375
55 62 4179 321
55 63 10813 831
55 64 308 23
55 65 13342 1026
55 66 6198 476
55 67 6549 503
55 68 8840 680
55 69 17461 1343
55 70 8043 618
55 71 13735 1056
55 72 28834 2218
55 73 29548 2272
55 74 6809 523
56 0 12302 946
56 1 27296 2099
56 2 1830 140
56 3 29107 2239
56 4 15975 1228
56 5 3369 259
56 6 15224 1171
56 7 22225 1709
56 8 29141 2241
56 9 14261 1097
56 10 21853 1681
56 11 1012 77
56 12 19339 1487
56 13 27647 2126
56 14 10753 827
56 15 16206 1246
56 16 4797 369
56 17 6744 518
56 18 29251 2250
56 19 8118 624
56 20 15666 1205
56 21 26242 2018
56 22 4838 372
56 23 29662 2281
56 24 4004 308
56 25 25044 1926
56 26 24796 1907
56 27 21861 1681
56 28 25096 1930
56 29 19291 1483
56 30 17795 1368
56 31 18689 1437
56 32 14380 1106
56 33 27416 2108
56 34 3179 244
56 35 15870 1220
56 36 25947 1995
56 37 27960 2150
56 38 4367 335
56 39 20480 1575
56 40 19908 1531
56 41 19796 1522
56 42 11257 865
56 43 25866 1989
56 44 27360 2104
56 45 16943 1303
56 46 5204 400
56 47 25338 1949
56 48 18218 1401
56 49 12895 991
56 50 23105 1777
56 51 21556 1658
56 52 20469 1574
56 53 15648 1203
56 54 5074 390
56 55 22074 1698
56 56 0 0
56 57 13525 1040
56 58 17155 1319
56 59 25588 1968
56 60 6221 478
56 61 20136 1548
56 62 553 42
56 63 20413 1570
56 64 19998 1538
56 65 3952 304
56 66 430 33
56 67 6467 497
56 68 5055 388
56 69 11561 889
56 70 10979 844
56 71 14186 1091
56 72 16120 1240
56 73 12245 941
56 74 28128 2163
57 0 15885 1221
57 1 9777 752
57 2 6950 534
57 3 24143 1857
57 4 6216 478
57 5 17364 1335
57 6 10932 840
57 7 2214 170
57 8 25598 1969
57 9 22015 1693
57 10 7434 571
57 11 4482 344
57 12 10205 785
57 13 12659 973
57 14 343 26
57 15 8591 660
57 16 6213 477
57 17 8474 651
57 18 14464 1112
57 19 10496 807
57 20 1001 77
57 21 6770 520
57 22 5719 439
57 23 7373 567
57 24 26089 2006
57 25 12236 941
57 26 6143 472
57 27 4748 365
57 28 20504 1577
57 29 22344 1718
57 30 9226 709
57 31 3742 287
57 32 14933 1148
57 33 17999 1384
57 34 4447 342
57 35 15858 1219
57 36 14888 1145
57 37 8489 653
57 38 5458 419
57 39 24007 1846
57 40 20228 1556
57 41 17215 1324
57 42 20492 1576
57 43 24561 1889
57 44 630 48
57 45 22369 1720
57 46 13486 1037
57 47 25630 1971
57 48 16667 1282
57 49 28953 2227
57 50 4120 316
57 51 19805 1523
57 52 28748 2211
57 53 9308 716
57 54 15537 1195
57 55 25366 1951
57 56 22532 1733
57 57 0 0
57 58 22404 1723
57 59 17755 1365
57 60 13068 1005
57 61 20512 1577
57 62 7770 597
57 63 20156 1550
57 64 19370 1490
57 65 4822 370
57 66 19197 1476
57 67 360 27
57 68 22721 1747
57 69 29065 2235
57 70 17483 1344
57 71 263 20
57 72 22092 1699
57 73 5841 449
57 74 10544 811
58 0 23082 1775
58 1 18942 1457
58 2 15137 1164
58 3 1177 90
58 4 4970 382
58 5 28096 2161
58 6 22550 1734
58 7 19002 1461
58 8 12565 966
58 9 2922 224
58 10 1033 79
58 11 20580 1583
58 12 6939 533
58 13 19078 1467
58 14 16459 1266
58 15 15711 1208
58 16 15647 1203
58 17 9126 702
58 18 13947 1072
58 19 15258 1173
58 20 24341 1872
58 21 11553 888
58 22 1801 138
58 23 9535 733
58 24 15899 1223
58 25 12622 970
58 26 7617 585
58 27 13769 1059
58 28 10301 792
58 29 22335 1718
58 30 20022 1540
58 31 12204 938
58 32 20064 1543
58 33 14433 1110
58 34 9987 768
58 35 12417 955
58 36 21907 1685
58 37 11327 871
58 38 19548 1503
58 39 15847 1219
58 40 8619 663
58 41 25128 1932
58 42 1683 129
58 43 20584 1583
58 44 12370 951
58 45 25469 1959
58 46 24299 1869
58 47 14733 1133
58 48 18457 1419
58 49 572 44
58 50 1069 82
58 51 4864 374
58 52 16968 1305
58 53 5233 402
58 54 26111 2008
58 55 5327 409
58 56 20995 1615
58 57 25470 1959
58 58 0 0
58 59 1703 131
58 60 15824 1217
58 61 4674 359
58 62 23514 1808
58 63 12818 986
58 64 18028 1386
58 65 25420 1955
58 66 24443 1880
58 67 9219 709
58 68 29119 2239
58 69 12777 982
58 70 15885 1221
58 71 17296 1330
58 72 20061 1543
58 73 16284 1252
58 74 13974 1074
59 0 26549 2042
59 1 15427 1186
59 2 22815 1755
59 3 5297 407
59 4 18168 1397
59 5 12375 951
59 6 8247 634
59 7 22514 1731
59 8 20189 1553
59 9 5352 411
59 10 8854 681
59 11 15440 1187
59 12 3635 279
59 13 3346 257
59 14 25781 1983
59 15 22942 1764
59 16 27694 2130
59 17 11864 912
59 18 24664 1897
59 19 19524 1501
59 20 17567 1351
59 21 15852 1219
59 22 1398 107
59 23 6284 483
59 24 13376 1028
59 25 1076 82
59 26 2590 199
59 27 5955 458
59 28 29607 2277
59 29 800 61
59 30 11254 865
59 31 17117 1316
59 32 23733 1825
59 33 900 69
59 34 11981 921
59 35 12832 987
59 36 18558 1427
59 37 21612 1662
59 38 1844 141
59 39 13354 1027
59 40 20379 1567
59 41 18122 1394
59 42 7851 603
59 43 21615 1662
59 44 25861 1989
59 45 3528 271
59 46 2137 164
59 47 9962 766
59 48 15844 1218
59 49 3405 261
59 50 13956 1073
59 51 22606 1738
59 52 21338 1641
59 53 12434 956
59 54 15182 1167
59 55 25784 1983
59 56 7859 604
59 57 25450 1957
59 58 17894 1376
59 59 0 0
59 60 3754 288
59 61 11702 900
59 62 16685 1283
59 63 22308 1716
59 64 17094 1314
59 65 1218 93
59 66 3090 237
59 67 5177 398
59 68 9386 722
59 69 28689 2206
59 70 25027 1925
59 71 1330 102
59 72 11629 894
59 73 28878 2221
59 74 13156 1012
60 0 10289 791
60 1 14039 1079
60 2 2372 182
60 3 25542 1964
60 4 7550 580
60 5 10648 819
60 6 27261 2097
60 7 740 56
60 8 5093 391
60 9 12350 950
60 10 29827 2294
60 11 7454 573
60 12 4838 372
60 13 14501 1115
60 14 18478 1421
60 15 3569 274
60 16 28238 2172
60 17 20048 1542
60 18 27904 2146
60 19 2005 154
60 20 17897 1376
60 21 9392 722
60 22 15151 1165
60 23 3475 267
60 24 18256 1404
60 25 13158 1012
60 26 1900 146
60 27 21663 1666
60 28 13085 1006
60 29 16484 1268
60 30 26498 2038
60 31 22529 1733
60 32 23900 1838
60 33 7989 614
60 34 12451 957
60 35 8523 655
60 36 22715 1747
60 37 23834 1833
60 38 5849 449
60 39 4960 381
60 40 24930 1917
60 41 12832 987
60 42 25938 1995
60 43 12095 930
60 44 20582 1583
60 45 25000 1923
60 46 17817 1370
60 47 15547 1195
60 48 17128 1317
60 49 8809 677
60 50 15794 1214
60 51 20575 1582
60 52 300 23
60 53 15385 1183
60 54 11180 860
60 55 24360 1873
60 56 17838 1372
60 57 15417 1185
60 58 13827 1063
60 59 19416 1493
60 60 0 0
60 61 19484 1498
60 62 16459 1266
60 63 18280 1406
60 64 10456 804
60 65 6403 492
60 66 10915 839
60 67 10349 796
60 68 29188 2245
60 69 14566 1120
60 70 8837 679
60 71 24083 1852
60 72 19468 1497
60 73 7379 567
60 74 22368 1720
61 0 14724 1132
61 1 13226 1017
61 2 25715 1978
61 3 4533 348
61 4 5961 458
61 5 25904 1992
61 6 22040 1695
61 7 18797 1445
61 8 15094 1161
61 9 20910 1608
61 10 4815 370
61 11 18837 1449
61 12 9955 765
61 13 1151 88
61 14 25204 1938
61 15 19200 1476
61 16 1622 124
61 17 13222 1017
61 18 3206 246
61 19 6176 475
61 20 1837 141
61 21 12122 932
61 22 3530 271
61 23 12528 963
61 24 29302 2254
61 25 7838 602
61 26 28368 2182
61 27 25749 1980
61 28 26381 2029
61 29 6426 494
61 30 15313 1177
61 31 13967 1074
61 32 24277 1867
61 33 6164 474
61 34 29619 2278
61 35 3384 260
61 36 18801 1446
61 37 19075 1467
61 38 14913 1147
61 39 28726 2209
61 40 15980 1229
61 41 19198 1476
61 42 28733 2210
61 43 14513 1116
61 44 14010 1077
61 45 24419 1878
61 46 14676 1128
61 47 5343 411
61 48 29767 2289
61 49 8949 688
61 50 26473 2036
61 51 1464 112
61 52 29982 2306
61 53 29700 2284
61 54 19092 1468
61 55 8375 644
61 56 24963 1920
61 57 23058 1773
61 58 1930 148
61 59 2482 190
61 60 21498 1653
61 61 0 0
61 62 22593 1737
61 63 186 14
61 64 28647 2203
61 65 14833 1141
61 66 21615 1662
61 67 20821 1601
61 68 825 63
61 69 26605 2046
61 70 11036 848
61 71 4644 357
61 72 1071 82
61 73 22838 1756
61 74 18911 1454
62 0 17665 1358
62 1 1275 98
62 2 27255 2096
62 3 1833 141
62 4 5728 440
62 5 1957 150
62 6 23686 1822
62 7 11884 914
62 8 24438 1879
62 9 15708 1208
62 10 11690 899
62 11 20519 1578
62 12 6596 507
62 13 25355 1950
62 14 28165 2166
62 15 19859 1527
62 16 10620 816
62 17 21705 1669
62 18 29828 2294
62 19 21829 1679
62 20 2459 189
62 21 23867 1835
62 22 24729 1902
62 23 107 8
62 24 13779 1059
62 25 3021 232
62 26 15985 1229
62 27 24768 1905
62 28 25745 1980
62 29 1329 102
62 30 14574 1121
62 31 19869 1528
62 32 1217 93
62 33 10071 774
62 34 24523 1886
62 35 22334 1718
62 36 16999 1307
62 37 4870 374
62 38 13710 1054
62 39 14908 1146
62 40 28745 2211
62 41 11282 867
62 42 15941 1226
62 43 1268 97
62 44 17620 1355
62 45 26039 2003
62 46 13701 1053
62 47 27205 2092
62 48 7246 557
62 49 21529 1656
62 50 27875 2144
62 51 25431 1956
62 52 14514 1116
62 53 23968 1843
62 54 3771 290
62 55 14626 1125
62 56 23735 1825
62 57 25452 1957
62 58 29606 2277
62 59 14182 1090
62 60 24606 1892
62 61 21898 1684
62 62 0 0
62 63 4408 339
62 64 1344 103
62 65 4258 327
62 66 13841 1064
62 67 15482 1190
62 68 14272 1097
62 69 19209 1477
62 70 29916 2301
62 71 15783 1214
62 72 19113 1470
62 73 28714 2208
62 74 28948 2226
63 0 26113 2008
63 1 21455 1650
63 2 13385 1029
63 3 2476 190
63 4 21639 1664
63 5 5650 434
63 6 16209 1246
63 7 2553 196
63 8 26397 2030
63 9 4656 358
63 10 25255 1942
63 11 20387 1568
63 12 15327 1179
63 13 1985 152
63 14 5133 394
63 15 8404 646
63 16 29999 2307
63 17 2705 208
63 18 481 37
63 19 25095 1930
63 20 359 27
63 21 1178 90
63 22 20550 1580
63 23 25894 1991
63 24 10475 805
63 25 8629 663
63 26 22650 1742
63 27 21251 1634
63 28 26662 2050
63 29 29182 2244
63 30 16316 1255
63 31 18056 1388
63 32 25897 1992
63 33 21553 1657
63 34 393 30
63 35 8409 646
63 36 23366 1797
63 37 21470 1651
63 38 5393 414
63 39 17093 1314
63 40 21911 1685
63 41 6362 489
63 42 10132 779
63 43 2336 179
63 44 14934 1148
63 45 13755 1058
63 46 9199 707
63 47 25876 1990
63 48 29197 2245
63 49 1431 110
63 50 24969 1920
63 51 21006 1615
63 52 17418 1339
63 53 16536 1272
63 54 15375 1182
63 55 14068 1082
63 56 7307 562
63 57 25264 1943
63 58 27180 2090
63 59 10041 772
63 60 9340 718
63 61 21882 1683
63 62 3548 272
63 63 0 0
63 64 3697 284
63 65 19354 1488
63 66 7900 607
63 67 15105 1161
63 68 7404 569
63 69 14955 1150
63 70 8959 689
63 71 26749 2057
63 72 14145 1088
63 73 17853 1373
63 74 20724 1594
64 0 17367 1335
64 1 16044 1234
64 2 13599 1046
64 3 1808 139
64 4 25211 1939
64 5 4342 334
64 6 4978 382
64 7 25920 1993
64 8 23445 1803
64 9 26088 2006
64 10 16393 1261
64 11 18843 1449
64 12 11032 848
64 13 13894 1068
64 14 11296 868
64 15 20647 1588
64 16 12312 947
64 17 23682 1821
64 18 26852 2065
64 19 11537 887
64 20 16190 1245
64 21 7254 558
64 22 13158 1012
64 23 22535 1733
64 24 21534 1656
64 25 27915 2147
64 26 9214 708
64 27 24140 1856
64 28 23003 1769
64 29 23290 1791
64 30 21929 1686
64 31 17611 1354
64 32 26745 2057
64 33 19195 1476
64 34 2369 182
64 35 23339 1795
64 36 3903 300
64 37 19875 1528
64 38 2538 195
64 39 20950 1611
64 40 21277 1636
64 41 15576 1198
64 42 12253 942
64 43 9168 705
64 44 18996 1461
64 45 19946 1534
64 46 21514 1654
64 47 21505 1654
64 48 14215 1093
64 49 929 71
64 50 14168 1089
64 51 18312 1408
64 52 29908 2300
64 53 18619 1432
64 54 14541 1118
64 55 4237 325
64 56 20859 1604
64 57 21385 1645
64 58 27354 2104
64 59 15797 1215
64 60 19928 1532
64 61 28662 2204
64 62 1375 105
64 63 28902 2223
64 64 0 0
64 65 12340 949
64 66 1738 133
64 67 29717 2285
64 68 17486 1345
64 69 19903 1531
64 70 23940 1841
64 71 12643 972
64 72 11072 851
64 73 4847 372
64 74 775 59
65 0 578 44
65 1 9841 757
65 2 3530 271
65 3 15226 1171
65 4 6309 485
65 5 20114 1547
65 6 26787 2060
65 7 9665 743
65 8 10636 818
65 9 9209 708
65 10 27035 2079
65 11 15491 1191
65 12 15888 1222
65 13 1356 104
65 14 14610 1123
65 15 17028 1309
65 16 29571 2274
65 17 21720 1670
65 18 28118 2162
65 19 9935 764
65 20 216 16
65 21 13547 1042
65 22 24976 1921
65 23 7328 563
65 24 24323 1871
65 25 14758 1135
65 26 11399 876
65 27 27835 2141
65 28 8482 652
65 29 299 23
65 30 20183 1552
65 31 16263 1251
65 32 6423 494
65 33 15211 1170
65 34 28786 2214
65 35 18874 1451
65 36 10317 793
65 37 17482 1344
65 38 27907 2146
65 39 11688 899
65 40 29053 2234
65 41 15941 1226
65 42 26142 2010
65 43 27724 2132
65 44 26889 2068
65 45 12912 993
65 46 11385 875
65 47 24660 1896
65 48 24413 1877
65 49 3243 249
65 50 5873 451
65 51 2973 228
65 52 9851 757
65 53 27627 2125
65 54 27144 2088
65 55 28972 2228
65 56 14215 1093
65 57 10969 843
65 58 11306 869
65 59 17709 1362
65 60 20837 1602
65 61 23993 1845
65 62 14715 1131
65 63 19554 1504
65 64 18964 1458
65 65 0 0
65 66 9559 735
65 67 18429 1417
65 68 24216 1862
65 69 22901 1761
65 70 12394 953
65 71 17679 1359
65 72 17284 1329
65 73 4073 313
65 74 6976 536
66 0 19060 1466
66 1 25377 1952
66 2 1916 147
66 3 10780 829
66 4 14433 1110
66 5 14195 1091
66 6 8298 638
66 7 18331 1410
66 8 650 50
66 9 14012 1077
66 10 4865 374
66 11 12083 929
66 12 12891 991
66 13 29247 2249
66 14 1722 132
66 15 22975 1767
66 16 16529 1271
66 17 25504 1961
66 18 15332 1179
66 19 24836 1910
66 20 4012 308
66 21 16999 1307
66 22 10485 806
66 23 29408 2262
66 24 991 76
66 25 3068 236
66 26 16340 1256
66 27 1616 124
66 28 24871 1913
66 29 7281 560
66 30 22457 1727
66 31 8548 657
66 32 5313 408
66 33 4634 356
66 34 14358 1104
66 35 24581 1890
66 36 16665 1281
66 37 15677 1205
66 38 29640 2280
66 39 4638 356
66 40 1041 80
66 41 6374 490
66 42 1457 112
66 43 14366 1105
66 44 2978 229
66 45 496 38
66 46 24081 1852
66 47 22708 1746
66 48 5216 401
66 49 12587 968
66 50 25123 1932
66 51 8170 628
66 52 22122 1701
66 53 18792 1445
66 54 7169 551
66 55 2700 207
66 56 24484 1883
66 57 14561 1120
66 58 2554 196
66 59 26339 2026
66 60 11932 917
66 61 18995 1461
66 62 27990 2153
66 63 3648 280
66 64 7144 549
66 65 4473 344
66 66 0 0
66 67 26850 2065
66 68 8951 688
66 69 10538 810
66 70 24100 1853
66 71 7293 561
66 72 11698 899
66 73 7975 613
66 74 20023 1540
67 0 18288 1406
67 1 15478 1190
67 2 15691 1207
67 3 6988 537
67 4 25620 1970
67 5 25647 1972
67 6 28991 2230
67 7 4505 346
67 8 11683 898
67 9 19020 1463
67 10 5177 398
67 11 436 33
67 12 27102 2084
67 13 20189 1553
67 14 19028 1463
67 15 27505 2115
67 16 18403 1415
67 17 5064 389
67 18 25135 1933
67 19 27039 2079
67 20 22551 1734
67 21 10309 793
67 22 15730 1210
67 23 27289 2099
67 24 7069 543
67 25 15013 1154
67 26 9706 746
67 27 19635 1510
67 28 18913 1454
67 29 10192 784
67 30 12449 957
67 31 14840 1141
67 32 5848 449
67 33 29514 2270
67 34 5011 385
67 35 13419 1032
67 36 23825 1832
67 37 22982 1767
67 38 16358 1258
67 39 13962 1074
67 40 29910 2300
67 41 29603 2277
67 42 4052 311
67 43 9947 765
67 44 6721 517
67 45 8794 676
67 46 26777 2059
67 47 1130 86
67 48 27361 2104
67 49 3494 268
67 50 19286 1483
67 51 18472 1420
67 52 14332 1102
67 53 11144 857
67 54 7834 602
67 55 24792 1907
67 56 28488 2191
67 57 28657 2204
67 58 26777 2059
67 59 11199 861
67 60 865 66
67 61 2985 229
67 62 10621 817
67 63 14100 1084
67 64 7624 586
67 65 8190 630
67 66 8570 659
67 67 0 0
67 68 13150 1011
67 69 17721 1363
67 70 16046 1234
67 71 3272 251
67 72 14001 1077
67 73 2512 193
67 74 22085 1698
68 0 22117 1701
68 1 12106 931
68 2 26744 2057
68 3 8448 649
68 4 27598 2122
68 5 8881 683
68 6 18962 1458
68 7 9097 699
68 8 21760 1673
68 9 11497 884
68 10 23019 1770
68 11 20960 1612
68 12 27579 2121
68 13 28374 2182
68 14 4419 339
68 15 25529 1963
68 16 20944 1611
68 17 25347 1949
68 18 18574 1428
68 19 25256 1942
68 20 21374 1644
68 21 26302 2023
68 22 14176 1090
68 23 11416 878
68 24 9457 727
68 25 7211 554
68 26 24347 1872
68 27 26356 2027
68 28 20706 1592
68 29 23387 1799
68 30 29929 2302
68 31 22599 1738
68 32 109 8
68 33 21197 1630
68 34 7690 591
68 35 5042 387
68 36 3015 231
68 37 27793 2137
68 38 22289 1714
68 39 17062 1312
68 40 24763 1904
68 41 17362 1335
68 42 3814 293
68 43 23708 1823
68 44 22943 1764
68 45 27066 2082
68 46 24930 1917
68 47 18624 1432
68 48 15941 1226
68 49 15157 1165
68 50 17018 1309
68 51 3183 244
68 52 29918 2301
68 53 26470 2036
68 54 25666 1974
68 55 17124 1317
68 56 19443 1495
68 57 26036 2002
68 58 2007 154
68 59 5729 440
68 60 3544 272
68 61 4190 322
68 62 18467 1420
68 63 29324 2255
68 64 6036 464
68 65 2059 158
68 66 17923 1378
68 67 18820 1447
68 68 0 0
68 69 14053 1081
68 70 28303 2177
68 71 29584 2275
68 72 24706 1900
68 73 22775 1751
68 74 29729 2286
69 0 28548 2196
69 1 14680 1129
69 2 15447 1188
69 3 12424 955
69 4 28514 2193
69 5 20364 1566
69 6 7246 557
69 7 19215 1478
69 8 8166 628
69 9 822 63
69 10 1857 142
69 11 26937 2072
69 12 9366 720
69 13 24811 1908
69 14 19325 1486
69 15 18933 1456
69 16 22189 1706
69 17 7028 540
69 18 576 44
69 19 10179 783
69 20 8618 662
69 21 21880 1683
69 22 27706 2131
69 23 19841 1526
69 24 7417 570
69 25 8493 653
69 26 13902 1069
69 27 21163 1627
69 28 5005 385
69 29 14612 1124
69 30 23965 1843
69 31 1181 90
69 32 16418 1262
69 33 24439 1879
69 34 3032 233
69 35 19533 1502
69 36 11821 909
69 37 12343 949
69 38 22236 1710
69 39 15128 1163
69 40 8667 666
69 41 23423 1801
69 42 8497 653
69 43 16442 1264
69 44 21631 1663
69 45 23103 1777
69 46 5893 453
69 47 24898 1915
69 48 2581 198
69 49 20625 1586
69 50 25204 1938
69 51 13679 1052
69 52 12288 945
69 53 24079 1852
69 54 1885 145
69 55 11593 891
69 56 26856 2065
69 57 28598 2199
69 58 7832 602
69 59 29101 2238
69 60 22198 1707
69 61 29165 2243
69 62 15856 1219
69 63 28467 2189
69 64 4410 339
69 65 20572 1582
69 66 16661 1281
69 67 15425 1186
69 68 20678 1590
69 69 0 0
69 70 5662 435
69 71 21024 1617
69 72 11663 897
69 73 9612 739
69 74 14060 1081
70 0 26955 2073
70 1 378 29
70 2 23747 1826
70 3 22077 1698
70 4 23020 1770
70 5 2599 199
70 6 6652 511
70 7 8129 625
70 8 15107 1162
70 9 21168 1628
70 10 22865 1758
70 11 22466 1728
70 12 21654 1665
70 13 23007 1769
70 14 3033 233
70 15 20310 1562
70 16 827 63
70 17 4149 319
70 18 21820 1678
70 19 1162 89
70 20 12316 947
70 21 5562 427
70 22 21460 1650
70 23 21307 1639
70 24 22369 1720
70 25 7661 589
70 26 14950 1150
70 27 20209 1554
70 28 26768 2059
70 29 14130 1086
70 30 18242 1403
70 31 14831 1140
70 32 18647 1434
70 33 128 9
70 34 27693 2130
70 35 10023 771
70 36 250 19
70 37 7884 606
70 38 15829 1217
70 39 13706 1054
70 40 3120 240
70 41 3153 242
70 42 9706 746
70 43 13653 1050
70 44 7791 599
70 45 23940 1841
70 46 21272 1636
70 47 7817 601
70 48 14780 1136
70 49 1910 146
70 50 22983 1767
70 51 14232 1094
70 52 12896 992
70 53 15379 1183
70 54 19281 1483
70 55 13657 1050
70 56 5385 414
70 57 3760 289
70 58 8496 653
70 59 7721 593
70 60 17577 1352
70 61 20263 1558
70 62 21127 1625
70 63 28675 2205
70 64 9446 726
70 65 17504 1346
70 66 28251 2173
70 67 1419 109
70 68 5212 400
70 69 15878 1221
70 70 0 0
70 71 12049 926
70 72 26093 2007
70 73 28850 2219
70 74 2769 213
71 0 10165 781
71 1 6435 495
71 2 5622 432
71 3 3788 291
71 4 24641 1895
71 5 18673 1436
71 6 11618 893
71 7 10898 838
71 8 21010 1616
71 9 15119 1163
71 10 6437 495
71 11 15053 1157
71 12 28946 2226
71 13 24059 1850
71 14 2911 223
71 15 28144 2164
71 16 23358 1796
71 17 7628 586
71 18 10607 815
71 19 3420 263
71 20 6033 464
71 21 10332 794
71 22 24185 1860
71 23 6632 510
71 24 17125 1317
71 25 28983 2229
71 26 11352 873
71 27 24881 1913
71 28 26060 2004
71 29 3680 283
71 30 9942 764
71 31 26771 2059
71 32 2632 202
71 33 10548 811
71 34 22097 1699
71 35 2407 185
71 36 21508 1654
71 37 15570 1197
71 38 28164 2166
71 39 19909 1531
71 40 25194 1938
71 41 20866 1605
71 42 28953 2227
71 43 6178 475
71 44 5974 459
71 45 29842 2295
71 46 19111 1470
71 47 18126 1394
71 48 15034 1156
71 49 16225 1248
71 50 29777 2290
71 51 22585 1737
71 52 26834 2064
71 53 20652 1588
71 54 23515 1808
71 55 9262 712
71 56 10459 804
71 57 7859 604
71 58 10461 804
71 59 2621 201
71 60 17772 1367
71 61 19890 1530
71 62 26842 2064
71 63 1498 115
71 64 18030 1386
71 65 24464 1881
71 66 3708 285
71 67 24279 1867
71 68 29006 2231
71 69 736 56
71 70 11825 909
71 71 0 0
71 72 3472 267
71 73 5227 402
71 74 15101 1161
72 0 25224 1940
72 1 4010 308
72 2 5044 388
72 3 11572 890
72 4 5963 458
72 5 6567 505
72 6 16091 1237
72 7 7880 606
72 8 17248 1326
72 9 22152 1704
72 10 29679 2283
72 11 27187 2091
72 12 17931 1379
72 13 18152 1396
72 14 3813 293
72 15 10039 772
72 16 16106 1238
72 17 3820 293
72 18 27711 2131
72 19 12349 949
72 20 7699 592
72 21 7944 611
72 22 22752 1750
72 23 15435 1187
72 24 6361 489
72 25 4748 365
72 26 28880 2221
72 27 17865 1374
72 28 25106 1931
72 29 10467 805
72 30 27622 2124
72 31 19140 1472
72 32 23779 1829
72 33 16057 1235
72 34 26026 2002
72 35 20501 1577
72 36 9914 762
72 37 4649 357
72 38 17944 1380
72 39 1470 113
72 40 26240 2018
72 41 14903 1146
72 42 16029 1233
72 43 19600 1507
72 44 6052 465
72 45 21082 1621
72 46 10776 828
72 47 22837 1756
72 48 8554 658
72 49 8844 680
72 50 11286 868
72 51 4430 340
72 52 22210 1708
72 53 19521 1501
72 54 14505 1115
72 55 7148 549
72 56 13445 1034
72 57 566 43
72 58 1742 134
72 59 9251 711
72 60 21677 1667
72 61 27225 2094
72 62 1627 125
72 63 21531 1656
72 64 9332 717
72 65 25657 1973
72 66 9145 703
72 67 28167 2166
72 68 10248 788
72 69 16485 1268
72 70 593 45
72 71 11036 848
72 72 0 0
72 73 28471 2190
72 74 1417 109
73 0 12799 984
73 1 21970 1690
73 2 11886 914
73 3 17852 1373
73 4 17945 1380
73 5 4622 355
73 6 22265 1712
73 7 27429 2109
73 8 1555 119
73 9 6061 466
73 10 1372 105
73 11 17916 1378
73 12 23332 1794
73 13 17654 1358
73 14 10785 829
73 15 21843 1680
73 16 29202 2246
73 17 23467 1805
73 18 9352 719
73 19 12013 924
73 20 5504 423
73 21 9502 730
73 22 18890 1453
73 23 9265 712
73 24 3511 270
73 25 4973 382
73 26 6435 495
73 27 10491 807
73 28 27779 2136
73 29 166 12
73 30 1108 85
73 31 2397 184
73 32 19777 1521
73 33 18457 1419
73 34 13930 1071
73 35 9275 713
73 36 13924 1071
73 37 2840 218
73 38 29623 2278
73 39 8689 668
73 40 21079 1621
73 41 6823 524
73 42 29643 2280
73 43 958 73
73 44 9943 764
73 45 12694 976
73 46 12993 999
73 47 17720 1363
73 48 21739 1672
73 49 19279 1483
73 50 3479 267
73 51 1243 95
73 52 18819 1447
73 53 8119 624
73 54 6069 466
73 55 26109 2008
73 56 6835 525
73 57 10667 820
73 58 22346 1718
73 59 3614 278
73 60 623 47
73 61 14958 1150
73 62 4088 314
73 63 16569 1274
73 64 24907 1915
73 65 17938 1379
73 66 21105 1623
73 67 9789 753
73 68 14929 1148
73 69 22755 1750
73 70 23540 1810
73 71 1751 134
73 72 16863 1297
73 73 0 0
73 74 7001 538
74 0 13301 1023
74 1 5731 440
74 2 9573 736
74 3 11060 850
74 4 18954 1458
74 5 9615 739
74 6 15766 1212
74 7 20808 1600
74 8 12146 934
74 9 1551 119
74 10 20876 1605
74 11 16573 1274
74 12 8065 620
74 13 20832 1602
74 14 23203 1784
74 15 19226 1478
74 16 14782 1137
74 17 19751 1519
74 18 22286 1714
74 19 11382 875
74 20 17215 1324
74 21 6068 466
74 22 209 16
74 23 18958 1458
74 24 4380 336
74 25 5989 460
74 26 3425 263
74 27 24166 1858
74 28 24518 1886
74 29 18491 1422
74 30 6686 514
74 31 10803 831
74 32 27178 2090
74 33 9360 720
74 34 12567 966
74 35 27245 2095
74 36 1090 83
74 37 8391 645
74 38 2829 217
74 39 910 70
74 40 6800 523
74 41 8323 640
74 42 1533 117
74 43 5284 406
74 44 6593 507
74 45 15455 1188
74 46 22287 1714
74 47 28157 2165
74 48 11275 867
74 49 21797 1676
74 50 17293 1330
74 51 7895 607
74 52 1792 137
74 53 19235 1479
74 54 26135 2010
74 55 26944 2072
74 56 11135 856
74 57 15738 1210
74 58 27913 2147
74 59 15760 1212
74 60 15158 1166
74 61 17734 1364
74 62 23423 1801
74 63 8128 625
74 64 18033 1387
74 65 24751 1903
74 66 833 64
74 67 9767 751
74 68 12354 950
74 69 7796 599
74 70 6376 490
74 71 29837 2295
74 72 6359 489
74 73 26788 2060
74 74 0 0
