25
1188 6510
1143 8059
768 6062
1197 8977
1173 7603
1019 6526
1185 6974
787 8384
663 8872
839 7877
1072 5228
723 7047
1029 8009
985 8654
1134 9053
746 6175
1151 5580
1071 7074
1048 6371
968 6396
1110 6166
1074 6030
1086 6921
882 9374
955 6339
0 0 0 0
0 1 1049 80
0 2 23100 1776
0 3 1136 87
0 4 19097 1469
0 5 22960 1766
0 6 8625 663
0 7 3939 303
0 8 20137 1549
0 9 18913 1454
0 10 11442 880
0 11 6336 487
0 12 14594 1122
0 13 721 55
0 14 21021 1617
0 15 5826 448
0 16 1314 101
0 17 29728 2286
0 18 20061 1543
0 19 19584 1506
0 20 18753 1442
0 21 7740 595
0 22 11122 855
0 23 9900 761
0 24 4682 360
1 0 18732 1440
1 1 0 0
1 2 3408 262
1 3 6576 505
1 4 29170 2243
1 5 6178 475
1 6 17020 1309
1 7 18309 1408
1 8 1020 78
1 9 14546 1118
1 10 5395 415
1 11 4121 317
1 12 29402 2261
1 13 9124 701
1 14 9964 766
1 15 20902 1607
1 16 24910 1916
1 17 29415 2262
1 18 17964 1381
1 19 4193 322
1 20 5401 415
1 21 12771 982
1 22 27896 2145
1 23 12028 925
1 24 16365 1258
2 0 6429 494
2 1 3128 240
2 2 0 0
2 3 26905 2069
2 4 4269 328
2 5 15516 1193
2 6 2772 213
2 7 8041 618
2 8 6799 523
2 9 13670 1051
2 10 19951 1534
2 11 17253 1327
2 12 15838 1218
2 13 21489 1653
2 14 12507 962
2 15 28077 2159
2 16 5233 402
2 17 20360 1566
2 18 29955 2304
2 19 19692 1514
2 20 1816 139
2 21 5681 437
2 22 10661 820
2 23 14357 1104
2 24 6066 466
3 0 25901 1992
3 1 17526 1348
3 2 9457 727
3 3 0 0
3 4 27528 2117
3 5 17268 1328
3 6 27052 2080
3 7 24216 1862
3 8 29226 2248
3 9 18504 1423
3 10 25838 1987
3 11 10046 772
3 12 4732 364
3 13 29557 2273
3 14 10677 821
3 15 11089 853
3 16 20632 1587
3 17 18601 1430
3 18 15444 1188
3 19 26260 2020
3 20 13209 1016
3 21 11326 871
3 22 14719 1132
3 23 11481 883
3 24 2560 196
4 0 28242 2172
4 1 16561 1273
4 2 14057 1081
4 3 3095 238
4 4 0 0
4 5 24678 1898
4 6 8903 684
4 7 997 76
4 8 22778 1752
4 9 2670 205
4 10 24344 1872
4 11 1908 146
4 12 7009 539
4 13 1395 107
4 14 28958 2227
4 15 2604 200
4 16 18501 1423
4 17 13464 1035
4 18 15712 1208
4 19 11551 888
4 20 9908 762
4 21 8294 638
4 22 20953 1611
4 23 25687 1975
4 24 14499 1115
5 0 26809 2062
5 1 28473 2190
5 2 21013 1616
5 3 19844 1526
5 4 26486 2037
5 5 0 0
5 6 11123 855
5 7 8333 641
5 8 6501 500
5 9 6321 486
5 10 23814 1831
5 11 2947 226
5 12 9168 705
5 13 1187 91
5 14 18684 1437
5 15 11819 909
5 16 26373 2028
5 17 10859 835
5 18 23866 1835
5 19 4014 308
5 20 29475 2267
5 21 3481 267
5 22 17552 1350
5 23 3248 249
5 24 29047 2234
6 0 26955 2073
6 1 16635 1279
6 2 21581 1660
6 3 7176 552
6 4 22429 1725
6 5 19933 1533
6 6 0 0
6 7 15809 1216
6 8 16448 1265
6 9 22370 1720
6 10 27570 2120
6 11 8527 655
6 12 3981 306
6 13 21555 1658
6 14 15735 1210
6 15 28125 2163
6 16 2934 225
6 17 14741 1133
6 18 9401 723
6 19 16614 1278
6 20 10677 821
6 21 3143 241
6 22 4819 370
6 23 24235 1864
6 24 10834 833
7 0 2808 216
7 1 29398 2261
7 2 3693 284
7 3 24463 1881
7 4 27555 2119
7 5 28648 2203
7 6 4188 322
7 7 0 0
7 8 2488 191
7 9 22017 1693
7 10 21454 1650
7 11 27363 2104
7 12 4835 371
7 13 15679 1206
7 14 16959 1304
7 15 8144 626
7 16 1394 107
7 17 2383 183
7 18 7298 561
7 19 3865 297
7 20 7921 609
7 21 27184 2091
7 22 7982 614
7 23 6895 530
7 24 11286 868
8 0 25411 1954
8 1 13000 1000
8 2 16542 1272
8 3 459 35
8 4 26187 2014
8 5 17097 1315
8 6 28005 2154
8 7 6756 519
8 8 0 0
8 9 16464 1266
8 10 17282 1329
8 11 26004 2000
8 12 23458 1804
8 13 4455 342
8 14 7290 560
8 15 25394 1953
8 16 28846 2218
8 17 15785 1214
8 18 19443 1495
8 19 10270 790
8 20 20802 1600
8 21 19948 1534
8 22 2395 184
8 23 25705 1977
8 24 27487 2114
9 0 29601 2277
9 1 3218 247
9 2 7476 575
9 3 19165 1474
9 4 23849 1834
9 5 4962 381
9 6 28899 2223
9 7 8244 634
9 8 14949 1149
9 9 0 0
9 10 7802 600
9 11 3354 258
9 12 19077 1467
9 13 13476 1036
9 14 15540 1195
9 15 6450 496
9 16 26047 2003
9 17 12790 983
9 18 4305 331
9 19 1393 107
9 20 1540 118
9 21 2792 214
9 22 15186 1168
9 23 3741 287
9 24 8179 629
10 0 2911 223
10 1 25523 1963
10 2 25587 1968
10 3 22291 1714
10 4 26735 2056
10 5 4973 382
10 6 18670 1436
10 7 27485 2114
10 8 10170 782
10 9 13987 1075
10 10 0 0
10 11 12437 956
10 12 28177 2167
10 13 3464 266
10 14 11977 921
10 15 27605 2123
10 16 26142 2010
10 17 26584 2044
10 18 768 59
10 19 12909 993
10 20 25017 1924
10 21 25207 1939
10 22 18394 1414
10 23 11098 853
10 24 24308 1869
11 0 16060 1235
11 1 28013 2154
11 2 23543 1811
11 3 15144 1164
11 4 13333 1025
11 5 3377 259
11 6 2114 162
11 7 12292 945
11 8 25501 1961
11 9 4091 314
11 10 15724 1209
11 11 0 0
11 12 4389 337
11 13 9744 749
11 14 474 36
11 15 19709 1516
11 16 1090 83
11 17 12144 934
11 18 2620 201
11 19 25198 1938
11 20 22752 1750
11 21 23991 1845
11 22 28533 2194
11 23 999 76
11 24 4851 373
12 0 15051 1157
12 1 27959 2150
12 2 8497 653
12 3 7364 566
12 4 12353 950
12 5 10781 829
12 6 4506 346
12 7 22483 1729
12 8 2165 166
12 9 28673 2205
12 10 21973 1690
12 11 24965 1920
12 12 0 0
12 13 20318 1562
12 14 23703 1823
12 15 25949 1996
12 16 27333 2102
12 17 2507 192
12 18 27859 2143
12 19 5244 403
12 20 19463 1497
12 21 17355 1335
12 22 5449 419
12 23 17431 1340
12 24 7285 560
13 0 5471 420
13 1 8205 631
13 2 8456 650
13 3 14336 1102
13 4 9451 727
13 5 11196 861
13 6 7255 558
13 7 23981 1844
13 8 21625 1663
13 9 27453 2111
13 10 28542 2195
13 11 23897 1838
13 12 14080 1083
13 13 0 0
13 14 10054 773
13 15 3560 273
13 16 10621 817
13 17 554 42
13 18 4869 374
13 19 16500 1269
13 20 18913 1454
13 21 546 42
13 22 23492 1807
13 23 7534 579
13 24 27414 2108
14 0 17553 1350
14 1 24279 1867
14 2 14987 1152
14 3 29720 2286
14 4 8818 678
14 5 18713 1439
14 6 28105 2161
14 7 8484 652
14 8 5369 413
14 9 29775 2290
14 10 29669 2282
14 11 25856 1988
14 12 6960 535
14 13 12541 964
14 14 0 0
14 15 24055 1850
14 16 29032 2233
14 17 15985 1229
14 18 6899 530
14 19 8256 635
14 20 5396 415
14 21 16753 1288
14 22 13920 1070
14 23 14459 1112
14 24 20532 1579
15 0 18395 1415
15 1 28452 2188
15 2 27258 2096
15 3 3544 272
15 4 17021 1309
15 5 24844 1911
15 6 5771 443
15 7 6495 499
15 8 4417 339
15 9 3462 266
15 10 27421 2109
15 11 26291 2022
15 12 8414 647
15 13 17728 1363
15 14 10499 807
15 15 0 0
15 16 24463 1881
15 17 9895 761
15 18 20387 1568
15 19 7914 608
15 20 23736 1825
15 21 8435 648
15 22 10286 791
15 23 6780 521
15 24 19544 1503
16 0 22497 1730
16 1 19864 1528
16 2 5941 457
16 3 5284 406
16 4 29421 2263
16 5 11336 872
16 6 22197 1707
16 7 9991 768
16 8 5727 440
16 9 8728 671
16 10 26994 2076
16 11 14000 1076
16 12 16124 1240
16 13 27864 2143
16 14 8248 634
16 15 14014 1078
16 16 0 0
16 17 23587 1814
16 18 20910 1608
16 19 10693 822
16 20 8077 621
16 21 11080 852
16 22 5180 398
16 23 8493 653
16 24 11155 858
17 0 13533 1041
17 1 5498 422
17 2 7485 575
17 3 17518 1347
17 4 11751 903
17 5 4429 340
17 6 6733 517
17 7 5991 460
17 8 24801 1907
17 9 2140 164
17 10 16319 1255
17 11 18255 1404
17 12 24277 1867
17 13 25304 1946
17 14 10029 771
17 15 23983 1844
17 16 25394 1953
17 17 0 0
17 18 1920 147
17 19 5263 404
17 20 25846 1988
17 21 22224 1709
17 22 19031 1463
17 23 5701 438
17 24 11439 879
18 0 12563 966
18 1 13811 1062
18 2 6846 526
18 3 10164 781
18 4 15901 1223
18 5 8629 663
18 6 9563 735
18 7 14738 1133
18 8 1758 135
18 9 8384 644
18 10 28916 2224
18 11 6027 463
18 12 23509 1808
18 13 6872 528
18 14 22938 1764
18 15 20740 1595
18 16 25807 1985
18 17 4692 360
18 18 0 0
18 19 10811 831
18 20 1451 111
18 21 14108 1085
18 22 18726 1440
18 23 16702 1284
18 24 6868 528
19 0 21993 1691
19 1 22812 1754
19 2 25208 1939
19 3 1493 114
19 4 5943 457
19 5 8689 668
19 6 14316 1101
19 7 21816 1678
19 8 16027 1232
19 9 21993 1691
19 10 26827 2063
19 11 7910 608
19 12 2485 191
19 13 20820 1601
19 14 14617 1124
19 15 6849 526
19 16 9814 754
19 17 4631 356
19 18 1225 94
19 19 0 0
19 20 28122 2163
19 21 3212 247
19 22 13136 1010
19 23 26298 2022
19 24 24403 1877
20 0 15543 1195
20 1 17211 1323
20 2 24709 1900
20 3 22581 1737
20 4 234 18
20 5 27575 2121
20 6 3869 297
20 7 4277 329
20 8 23916 1839
20 9 25560 1966
20 10 27207 2092
20 11 1189 91
20 12 9059 696
20 13 28227 2171
20 14 24326 1871
20 15 28657 2204
20 16 1931 148
20 17 19409 1493
20 18 26478 2036
20 19 10016 770
20 20 0 0
20 21 7576 582
20 22 8882 683
20 23 6686 514
20 24 26063 2004
21 0 20890 1606
21 1 20782 1598
21 2 14696 1130
21 3 21802 1677
21 4 28722 2209
21 5 18790 1445
21 6 2029 156
21 7 10440 803
21 8 19978 1536
21 9 15646 1203
21 10 25467 1959
21 11 3273 251
21 12 4869 374
21 13 16639 1279
21 14 15260 1173
21 15 27592 2122
21 16 1061 81
21 17 596 45
21 18 29223 2247
21 19 14209 1093
21 20 28692 2207
21 21 0 0
21 22 13556 1042
21 23 12459 958
21 24 12276 944
22 0 1625 125
22 1 27462 2112
22 2 8569 659
22 3 17885 1375
22 4 21815 1678
22 5 10552 811
22 6 12615 970
22 7 6750 519
22 8 189 14
22 9 24999 1923
22 10 8699 669
22 11 28249 2173
22 12 12874 990
22 13 27021 2078
22 14 21459 1650
22 15 656 50
22 16 822 63
22 17 27081 2083
22 18 20896 1607
22 19 9206 708
22 20 16221 1247
22 21 11705 900
22 22 0 0
22 23 2012 154
22 24 4008 308
23 0 22434 1725
23 1 7743 595
23 2 17563 1351
23 3 19140 1472
23 4 29689 2283
23 5 4325 332
23 6 4147 319
23 7 9798 753
23 8 26374 2028
23 9 21614 1662
23 10 1961 150
23 11 3508 269
23 12 17941 1380
23 13 100 7
23 14 29066 2235
23 15 23315 1793
23 16 17863 1374
23 17 14579 1121
23 18 22128 1702
23 19 5650 434
23 20 23308 1792
23 21 28531 2194
23 22 3942 303
23 23 0 0
23 24 18203 1400
24 0 23839 1833
24 1 17822 1370
24 2 20358 1566
24 3 9286 714
24 4 23259 1789
24 5 18443 1418
24 6 22095 1699
24 7 13437 1033
24 8 8987 691
24 9 9812 754
24 10 26760 2058
24 11 19354 1488
24 12 15955 1227
24 13 6192 476
24 14 25395 1953
24 15 11464 881
24 16 5911 454
24 17 167 12
24 18 12601 969
24 19 15416 1185
24 20 18488 1422
24 21 29232 2248
24 22 20808 1600
24 23 24819 1909
24 24 0 0
