75
859 6083
618 6711
1015 5844
949 5144
921 8662
889 7919
684 8274
1119 7095
687 8826
966 9410
1064 6009
616 5565
1000 5819
634 8274
1063 5794
673 9955
1173 6914
1199 6887
1076 6466
1155 5514
811 8608
756 5977
940 6797
1086 6670
1094 7748
915 5198
696 8038
641 5520
1150 9170
867 5111
1044 6009
666 7994
1137 6216
1049 7431
998 7751
786 7341
1056 7154
897 8861
606 7956
1139 8736
1047 9096
603 8059
992 9907
763 8150
759 8248
795 9226
1200 7091
962 6872
802 7420
1150 9551
914 5432
768 7189
937 5122
663 8607
1124 6713
1061 6981
677 6775
1166 8664
985 6023
660 7507
647 7799
861 8144
675 7729
744 9233
1028 7303
1136 8563
960 6322
1145 5575
1125 9507
956 9056
922 6579
903 9673
1114 6985
764 6269
935 9942
0 0 0 0
0 1 11914 916
0 2 1277 98
0 3 5183 398
0 4 14166 1089
0 5 6865 528
0 6 3588 276
0 7 2940 226
0 8 24210 1862
0 9 20395 1568
0 10 3538 272
0 11 10787 829
0 12 10352 796
0 13 10419 801
0 14 4630 356
0 15 10778 829
0 16 140 10
0 17 27692 2130
0 18 3468 266
0 19 28664 2204
0 20 10560 812
0 21 28913 2224
0 22 5834 448
0 23 4663 358
0 24 342 26
0 25 9313 716
0 26 7882 606
0 27 28509 2193
0 28 7881 606
0 29 1112 85
0 30 14694 1130
0 31 7193 553
0 32 8413 647
0 33 29939 2303
0 34 18172 1397
0 35 7700 592
0 36 443 34
0 37 10545 811
0 38 5286 406
0 39 17101 1315
0 40 23981 1844
0 41 12262 943
0 42 9021 693
0 43 795 61
0 44 28599 2199
0 45 8446 649
0 46 28289 2176
0 47 1397 107
0 48 22828 1756
0 49 11969 920
0 50 29705 2285
0 51 172 13
0 52 24269 1866
0 53 24990 1922
0 54 3117 239
0 55 26795 2061
0 56 27586 2122
0 57 18787 1445
0 58 2293 176
0 59 20400 1569
0 60 6926 532
0 61 1071 82
0 62 3250 250
0 63 10885 837
0 64 25555 1965
0 65 10120 778
0 66 12328 948
0 67 4386 337
0 68 11420 878
0 69 17054 1311
0 70 12290 945
0 71 17117 1316
0 72 7308 562
0 73 26688 2052
0 74 29554 2273
1 0 21982 1690
1 1 0 0
1 2 19903 1531
1 3 14484 1114
1 4 2358 181
1 5 20938 1610
1 6 13409 1031
1 7 22430 1725
1 8 25724 1978
1 9 25318 1947
1 10 20080 1544
1 11 19188 1476
1 12 8864 681
1 13 24723 1901
1 14 10921 840
1 15 3344 257
1 16 15343 1180
1 17 24963 1920
1 18 18033 1387
1 19 29599 2276
1 20 9104 700
1 21 7433 571
1 22 17414 1339
1 23 2421 186
1 24 28810 2216
1 25 28031 2156
1 26 28512 2193
1 27 15509 1193
1 28 26323 2024
1 29 16178 1244
1 30 505 38
1 31 28237 2172
1 32 3140 241
1 33 4248 326
1 34 13642 1049
1 35 16401 1261
1 36 8828 679
1 37 19752 1519
1 38 4568 351
1 39 14788 1137
1 40 11624 894
1 41 26209 2016
1 42 12907 992
1 43 8759 673
1 44 14898 1146
1 45 3138 241
1 46 20642 1587
1 47 9849 757
1 48 24381 1875
1 49 21334 1641
1 50 29593 2276
1 51 18796 1445
1 52 17479 1344
1 53 5130 394
1 54 16265 1251
1 55 22305 1715
1 56 15336 1179
1 57 29906 2300
1 58 6960 535
1 59 9069 697
1 60 11701 900
1 61 27376 2105
1 62 21875 1682
1 63 17843 1372
1 64 17187 1322
1 65 302 23
1 66 9136 702
1 67 4522 347
1 68 19229 1479
1 69 22998 1769
1 70 28405 2185
1 71 618 47
1 72 27459 2112
1 73 28428 2186
1 74 11510 885
2 0 14929 1148
2 1 15261 1173
2 2 0 0
2 3 29676 2282
2 4 28424 2186
2 5 20273 1559
2 6 23893 1837
2 7 24920 1916
2 8 3377 259
2 9 3998 307
2 10 19278 1482
2 11 2574 198
2 12 6307 485
2 13 20199 1553
2 14 27464 2112
2 15 21061 1620
2 16 3764 289
2 17 7361 566
2 18 10766 828
2 19 3474 267
2 20 24186 1860
2 21 9121 701
2 22 11754 904
2 23 23989 1845
2 24 8681 667
2 25 24175 1859
2 26 25136 1933
2 27 18524 1424
2 28 23808 1831
2 29 24220 1863
2 30 22777 1752
2 31 11680 898
2 32 8551 657
2 33 832 64
2 34 16248 1249
2 35 2655 204
2 36 18010 1385
2 37 3613 277
2 38 5803 446
2 39 15043 1157
2 40 16807 1292
2 41 20716 1593
2 42 12934 994
2 43 6475 498
2 44 122 9
2 45 8599 661
2 46 10024 771
2 47 19949 1534
2 48 29306 2254
2 49 11830 910
2 50 24798 1907
2 51 2345 180
2 52 25969 1997
2 53 17289 1329
2 54 14621 1124
2 55 15101 1161
2 56 3664 281
2 57 17897 1376
2 58 29029 2233
2 59 26694 2053
2 60 1423 109
2 61 21028 1617
2 62 23805 1831
2 63 9531 733
2 64 27993 2153
2 65 16566 1274
2 66 5291 407
2 67 12179 936
2 68 23753 1827
2 69 2391 183
2 70 27677 2129
2 71 24933 1917
2 72 18405 1415
2 73 28489 2191
2 74 13591 1045
3 0 15878 1221
3 1 15216 1170
3 2 20056 1542
3 3 0 0
3 4 16313 1254
3 5 16710 1285
3 6 11364 874
3 7 23542 1810
3 8 27221 2093
3 9 28430 2186
3 10 7530 579
3 11 21602 1661
3 12 13873 1067
3 13 3289 253
3 14 3189 245
3 15 3191 245
3 16 1138 87
3 17 4382 337
3 18 5052 388
3 19 27966 2151
3 20 2819 216
3 21 5153 396
3 22 21555 1658
3 23 12175 936
3 24 10029 771
3 25 2376 182
3 26 21067 1620
3 27 11919 916
3 28 16488 1268
3 29 23152 1780
3 30 28066 2158
3 31 13192 1014
3 32 14311 1100
3 33 8225 632
3 34 16368 1259
3 35 23908 1839
3 36 15126 1163
3 37 20743 1595
3 38 18362 1412
3 39 24710 1900
3 40 24258 1866
3 41 19438 1495
3 42 7573 582
3 43 27272 2097
3 44 25874 1990
3 45 9661 743
3 46 23065 1774
3 47 10286 791
3 48 19118 1470
3 49 22098 1699
3 50 9108 700
3 51 17341 1333
3 52 5927 455
3 53 20539 1579
3 54 288 22
3 55 6006 462
3 56 13283 1021
3 57 18707 1439
3 58 11078 852
3 59 29332 2256
3 60 21120 1624
3 61 23801 1830
3 62 23522 1809
3 63 21969 1689
3 64 28787 2214
3 65 1043 80
3 66 5392 414
3 67 1121 86
3 68 17826 1371
3 69 21039 1618
3 70 5838 449
3 71 13968 1074
3 72 19590 1506
3 73 2948 226
3 74 25485 1960
4 0 25580 1967
4 1 19927 1532
4 2 4656 358
4 3 12426 955
4 4 0 0
4 5 3349 257
4 6 26003 2000
4 7 9764 751
4 8 11178 859
4 9 2532 194
4 10 5839 449
4 11 23747 1826
4 12 29938 2302
4 13 10837 833
4 14 29845 2295
4 15 21132 1625
4 16 13727 1055
4 17 7176 552
4 18 21278 1636
4 19 5526 425
4 20 20862 1604
4 21 14573 1121
4 22 18087 1391
4 23 9877 759
4 24 29171 2243
4 25 12152 934
4 26 17005 1308
4 27 9921 763
4 28 15532 1194
4 29 26764 2058
4 30 5987 460
4 31 3729 286
4 32 4772 367
4 33 1953 150
4 34 24881 1913
4 35 26822 2063
4 36 28582 2198
4 37 16885 1298
4 38 29190 2245
4 39 18454 1419
4 40 8253 634
4 41 25152 1934
4 42 20090 1545
4 43 17849 1373
4 44 920 70
4 45 18592 1430
4 46 25908 1992
4 47 12954 996
4 48 16729 1286
4 49 29664 2281
4 50 25530 1963
4 51 16257 1250
4 52 23096 1776
4 53 28617 2201
4 54 14347 1103
4 55 3780 290
4 56 13828 1063
4 57 598 46
4 58 26480 2036
4 59 26269 2020
4 60 18409 1416
4 61 14810 1139
4 62 7800 600
4 63 17306 1331
4 64 15986 1229
4 65 11894 914
4 66 24243 1864
4 67 12662 974
4 68 18552 1427
4 69 2652 204
4 70 15593 1199
4 71 10951 842
4 72 19326 1486
4 73 20750 1596
4 74 15097 1161
5 0 23674 1821
5 1 23330 1794
5 2 27923 2147
5 3 9066 697
5 4 7313 562
5 5 0 0
5 6 23649 1819
5 7 4730 363
5 8 10287 791
5 9 28777 2213
5 10 932 71
5 11 12410 954
5 12 12503 961
5 13 28231 2171
5 14 3671 282
5 15 4948 380
5 16 20405 1569
5 17 24889 1914
5 18 22852 1757
5 19 22554 1734
5 20 25584 1968
5 21 232 17
5 22 5268 405
5 23 5170 397
5 24 21895 1684
5 25 15777 1213
5 26 12614 970
5 27 3677 282
5 28 12557 965
5 29 27885 2145
5 30 5864 451
5 31 22526 1732
5 32 27628 2125
5 33 13100 1007
5 34 26759 2058
5 35 20432 1571
5 36 8903 684
5 37 6302 484
5 38 9775 751
5 39 14485 1114
5 40 4366 335
5 41 23934 1841
5 42 13103 1007
5 43 25162 1935
5 44 14390 1106
5 45 24970 1920
5 46 11053 850
5 47 24008 1846
5 48 26082 2006
5 49 1492 114
5 50 8355 642
5 51 3150 242
5 52 9040 695
5 53 7909 608
5 54 2352 180
5 55 11892 914
5 56 18998 1461
5 57 23150 1780
5 58 14848 1142
5 59 3047 234
5 60 7044 541
5 61 11986 922
5 62 22504 1731
5 63 12380 952
5 64 14256 1096
5 65 7959 612
5 66 2556 196
5 67 24319 1870
5 68 28692 2207
5 69 15548 1196
5 70 21164 1628
5 71 26009 2000
5 72 9578 736
5 73 18316 1408
5 74 10878 836
6 0 8217 632
6 1 1703 131
6 2 23659 1819
6 3 5623 432
6 4 7920 609
6 5 21190 1630
6 6 0 0
6 7 28963 2227
6 8 12005 923
6 9 25576 1967
6 10 28495 2191
6 11 23773 1828
6 12 14964 1151
6 13 9372 720
6 14 12849 988
6 15 13381 1029
6 16 22194 1707
6 17 8767 674
6 18 27140 2087
6 19 9405 723
6 20 3336 256
6 21 11388 876
6 22 29872 2297
6 23 6608 508
6 24 18927 1455
6 25 16690 1283
6 26 6976 536
6 27 12199 938
6 28 1540 118
6 29 24559 1889
6 30 20347 1565
6 31 922 70
6 32 23936 1841
6 33 22067 1697
6 34 7937 610
6 35 11285 868
6 36 25214 1939
6 37 16564 1274
6 38 7639 587
6 39 17268 1328
6 40 21732 1671
6 41 5032 387
6 42 26887 2068
6 43 20627 1586
6 44 25923 1994
6 45 3934 302
6 46 1721 132
6 47 13717 1055
6 48 22380 1721
6 49 29118 2239
6 50 9027 694
6 51 29088 2237
6 52 10491 807
6 53 11751 903
6 54 22450 1726
6 55 8529 656
6 56 28297 2176
6 57 7186 552
6 58 11168 859
6 59 172 13
6 60 6360 489
6 61 14574 1121
6 62 21779 1675
6 63 18480 1421
6 64 20787 1599
6 65 2627 202
6 66 10044 772
6 67 9142 703
6 68 1323 101
6 69 10995 845
6 70 7952 611
6 71 15885 1221
6 72 764 58
6 73 3796 292
6 74 4681 360
7 0 13341 1026
7 1 2818 216
7 2 29283 2252
7 3 28434 2187
7 4 16713 1285
7 5 28871 2220
7 6 20191 1553
7 7 0 0
7 8 2488 191
7 9 4094 314
7 10 17331 1333
7 11 14382 1106
7 12 29715 2285
7 13 29227 2248
7 14 17795 1368
7 15 12250 942
7 16 12289 945
7 17 20045 1541
7 18 13559 1043
7 19 182 14
7 20 14205 1092
7 21 27084 2083
7 22 29071 2236
7 23 22314 1716
7 24 641 49
7 25 18805 1446
7 26 1312 100
7 27 7223 555
7 28 26258 2019
7 29 3797 292
7 30 23893 1837
7 31 23929 1840
7 32 17791 1368
7 33 29964 2304
7 34 27186 2091
7 35 7253 557
7 36 11344 872
7 37 10346 795
7 38 21129 1625
7 39 6758 519
7 40 17129 1317
7 41 3649 280
7 42 12201 938
7 43 7662 589
7 44 29578 2275
7 45 21415 1647
7 46 18763 1443
7 47 8335 641
7 48 23452 1804
7 49 6378 490
7 50 15548 1196
7 51 8987 691
7 52 4510 346
7 53 27462 2112
7 54 6010 462
7 55 15806 1215
7 56 20157 1550
7 57 15634 1202
7 58 8010 616
7 59 15749 1211
7 60 26020 2001
7 61 28664 2204
7 62 24541 1887
7 63 8885 683
7 64 3112 239
7 65 7292 560
7 66 28328 2179
7 67 21575 1659
7 68 4196 322
7 69 20435 1571
7 70 5901 453
7 71 18427 1417
7 72 8875 682
7 73 26016 2001
7 74 25750 1980
8 0 25434 1956
8 1 14564 1120
8 2 14219 1093
8 3 19892 1530
8 4 22017 1693
8 5 2884 221
8 6 3081 237
8 7 26728 2056
8 8 0 0
8 9 1871 143
8 10 8155 627
8 11 7013 539
8 12 21172 1628
8 13 20805 1600
8 14 13534 1041
8 15 13800 1061
8 16 29999 2307
8 17 11241 864
8 18 22019 1693
8 19 6854 527
8 20 22203 1707
8 21 7173 551
8 22 14009 1077
8 23 12682 975
8 24 26228 2017
8 25 15135 1164
8 26 7103 546
8 27 8707 669
8 28 3899 299
8 29 23682 1821
8 30 22529 1733
8 31 25245 1941
8 32 9779 752
8 33 26148 2011
8 34 26924 2071
8 35 14640 1126
8 36 3127 240
8 37 29839 2295
8 38 25238 1941
8 39 6904 531
8 40 1743 134
8 41 19421 1493
8 42 20794 1599
8 43 25524 1963
8 44 17163 1320
8 45 10085 775
8 46 1577 121
8 47 28877 2221
8 48 12770 982
8 49 16922 1301
8 50 24283 1867
8 51 2670 205
8 52 29196 2245
8 53 1981 152
8 54 2565 197
8 55 19546 1503
8 56 5417 416
8 57 16929 1302
8 58 29038 2233
8 59 11859 912
8 60 3947 303
8 61 10678 821
8 62 12038 926
8 63 8682 667
8 64 1888 145
8 65 9786 752
8 66 23940 1841
8 67 14242 1095
8 68 24894 1914
8 69 8616 662
8 70 19186 1475
8 71 15875 1221
8 72 28567 2197
8 73 11525 886
8 74 15210 1170
9 0 4072 313
9 1 8772 674
9 2 115 8
9 3 19184 1475
9 4 12131 933
9 5 24135 1856
9 6 11927 917
9 7 1852 142
9 8 7495 576
9 9 0 0
9 10 2158 166
9 11 25101 1930
9 12 29277 2252
9 13 6040 464
9 14 24762 1904
9 15 9925 763
9 16 19077 1467
9 17 17176 1321
9 18 3697 284
9 19 22064 1697
9 20 5733 441
9 21 12431 956
9 22 9292 714
9 23 4253 327
9 24 9048 696
9 25 24277 1867
9 26 17640 1356
9 27 20324 1563
9 28 29686 2283
9 29 4852 373
9 30 25036 1925
9 31 25437 1956
9 32 4331 333
9 33 18311 1408
9 34 16246 1249
9 35 21124 1624
9 36 14862 1143
9 37 28734 2210
9 38 24284 1868
9 39 7055 542
9 40 21969 1689
9 41 5251 403
9 42 2806 215
9 43 21106 1623
9 44 25431 1956
9 45 14665 1128
9 46 19935 1533
9 47 1110 85
9 48 28299 2176
9 49 20699 1592
9 50 18794 1445
9 51 28457 2189
9 52 19664 1512
9 53 956 73
9 54 14359 1104
9 55 6924 532
9 56 6369 489
9 57 1746 134
9 58 11906 915
9 59 21023 1617
9 60 16812 1293
9 61 22010 1693
9 62 13235 1018
9 63 15244 1172
9 64 15071 1159
9 65 14446 1111
9 66 9583 737
9 67 25158 1935
9 68 20535 1579
9 69 27430 2110
9 70 20114 1547
9 71 15944 1226
9 72 17832 1371
9 73 11123 855
9 74 4545 349
10 0 26156 2012
10 1 25040 1926
10 2 18213 1401
10 3 24915 1916
10 4 13653 1050
10 5 24962 1920
10 6 11160 858
10 7 2772 213
10 8 10507 808
10 9 25286 1945
10 10 0 0
10 11 22534 1733
10 12 14981 1152
10 13 14054 1081
10 14 23036 1772
10 15 21321 1640
10 16 15499 1192
10 17 7587 583
10 18 16363 1258
10 19 2941 226
10 20 21483 1652
10 21 2164 166
10 22 18305 1408
10 23 7106 546
10 24 22759 1750
10 25 12030 925
10 26 23683 1821
10 27 13079 1006
10 28 25649 1973
10 29 26279 2021
10 30 28593 2199
10 31 12748 980
10 32 22693 1745
10 33 2300 176
10 34 21044 1618
10 35 6709 516
10 36 16250 1250
10 37 20369 1566
10 38 7937 610
10 39 4417 339
10 40 23537 1810
10 41 21075 1621
10 42 10189 783
10 43 8648 665
10 44 2997 230
10 45 22559 1735
10 46 10298 792
10 47 2900 223
10 48 28957 2227
10 49 20507 1577
10 50 1701 130
10 51 18860 1450
10 52 14712 1131
10 53 6344 488
10 54 17971 1382
10 55 22732 1748
10 56 25535 1964
10 57 18394 1414
10 58 581 44
10 59 29672 2282
10 60 9721 747
10 61 16945 1303
10 62 6444 495
10 63 10962 843
10 64 5089 391
10 65 28016 2155
10 66 20426 1571
10 67 16919 1301
10 68 5952 457
10 69 24321 1870
10 70 26633 2048
10 71 22653 1742
10 72 1297 99
10 73 22198 1707
10 74 7344 564
11 0 26218 2016
11 1 13581 1044
11 2 9693 745
11 3 16457 1265
11 4 25414 1954
11 5 7855 604
11 6 8827 679
11 7 8877 682
11 8 8286 637
11 9 24706 1900
11 10 28448 2188
11 11 0 0
11 12 26278 2021
11 13 4206 323
11 14 772 59
11 15 28060 2158
11 16 6162 474
11 17 6936 533
11 18 9621 740
11 19 23295 1791
11 20 8958 689
11 21 12194 938
11 22 13063 1004
11 23 295 22
11 24 943 72
11 25 28411 2185
11 26 3534 271
11 27 6373 490
11 28 29455 2265
11 29 29086 2237
11 30 22932 1764
11 31 22360 1720
11 32 18924 1455
11 33 15282 1175
11 34 7003 538
11 35 23686 1822
11 36 27402 2107
11 37 27511 2116
11 38 1284 98
11 39 18691 1437
11 40 3336 256
11 41 26909 2069
11 42 5419 416
11 43 18763 1443
11 44 1600 123
11 45 21103 1623
11 46 171 13
11 47 23837 1833
11 48 17446 1342
11 49 20131 1548
11 50 24914 1916
11 51 13802 1061
11 52 28165 2166
11 53 24078 1852
11 54 4377 336
11 55 25898 1992
11 56 7135 548
11 57 27111 2085
11 58 26283 2021
11 59 22350 1719
11 60 6086 468
11 61 25544 1964
11 62 21076 1621
11 63 11786 906
11 64 8478 652
11 65 29578 2275
11 66 27035 2079
11 67 24663 1897
11 68 12778 982
11 69 5433 417
11 70 8349 642
11 71 1523 117
11 72 18875 1451
11 73 16964 1304
11 74 3279 252
12 0 21559 1658
12 1 10189 783
12 2 23905 1838
12 3 12174 936
12 4 21179 1629
12 5 4796 368
12 6 11521 886
12 7 21248 1634
12 8 8653 665
12 9 1985 152
12 10 4611 354
12 11 17353 1334
12 12 0 0
12 13 8531 656
12 14 20927 1609
12 15 7311 562
12 16 7866 605
12 17 15678 1206
12 18 26013 2001
12 19 29080 2236
12 20 23491 1807
12 21 557 42
12 22 4829 371
12 23 18640 1433
12 24 20384 1568
12 25 24816 1908
12 26 10159 781
12 27 16215 1247
12 28 5775 444
12 29 20394 1568
12 30 11854 911
12 31 19785 1521
12 32 20300 1561
12 33 14999 1153
12 34 4892 376
12 35 20207 1554
12 36 26543 2041
12 37 10925 840
12 38 7563 581
12 39 27547 2119
12 40 8614 662
12 41 3919 301
12 42 15875 1221
12 43 13717 1055
12 44 6830 525
12 45 26496 2038
12 46 29759 2289
12 47 19395 1491
12 48 19671 1513
12 49 3002 230
12 50 28372 2182
12 51 5285 406
12 52 10547 811
12 53 18864 1451
12 54 2882 221
12 55 7150 550
12 56 6000 461
12 57 8032 617
12 58 18760 1443
12 59 25758 1981
12 60 1692 130
12 61 10269 789
12 62 9702 746
12 63 1805 138
12 64 15171 1167
12 65 1044 80
12 66 11537 887
12 67 24103 1854
12 68 9660 743
12 69 25919 1993
12 70 26381 2029
12 71 20216 1555
12 72 4925 378
12 73 23932 1840
12 74 11253 865
13 0 5640 433
13 1 744 57
13 2 12527 963
13 3 11390 876
13 4 4922 378
13 5 9887 760
13 6 28321 2178
13 7 28840 2218
13 8 2524 194
13 9 8303 638
13 10 22472 1728
13 11 22997 1769
13 12 3546 272
13 13 0 0
13 14 5002 384
13 15 7566 582
13 16 13669 1051
13 17 18543 1426
13 18 22827 1755
13 19 989 76
13 20 24189 1860
13 21 1130 86
13 22 23586 1814
13 23 4492 345
13 24 11046 849
13 25 8008 616
13 26 18995 1461
13 27 628 48
13 28 28443 2187
13 29 5011 385
13 30 12309 946
13 31 11792 907
13 32 2964 228
13 33 7920 609
13 34 27507 2115
13 35 24663 1897
13 36 23541 1810
13 37 28374 2182
13 38 21316 1639
13 39 14761 1135
13 40 12073 928
13 41 13897 1069
13 42 5647 434
13 43 14124 1086
13 44 19434 1494
13 45 4279 329
13 46 18034 1387
13 47 22322 1717
13 48 4186 322
13 49 23988 1845
13 50 20570 1582
13 51 357 27
13 52 10172 782
13 53 18143 1395
13 54 7545 580
13 55 2693 207
13 56 5365 412
13 57 1966 151
13 58 29146 2242
13 59 17600 1353
13 60 7280 560
13 61 4222 324
13 62 24463 1881
13 63 5463 420
13 64 21859 1681
13 65 27399 2107
13 66 29123 2240
13 67 2802 215
13 68 27549 2119
13 69 22798 1753
13 70 20063 1543
13 71 2809 216
13 72 20454 1573
13 73 22496 1730
13 74 1715 131
14 0 22132 1702
14 1 5974 459
14 2 4074 313
14 3 17514 1347
14 4 27468 2112
14 5 26189 2014
14 6 25372 1951
14 7 23876 1836
14 8 8253 634
14 9 22678 1744
14 10 13419 1032
14 11 24084 1852
14 12 7099 546
14 13 2272 174
14 14 0 0
14 15 3553 273
14 16 2383 183
14 17 9021 693
14 18 1179 90
14 19 18642 1434
14 20 23554 1811
14 21 18601 1430
14 22 5542 426
14 23 29547 2272
14 24 28113 2162
14 25 25417 1955
14 26 26759 2058
14 27 16823 1294
14 28 18878 1452
14 29 20972 1613
14 30 1461 112
14 31 3493 268
14 32 13280 1021
14 33 17292 1330
14 34 1235 95
14 35 3180 244
14 36 29105 2238
14 37 24769 1905
14 38 29871 2297
14 39 5762 443
14 40 19138 1472
14 41 27452 2111
14 42 1972 151
14 43 18709 1439
14 44 2162 166
14 45 2412 185
14 46 11490 883
14 47 14686 1129
14 48 8544 657
14 49 2782 214
14 50 19096 1468
14 51 17092 1314
14 52 1806 138
14 53 24317 1870
14 54 6756 519
14 55 20650 1588
14 56 775 59
14 57 10766 828
14 58 16323 1255
14 59 15184 1168
14 60 3414 262
14 61 3067 235
14 62 11335 871
14 63 4110 316
14 64 17253 1327
14 65 5709 439
14 66 24952 1919
14 67 11384 875
14 68 4451 342
14 69 15258 1173
14 70 8693 668
14 71 12823 986
14 72 2925 225
14 73 23757 1827
14 74 19415 1493
15 0 16155 1242
15 1 9819 755
15 2 15382 1183
15 3 9310 716
15 4 15848 1219
15 5 21698 1669
15 6 2015 155
15 7 27779 2136
15 8 6761 520
15 9 28105 2161
15 10 9630 740
15 11 22342 1718
15 12 21306 1638
15 13 19898 1530
15 14 20762 1597
15 15 0 0
15 16 23305 1792
15 17 13002 1000
15 18 5337 410
15 19 26316 2024
15 20 28549 2196
15 21 7732 594
15 22 18026 1386
15 23 25506 1962
15 24 18095 1391
15 25 28181 2167
15 26 6518 501
15 27 28684 2206
15 28 16934 1302
15 29 16853 1296
15 30 12974 998
15 31 21364 1643
15 32 26765 2058
15 33 16663 1281
15 34 5337 410
15 35 19186 1475
15 36 2059 158
15 37 26974 2074
15 38 20062 1543
15 39 8611 662
15 40 25423 1955
15 41 18426 1417
15 42 7099 546
15 43 24897 1915
15 44 9552 734
15 45 12408 954
15 46 22236 1710
15 47 22841 1757
15 48 29775 2290
15 49 14571 1120
15 50 14841 1141
15 51 8820 678
15 52 28607 2200
15 53 26430 2033
15 54 16655 1281
15 55 16016 1232
15 56 23256 1788
15 57 15013 1154
15 58 7390 568
15 59 5489 422
15 60 16706 1285
15 61 4433 341
15 62 8135 625
15 63 17930 1379
15 64 5972 459
15 65 23907 1839
15 66 23669 1820
15 67 1914 147
15 68 13701 1053
15 69 20071 1543
15 70 29969 2305
15 71 12410 954
15 72 15972 1228
15 73 3662 281
15 74 23162 1781
16 0 8087 622
16 1 26693 2053
16 2 10075 775
16 3 29620 2278
16 4 25309 1946
16 5 13069 1005
16 6 28133 2164
16 7 16254 1250
16 8 22211 1708
16 9 29140 2241
16 10 9935 764
16 11 3663 281
16 12 10208 785
16 13 19649 1511
16 14 24599 1892
16 15 18157 1396
16 16 0 0
16 17 1989 153
16 18 863 66
16 19 10681 821
16 20 3123 240
16 21 15367 1182
16 22 974 74
16 23 9372 720
16 24 26373 2028
16 25 1394 107
16 26 8080 621
16 27 23213 1785
16 28 25447 1957
16 29 24930 1917
16 30 7654 588
16 31 24378 1875
16 32 6613 508
16 33 12912 993
16 34 18332 1410
16 35 14311 1100
16 36 5940 456
16 37 18940 1456
16 38 26791 2060
16 39 18473 1421
16 40 26841 2064
16 41 24390 1876
16 42 2338 179
16 43 25153 1934
16 44 8874 682
16 45 14539 1118
16 46 19207 1477
16 47 13510 1039
16 48 4051 311
16 49 2649 203
16 50 14680 1129
16 51 14238 1095
16 52 17052 1311
16 53 27455 2111
16 54 20516 1578
16 55 16845 1295
16 56 16001 1230
16 57 825 63
16 58 29941 2303
16 59 13201 1015
16 60 4633 356
16 61 22710 1746
16 62 417 32
16 63 17565 1351
16 64 5211 400
16 65 22282 1714
16 66 13178 1013
16 67 27482 2114
16 68 6893 530
16 69 7851 603
16 70 27492 2114
16 71 1010 77
16 72 18488 1422
16 73 8625 663
16 74 16901 1300
17 0 9197 707
17 1 25804 1984
17 2 19024 1463
17 3 10589 814
17 4 27868 2143
17 5 1204 92
17 6 21316 1639
17 7 22637 1741
17 8 1449 111
17 9 9148 703
17 10 13453 1034
17 11 22214 1708
17 12 26459 2035
17 13 14763 1135
17 14 7965 612
17 15 13957 1073
17 16 2743 211
17 17 0 0
17 18 511 39
17 19 9194 707
17 20 26429 2033
17 21 28835 2218
17 22 8990 691
17 23 6087 468
17 24 2915 224
17 25 29272 2251
17 26 24711 1900
17 27 3667 282
17 28 29310 2254
17 29 12002 923
17 30 3743 287
17 31 7859 604
17 32 7935 610
17 33 12459 958
17 34 14258 1096
17 35 20823 1601
17 36 21486 1652
17 37 20822 1601
17 38 28080 2160
17 39 20470 1574
17 40 10515 808
17 41 558 42
17 42 24735 1902
17 43 20316 1562
17 44 28536 2195
17 45 8011 616
17 46 11969 920
17 47 16622 1278
17 48 9738 749
17 49 24032 1848
17 50 18539 1426
17 51 1760 135
17 52 13144 1011
17 53 22596 1738
17 54 22771 1751
17 55 23878 1836
17 56 17611 1354
17 57 26055 2004
17 58 8460 650
17 59 10187 783
17 60 19215 1478
17 61 2984 229
17 62 18944 1457
17 63 2614 201
17 64 13478 1036
17 65 13082 1006
17 66 20261 1558
17 67 18512 1424
17 68 29306 2254
17 69 14393 1107
17 70 2703 207
17 71 13494 1038
17 72 18789 1445
17 73 2129 163
17 74 9406 723
18 0 17133 1317
18 1 18957 1458
18 2 23095 1776
18 3 9497 730
18 4 29492 2268
18 5 22257 1712
18 6 3456 265
18 7 7731 594
18 8 1678 129
18 9 19068 1466
18 10 3936 302
18 11 18531 1425
18 12 22610 1739
18 13 18496 1422
18 14 16774 1290
18 15 22107 1700
18 16 23879 1836
18 17 25462 1958
18 18 0 0
18 19 9642 741
18 20 27127 2086
18 21 13483 1037
18 22 28150 2165
18 23 17052 1311
18 24 6776 521
18 25 24811 1908
18 26 26664 2051
18 27 6134 471
18 28 26288 2022
18 29 5282 406
18 30 8912 685
18 31 11590 891
18 32 8763 674
18 33 27325 2101
18 34 20449 1573
18 35 16222 1247
18 36 15916 1224
18 37 22711 1747
18 38 3149 242
18 39 1495 115
18 40 3499 269
18 41 10784 829
18 42 6559 504
18 43 14384 1106
18 44 4663 358
18 45 22420 1724
18 46 29432 2264
18 47 5776 444
18 48 8843 680
18 49 12540 964
18 50 6438 495
18 51 17963 1381
18 52 24712 1900
18 53 6051 465
18 54 615 47
18 55 13214 1016
18 56 777 59
18 57 19151 1473
18 58 5892 453
18 59 9340 718
18 60 955 73
18 61 3858 296
18 62 5461 420
18 63 16970 1305
18 64 13038 1002
18 65 2504 192
18 66 2547 195
18 67 17804 1369
18 68 5224 401
18 69 14149 1088
18 70 3304 254
18 71 16737 1287
18 72 7060 543
18 73 23242 1787
18 74 14633 1125
19 0 26801 2061
19 1 8402 646
19 2 28097 2161
19 3 17928 1379
19 4 28413 2185
19 5 26155 2011
19 6 22921 1763
19 7 2911 223
19 8 25419 1955
19 9 4835 371
19 10 29203 2246
19 11 7307 562
19 12 23094 1776
19 13 13060 1004
19 14 14309 1100
19 15 2150 165
19 16 21771 1674
19 17 5399 415
19 18 20813 1601
19 19 0 0
19 20 4080 313
19 21 22729 1748
19 22 6752 519
19 23 21224 1632
19 24 11566 889
19 25 26915 2070
19 26 12280 944
19 27 17083 1314
19 28 2881 221
19 29 23761 1827
19 30 20627 1586
19 31 21427 1648
19 32 19736 1518
19 33 1258 96
19 34 23925 1840
19 35 2193 168
19 36 18438 1418
19 37 5522 424
19 38 14811 1139
19 39 29158 2242
19 40 839 64
19 41 28611 2200
19 42 3569 274
19 43 18659 1435
19 44 2122 163
19 45 12145 934
19 46 5697 438
19 47 17753 1365
19 48 11956 919
19 49 13699 1053
19 50 2746 211
19 51 17781 1367
19 52 22517 1732
19 53 22027 1694
19 54 21397 1645
19 55 24696 1899
19 56 21799 1676
19 57 19486 1498
19 58 25818 1986
19 59 15920 1224
19 60 15671 1205
19 61 8165 628
19 62 29323 2255
19 63 4031 310
19 64 21912 1685
19 65 15301 1177
19 66 2821 217
19 67 5261 404
19 68 11800 907
19 69 6622 509
19 70 29449 2265
19 71 29832 2294
19 72 4136 318
19 73 9942 764
19 74 2046 157
20 0 27530 2117
20 1 1558 119
20 2 18627 1432
20 3 911 70
20 4 26629 2048
20 5 1691 130
20 6 6422 494
20 7 29047 2234
20 8 13172 1013
20 9 29682 2283
20 10 15898 1222
20 11 22422 1724
20 12 6290 483
20 13 29789 2291
20 14 8935 687
20 15 2541 195
20 16 29751 2288
20 17 28477 2190
20 18 24874 1913
20 19 15413 1185
20 20 0 0
20 21 8297 638
20 22 17174 1321
20 23 8996 692
20 24 24714 1901
20 25 11934 918
20 26 13638 1049
20 27 6850 526
20 28 25912 1993
20 29 14032 1079
20 30 3117 239
20 31 23318 1793
20 32 14372 1105
20 33 8522 655
20 34 25515 1962
20 35 5895 453
20 36 27562 2120
20 37 28234 2171
20 38 29883 2298
20 39 2853 219
20 40 13931 1071
20 41 19304 1484
20 42 17106 1315
20 43 2017 155
20 44 10202 784
20 45 26543 2041
20 46 26925 2071
20 47 26397 2030
20 48 6102 469
20 49 24650 1896
20 50 1858 142
20 51 5409 416
20 52 6690 514
20 53 22241 1710
20 54 1913 147
20 55 27906 2146
20 56 5423 417
20 57 22584 1737
20 58 16013 1231
20 59 6047 465
20 60 17104 1315
20 61 4577 352
20 62 3294 253
20 63 5030 386
20 64 15208 1169
20 65 10906 838
20 66 25432 1956
20 67 1412 108
20 68 25858 1989
20 69 22689 1745
20 70 23986 1845
20 71 28047 2157
20 72 3311 254
20 73 679 52
20 74 18212 1400
21 0 26243 2018
21 1 23728 1825
21 2 29167 2243
21 3 13939 1072
21 4 25771 1982
21 5 24418 1878
21 6 4424 340
21 7 23358 1796
21 8 2749 211
21 9 5836 448
21 10 17649 1357
21 11 21766 1674
21 12 24810 1908
21 13 11072 851
21 14 18146 1395
21 15 12366 951
21 16 23627 1817
21 17 8418 647
21 18 1799 138
21 19 19111 1470
21 20 3785 291
21 21 0 0
21 22 27229 2094
21 23 13775 1059
21 24 14568 1120
21 25 15743 1211
21 26 5242 403
21 27 28644 2203
21 28 28368 2182
21 29 12794 984
21 30 19806 1523
21 31 21165 1628
21 32 1672 128
21 33 2949 226
21 34 10204 784
21 35 12324 948
21 36 26206 2015
21 37 1743 134
21 38 26513 2039
21 39 795 61
21 40 1102 84
21 41 19825 1525
21 42 16794 1291
21 43 11604 892
21 44 16500 1269
21 45 1071 82
21 46 1785 137
21 47 1544 118
21 48 10384 798
21 49 25629 1971
21 50 14164 1089
21 51 20354 1565
21 52 19758 1519
21 53 8273 636
21 54 16714 1285
21 55 25604 1969
21 56 18470 1420
21 57 2289 176
21 58 12933 994
21 59 755 58
21 60 8936 687
21 61 1849 142
21 62 29755 2288
21 63 5723 440
21 64 20460 1573
21 65 22083 1698
21 66 28220 2170
21 67 14422 1109
21 68 21500 1653
21 69 4279 329
21 70 3245 249
21 71 18462 1420
21 72 20243 1557
21 73 15406 1185
21 74 17471 1343
22 0 3300 253
22 1 16383 1260
22 2 11014 847
22 3 8102 623
22 4 23722 1824
22 5 2744 211
22 6 4298 330
22 7 10326 794
22 8 8014 616
22 9 12208 939
22 10 10907 839
22 11 22089 1699
22 12 267 20
22 13 2316 178
22 14 17400 1338
22 15 1381 106
22 16 26136 2010
22 17 29673 2282
22 18 20265 1558
22 19 6429 494
22 20 18466 1420
22 21 29313 2254
22 22 0 0
22 23 866 66
22 24 22131 1702
22 25 9066 697
22 26 28009 2154
22 27 24353 1873
22 28 13721 1055
22 29 17594 1353
22 30 9411 723
22 31 3479 267
22 32 12091 930
22 33 13876 1067
22 34 22635 1741
22 35 600 46
22 36 19785 1521
22 37 4868 374
22 38 6895 530
22 39 11529 886
22 40 25218 1939
22 41 21058 1619
22 42 23168 1782
22 43 4460 343
22 44 12894 991
22 45 3479 267
22 46 9387 722
22 47 7381 567
22 48 4376 336
22 49 29968 2305
22 50 19924 1532
22 51 9952 765
22 52 931 71
22 53 6309 485
22 54 28868 2220
22 55 14475 1113
22 56 25650 1973
22 57 24457 1881
22 58 10046 772
22 59 15473 1190
22 60 7528 579
22 61 21371 1643
22 62 6771 520
22 63 11591 891
22 64 1899 146
22 65 10281 790
22 66 18767 1443
22 67 21839 1679
22 68 5920 455
22 69 14764 1135
22 70 12487 960
22 71 18147 1395
22 72 26838 2064
22 73 7575 582
22 74 11620 893
23 0 27291 2099
23 1 8749 673
23 2 10646 818
23 3 12815 985
23 4 23668 1820
23 5 5382 414
23 6 530 40
23 7 2906 223
23 8 17250 1326
23 9 27623 2124
23 10 5121 393
23 11 12936 995
23 12 24881 1913
23 13 13160 1012
23 14 21164 1628
23 15 18349 1411
23 16 3969 305
23 17 26995 2076
23 18 4450 342
23 19 2837 218
23 20 21260 1635
23 21 23387 1799
23 22 5857 450
23 23 0 0
23 24 12967 997
23 25 21769 1674
23 26 20882 1606
23 27 28808 2216
23 28 17761 1366
23 29 22596 1738
23 30 19498 1499
23 31 27785 2137
23 32 6955 535
23 33 15911 1223
23 34 14609 1123
23 35 28029 2156
23 36 27544 2118
23 37 4324 332
23 38 18577 1429
23 39 11793 907
23 40 28804 2215
23 41 9155 704
23 42 19214 1478
23 43 3494 268
23 44 16642 1280
23 45 26163 2012
23 46 6592 507
23 47 7501 577
23 48 10840 833
23 49 5307 408
23 50 20793 1599
23 51 29093 2237
23 52 6641 510
23 53 15652 1204
23 54 4256 327
23 55 17222 1324
23 56 4461 343
23 57 28791 2214
23 58 22864 1758
23 59 7386 568
23 60 14742 1134
23 61 20451 1573
23 62 17231 1325
23 63 11403 877
23 64 12963 997
23 65 28592 2199
23 66 20325 1563
23 67 24762 1904
23 68 20563 1581
23 69 5452 419
23 70 26097 2007
23 71 24270 1866
23 72 26147 2011
23 73 22015 1693
23 74 23061 1773
24 0 29937 2302
24 1 23646 1818
24 2 2704 208
24 3 4998 384
24 4 10555 811
24 5 5678 436
24 6 13255 1019
24 7 24153 1857
24 8 29765 2289
24 9 17652 1357
24 10 20144 1549
24 11 13196 1015
24 12 27592 2122
24 13 27582 2121
24 14 24270 1866
24 15 17783 1367
24 16 19125 1471
24 17 14819 1139
24 18 20575 1582
24 19 15827 1217
24 20 23189 1783
24 21 16448 1265
24 22 11607 892
24 23 17494 1345
24 24 0 0
24 25 29711 2285
24 26 1865 143
24 27 13906 1069
24 28 5807 446
24 29 3829 294
24 30 29069 2236
24 31 19118 1470
24 32 20094 1545
24 33 8541 657
24 34 21177 1629
24 35 11199 861
24 36 9336 718
24 37 13774 1059
24 38 28915 2224
24 39 20437 1572
24 40 5417 416
24 41 9457 727
24 42 4015 308
24 43 29779 2290
24 44 11555 888
24 45 16118 1239
24 46 19372 1490
24 47 8041 618
24 48 29995 2307
24 49 14746 1134
24 50 14795 1138
24 51 17243 1326
24 52 22633 1741
24 53 22489 1729
24 54 7296 561
24 55 4111 316
24 56 701 53
24 57 25591 1968
24 58 28376 2182
24 59 20250 1557
24 60 6309 485
24 61 24566 1889
24 62 26451 2034
24 63 26222 2017
24 64 8126 625
24 65 6065 466
24 66 16662 1281
24 67 9798 753
24 68 29066 2235
24 69 26701 2053
24 70 5325 409
24 71 5150 396
24 72 13039 1003
24 73 1758 135
24 74 15973 1228
25 0 4407 339
25 1 4929 379
25 2 28617 2201
25 3 8428 648
25 4 8746 672
25 5 20305 1561
25 6 14643 1126
25 7 10835 833
25 8 16541 1272
25 9 25527 1963
25 10 2691 207
25 11 4202 323
25 12 2675 205
25 13 19803 1523
25 14 7713 593
25 15 18616 1432
25 16 7471 574
25 17 18012 1385
25 18 25034 1925
25 19 27229 2094
25 20 15659 1204
25 21 26002 2000
25 22 20126 1548
25 23 15532 1194
25 24 18494 1422
25 25 0 0
25 26 4103 315
25 27 4148 319
25 28 18938 1456
25 29 27208 2092
25 30 26140 2010
25 31 1997 153
25 32 19372 1490
25 33 652 50
25 34 5955 458
25 35 11582 890
25 36 13259 1019
25 37 10681 821
25 38 7371 567
25 39 16007 1231
25 40 14708 1131
25 41 4433 341
25 42 1202 92
25 43 923 71
25 44 21266 1635
25 45 18348 1411
25 46 29820 2293
25 47 27038 2079
25 48 11399 876
25 49 10256 788
25 50 4090 314
25 51 18843 1449
25 52 13215 1016
25 53 8083 621
25 54 20752 1596
25 55 9570 736
25 56 28978 2229
25 57 15620 1201
25 58 13954 1073
25 59 4780 367
25 60 17602 1354
25 61 28598 2199
25 62 16685 1283
25 63 24313 1870
25 64 15761 1212
25 65 3270 251
25 66 11785 906
25 67 15436 1187
25 68 818 62
25 69 10768 828
25 70 1828 140
25 71 21459 1650
25 72 20996 1615
25 73 1119 86
25 74 26840 2064
26 0 2936 225
26 1 860 66
26 2 15549 1196
26 3 22739 1749
26 4 4257 327
26 5 16225 1248
26 6 6696 515
26 7 9155 704
26 8 5861 450
26 9 22067 1697
26 10 8392 645
26 11 24983 1921
26 12 16656 1281
26 13 25903 1992
26 14 7052 542
26 15 8447 649
26 16 2010 154
26 17 7477 575
26 18 14320 1101
26 19 28293 2176
26 20 15869 1220
26 21 17828 1371
26 22 9657 742
26 23 28712 2208
26 24 20832 1602
26 25 12683 975
26 26 0 0
26 27 532 40
26 28 25052 1927
26 29 11532 887
26 30 6702 515
26 31 10658 819
26 32 11238 864
26 33 10664 820
26 34 18255 1404
26 35 11687 899
26 36 25433 1956
26 37 27470 2113
26 38 15411 1185
26 39 29754 2288
26 40 1333 102
26 41 22258 1712
26 42 8080 621
26 43 18250 1403
26 44 4214 324
26 45 6730 517
26 46 21714 1670
26 47 16907 1300
26 48 18550 1426
26 49 3555 273
26 50 27684 2129
26 51 12728 979
26 52 3651 280
26 53 27885 2145
26 54 1241 95
26 55 15941 1226
26 56 7632 587
26 57 9167 705
26 58 2967 228
26 59 1503 115
26 60 4299 330
26 61 18634 1433
26 62 28881 2221
26 63 21548 1657
26 64 2312 177
26 65 24145 1857
26 66 1984 152
26 67 28594 2199
26 68 25604 1969
26 69 15623 1201
26 70 18932 1456
26 71 18263 1404
26 72 25258 1942
26 73 11786 906
26 74 18853 1450
27 0 6207 477
27 1 29173 2244
27 2 4374 336
27 3 11440 880
27 4 25514 1962
27 5 23510 1808
27 6 27390 2106
27 7 7344 564
27 8 23117 1778
27 9 6683 514
27 10 24093 1853
27 11 4680 360
27 12 26563 2043
27 13 7417 570
27 14 14257 1096
27 15 26391 2030
27 16 11124 855
27 17 4545 349
27 18 4390 337
27 19 16571 1274
27 20 25116 1932
27 21 28275 2175
27 22 19827 1525
27 23 8914 685
27 24 4323 332
27 25 14265 1097
27 26 106 8
27 27 0 0
27 28 8981 690
27 29 26040 2003
27 30 16261 1250
27 31 14484 1114
27 32 14248 1096
27 33 27772 2136
27 34 17375 1336
27 35 5000 384
27 36 8410 646
27 37 29402 2261
27 38 15757 1212
27 39 19097 1469
27 40 25333 1948
27 41 9913 762
27 42 20492 1576
27 43 3534 271
27 44 10475 805
27 45 503 38
27 46 10275 790
27 47 15586 1198
27 48 4748 365
27 49 6992 537
27 50 10793 830
27 51 1348 103
27 52 6103 469
27 53 16124 1240
27 54 19286 1483
27 55 14378 1106
27 56 19994 1538
27 57 1835 141
27 58 5424 417
27 59 1962 150
27 60 15880 1221
27 61 11002 846
27 62 21081 1621
27 63 24685 1898
27 64 26637 2049
27 65 29955 2304
27 66 17336 1333
27 67 7821 601
27 68 22629 1740
27 69 13746 1057
27 70 14066 1082
27 71 20183 1552
27 72 15078 1159
27 73 29624 2278
27 74 7344 564
28 0 10645 818
28 1 21525 1655
28 2 681 52
28 3 12752 980
28 4 12736 979
28 5 15295 1176
28 6 19261 1481
28 7 28793 2214
28 8 27592 2122
28 9 8451 650
28 10 16135 1241
28 11 19931 1533
28 12 10714 824
28 13 7737 595
28 14 15894 1222
28 15 4636 356
28 16 26261 2020
28 17 11179 859
28 18 4604 354
28 19 29745 2288
28 20 9286 714
28 21 21731 1671
28 22 8135 625
28 23 26397 2030
28 24 20689 1591
28 25 2334 179
28 26 14963 1151
28 27 13665 1051
28 28 0 0
28 29 2441 187
28 30 28972 2228
28 31 9280 713
28 32 13825 1063
28 33 18067 1389
28 34 16369 1259
28 35 24163 1858
28 36 859 66
28 37 14075 1082
28 38 16342 1257
28 39 26812 2062
28 40 29490 2268
28 41 1128 86
28 42 12231 940
28 43 20603 1584
28 44 16742 1287
28 45 25888 1991
28 46 10918 839
28 47 23292 1791
28 48 28396 2184
28 49 18092 1391
28 50 27577 2121
28 51 6889 529
28 52 10237 787
28 53 7320 563
28 54 13911 1070
28 55 3811 293
28 56 26102 2007
28 57 13072 1005
28 58 27901 2146
28 59 3856 296
28 60 16959 1304
28 61 2654 204
28 62 521 40
28 63 23904 1838
28 64 2846 218
28 65 18200 1400
28 66 17412 1339
28 67 8154 627
28 68 8109 623
28 69 22678 1744
28 70 20526 1578
28 71 2444 188
28 72 21389 1645
28 73 20830 1602
28 74 8998 692
29 0 21646 1665
29 1 3721 286
29 2 27371 2105
29 3 13356 1027
29 4 13352 1027
29 5 12837 987
29 6 1803 138
29 7 18591 1430
29 8 27221 2093
29 9 6744 518
29 10 8759 673
29 11 1482 114
29 12 28566 2197
29 13 16315 1255
29 14 6065 466
29 15 22313 1716
29 16 20723 1594
29 17 8221 632
29 18 1466 112
29 19 27338 2102
29 20 25668 1974
29 21 2588 199
29 22 8893 684
29 23 5620 432
29 24 28800 2215
29 25 6734 518
29 26 22684 1744
29 27 11626 894
29 28 19638 1510
29 29 0 0
29 30 27297 2099
29 31 17077 1313
29 32 17619 1355
29 33 3348 257
29 34 10582 814
29 35 16948 1303
29 36 15398 1184
29 37 26954 2073
29 38 14347 1103
29 39 21334 1641
29 40 9010 693
29 41 3367 259
29 42 23329 1794
29 43 2189 168
29 44 24916 1916
29 45 22748 1749
29 46 23560 1812
29 47 13186 1014
29 48 24335 1871
29 49 11628 894
29 50 22603 1738
29 51 17516 1347
29 52 14534 1118
29 53 25745 1980
29 54 11342 872
29 55 21743 1672
29 56 20932 1610
29 57 26619 2047
29 58 21527 1655
29 59 10069 774
29 60 15379 1183
29 61 6501 500
29 62 9672 744
29 63 5257 404
29 64 5652 434
29 65 25794 1984
29 66 2911 223
29 67 14893 1145
29 68 2716 208
29 69 6413 493
29 70 186 14
29 71 6281 483
29 72 19838 1526
29 73 4807 369
29 74 19899 1530
30 0 29534 2271
30 1 23315 1793
30 2 15556 1196
30 3 16423 1263
30 4 9772 751
30 5 17488 1345
30 6 19601 1507
30 7 21499 1653
30 8 2318 178
30 9 10423 801
30 10 5097 392
30 11 8063 620
30 12 21749 1673
30 13 12589 968
30 14 17353 1334
30 15 26906 2069
30 16 4948 380
30 17 26893 2068
30 18 8449 649
30 19 20564 1581
30 20 24907 1915
30 21 3957 304
30 22 14794 1138
30 23 14234 1094
30 24 3421 263
30 25 24278 1867
30 26 28358 2181
30 27 26410 2031
30 28 12357 950
30 29 14644 1126
30 30 0 0
30 31 16905 1300
30 32 18942 1457
30 33 21859 1681
30 34 3601 277
30 35 19109 1469
30 36 10225 786
30 37 1156 88
30 38 20922 1609
30 39 22887 1760
30 40 20859 1604
30 41 10997 845
30 42 10897 838
30 43 27346 2103
30 44 14417 1109
30 45 29621 2278
30 46 25730 1979
30 47 16132 1240
30 48 5917 455
30 49 4390 337
30 50 21278 1636
30 51 747 57
30 52 18588 1429
30 53 27740 2133
30 54 20287 1560
30 55 8935 687
30 56 5272 405
30 57 28886 2222
30 58 433 33
30 59 11182 860
30 60 17599 1353
30 61 24933 1917
30 62 20493 1576
30 63 29036 2233
30 64 15135 1164
30 65 17610 1354
30 66 4947 380
30 67 21414 1647
30 68 29143 2241
30 69 8333 641
30 70 20143 1549
30 71 18511 1423
30 72 1868 143
30 73 15275 1175
30 74 3214 247
31 0 12087 929
31 1 22015 1693
31 2 27235 2095
31 3 13614 1047
31 4 22348 1719
31 5 13578 1044
31 6 21186 1629
31 7 3950 303
31 8 12135 933
31 9 18497 1422
31 10 16780 1290
31 11 27059 2081
31 12 17125 1317
31 13 23065 1774
31 14 6429 494
31 15 19266 1482
31 16 13076 1005
31 17 16806 1292
31 18 15674 1205
31 19 17250 1326
31 20 24879 1913
31 21 28901 2223
31 22 28645 2203
31 23 19438 1495
31 24 15564 1197
31 25 8443 649
31 26 8392 645
31 27 10852 834
31 28 4527 348
31 29 15175 1167
31 30 14955 1150
31 31 0 0
31 32 12499 961
31 33 13183 1014
31 34 24520 1886
31 35 6241 480
31 36 10045 772
31 37 5970 459
31 38 22181 1706
31 39 11033 848
31 40 23837 1833
31 41 15788 1214
31 42 16279 1252
31 43 21187 1629
31 44 11973 921
31 45 16937 1302
31 46 23672 1820
31 47 19450 1496
31 48 9211 708
31 49 22463 1727
31 50 27258 2096
31 51 10521 809
31 52 16145 1241
31 53 27683 2129
31 54 13818 1062
31 55 11925 917
31 56 28375 2182
31 57 21795 1676
31 58 14997 1153
31 59 306 23
31 60 26795 2061
31 61 10197 784
31 62 8141 626
31 63 24962 1920
31 64 24195 1861
31 65 13531 1040
31 66 22181 1706
31 67 9048 696
31 68 12221 940
31 69 5911 454
31 70 15580 1198
31 71 16202 1246
31 72 9610 739
31 73 7629 586
31 74 24349 1873
32 0 1494 114
32 1 2184 168
32 2 11630 894
32 3 5220 401
32 4 8612 662
32 5 20582 1583
32 6 23125 1778
32 7 14890 1145
32 8 24213 1862
32 9 20630 1586
32 10 27378 2106
32 11 18937 1456
32 12 6536 502
32 13 11459 881
32 14 17447 1342
32 15 3966 305
32 16 7560 581
32 17 920 70
32 18 10698 822
32 19 3479 267
32 20 15072 1159
32 21 29942 2303
32 22 26226 2017
32 23 1650 126
32 24 18838 1449
32 25 29879 2298
32 26 4141 318
32 27 25758 1981
32 28 15805 1215
32 29 14881 1144
32 30 1705 131
32 31 1175 90
32 32 0 0
32 33 4869 374
32 34 10608 816
32 35 26794 2061
32 36 1868 143
32 37 23760 1827
32 38 24671 1897
32 39 9752 750
32 40 17606 1354
32 41 29779 2290
32 42 8799 676
32 43 12359 950
32 44 8324 640
32 45 13459 1035
32 46 23689 1822
32 47 16516 1270
32 48 20311 1562
32 49 29940 2303
32 50 25006 1923
32 51 29293 2253
32 52 9680 744
32 53 6547 503
32 54 25349 1949
32 55 9013 693
32 56 27896 2145
32 57 11626 894
32 58 25205 1938
32 59 22515 1731
32 60 24049 1849
32 61 17653 1357
32 62 27495 2115
32 63 16410 1262
32 64 25851 1988
32 65 12363 951
32 66 25319 1947
32 67 5683 437
32 68 21305 1638
32 69 24424 1878
32 70 16131 1240
32 71 4519 347
32 72 6637 510
32 73 2427 186
32 74 5170 397
33 0 4294 330
33 1 26769 2059
33 2 14981 1152
33 3 6613 508
33 4 5999 461
33 5 28001 2153
33 6 2727 209
33 7 29702 2284
33 8 25474 1959
33 9 27096 2084
33 10 25819 1986
33 11 20402 1569
33 12 8435 648
33 13 6284 483
33 14 8176 628
33 15 139 10
33 16 6596 507
33 17 26017 2001
33 18 26900 2069
33 19 4473 344
33 20 18375 1413
33 21 8969 689
33 22 25140 1933
33 23 12161 935
33 24 6593 507
33 25 17446 1342
33 26 2710 208
33 27 5030 386
33 28 22307 1715
33 29 7447 572
33 30 7442 572
33 31 26018 2001
33 32 20270 1559
33 33 0 0
33 34 12306 946
33 35 20517 1578
33 36 19980 1536
33 37 25026 1925
33 38 11402 877
33 39 12383 952
33 40 5351 411
33 41 24910 1916
33 42 26980 2075
33 43 2812 216
33 44 19390 1491
33 45 24270 1866
33 46 9530 733
33 47 640 49
33 48 9801 753
33 49 9296 715
33 50 16559 1273
33 51 11159 858
33 52 22888 1760
33 53 13536 1041
33 54 14099 1084
33 55 9926 763
33 56 4647 357
33 57 12143 934
33 58 25874 1990
33 59 25253 1942
33 60 3406 262
33 61 18340 1410
33 62 18967 1459
33 63 22273 1713
33 64 12724 978
33 65 23455 1804
33 66 28058 2158
33 67 11954 919
33 68 27174 2090
33 69 3707 285
33 70 5432 417
33 71 6043 464
33 72 6599 507
33 73 15916 1224
33 74 23788 1829
34 0 29651 2280
34 1 17882 1375
34 2 29831 2294
34 3 17121 1317
34 4 21352 1642
34 5 18555 1427
34 6 9262 712
34 7 28323 2178
34 8 19789 1522
34 9 26405 2031
34 10 15825 1217
34 11 14077 1082
34 12 11508 885
34 13 12639 972
34 14 5376 413
34 15 11772 905
34 16 2908 223
34 17 29343 2257
34 18 27467 2112
34 19 21601 1661
34 20 16343 1257
34 21 26215 2016
34 22 2311 177
34 23 1490 114
34 24 15215 1170
34 25 13148 1011
34 26 24653 1896
34 27 15857 1219
34 28 17175 1321
34 29 19382 1490
34 30 2973 228
34 31 23461 1804
34 32 28472 2190
34 33 16598 1276
34 34 0 0
34 35 12372 951
34 36 17126 1317
34 37 13428 1032
34 38 470 36
34 39 9394 722
34 40 1369 105
34 41 27226 2094
34 42 14344 1103
34 43 831 63
34 44 20353 1565
34 45 11733 902
34 46 261 20
34 47 2804 215
34 48 24854 1911
34 49 2549 196
34 50 2339 179
34 51 13084 1006
34 52 8712 670
34 53 18111 1393
34 54 12281 944
34 55 29006 2231
34 56 20729 1594
34 57 6232 479
34 58 16664 1281
34 59 12853 988
34 60 18773 1444
34 61 25973 1997
34 62 26746 2057
34 63 15596 1199
34 64 18006 1385
34 65 24238 1864
34 66 8812 677
34 67 6233 479
34 68 7221 555
34 69 1970 151
34 70 19423 1494
34 71 10152 780
34 72 2801 215
34 73 5311 408
34 74 12987 999
35 0 28853 2219
35 1 12511 962
35 2 5625 432
35 3 4824 371
35 4 1772 136
35 5 20394 1568
35 6 5123 394
35 7 24597 1892
35 8 2861 220
35 9 27658 2127
35 10 24907 1915
35 11 15141 1164
35 12 14437 1110
35 13 27253 2096
35 14 5247 403
35 15 29137 2241
35 16 13559 1043
35 17 25067 1928
35 18 2576 198
35 19 24682 1898
35 20 12104 931
35 21 15875 1221
35 22 19722 1517
35 23 17968 1382
35 24 15482 1190
35 25 28360 2181
35 26 28540 2195
35 27 1938 149
35 28 19506 1500
35 29 8245 634
35 30 27527 2117
35 31 8245 634
35 32 4086 314
35 33 28585 2198
35 34 10420 801
35 35 0 0
35 36 18690 1437
35 37 29236 2248
35 38 11394 876
35 39 16478 1267
35 40 1630 125
35 41 26260 2020
35 42 22103 1700
35 43 14461 1112
35 44 14459 1112
35 45 2886 222
35 46 24850 1911
35 47 14226 1094
35 48 11477 882
35 49 28943 2226
35 50 2556 196
35 51 7456 573
35 52 2330 179
35 53 15931 1225
35 54 26391 2030
35 55 10665 820
35 56 3578 275
35 57 27977 2152
35 58 8609 662
35 59 26609 2046
35 60 28257 2173
35 61 10673 821
35 62 12229 940
35 63 9820 755
35 64 3266 251
35 65 5133 394
35 66 22846 1757
35 67 25787 1983
35 68 26639 2049
35 69 23875 1836
35 70 27914 2147
35 71 16899 1299
35 72 10477 805
35 73 7150 550
35 74 25556 1965
36 0 26822 2063
36 1 29904 2300
36 2 5437 418
36 3 22734 1748
36 4 21986 1691
36 5 27879 2144
36 6 19295 1484
36 7 25929 1994
36 8 25309 1946
36 9 16917 1301
36 10 27692 2130
36 11 19091 1468
36 12 8636 664
36 13 1450 111
36 14 10751 827
36 15 2527 194
36 16 18208 1400
36 17 28659 2204
36 18 21111 1623
36 19 2136 164
36 20 25900 1992
36 21 27794 2138
36 22 18437 1418
36 23 21077 1621
36 24 15550 1196
36 25 11823 909
36 26 12722 978
36 27 6074 467
36 28 13723 1055
36 29 18009 1385
36 30 20762 1597
36 31 14392 1107
36 32 23332 1794
36 33 2292 176
36 34 24049 1849
36 35 103 7
36 36 0 0
36 37 22466 1728
36 38 4224 324
36 39 9352 719
36 40 13845 1065
36 41 18908 1454
36 42 9580 736
36 43 4667 359
36 44 23754 1827
36 45 10699 823
36 46 26914 2070
36 47 5806 446
36 48 6188 476
36 49 26138 2010
36 50 2147 165
36 51 22095 1699
36 52 29831 2294
36 53 5816 447
36 54 8003 615
36 55 177 13
36 56 13160 1012
36 57 6395 491
36 58 3537 272
36 59 9738 749
36 60 5223 401
36 61 24587 1891
36 62 7686 591
36 63 15811 1216
36 64 28677 2205
36 65 22596 1738
36 66 17500 1346
36 67 7238 556
36 68 13862 1066
36 69 17459 1343
36 70 27719 2132
36 71 6600 507
36 72 5517 424
36 73 4693 361
36 74 15098 1161
37 0 9095 699
37 1 26787 2060
37 2 14056 1081
37 3 18748 1442
37 4 16787 1291
37 5 4789 368
37 6 5386 414
37 7 17064 1312
37 8 12899 992
37 9 14427 1109
37 10 4481 344
37 11 26022 2001
37 12 19960 1535
37 13 29892 2299
37 14 28198 2169
37 15 28780 2213
37 16 12996 999
37 17 24192 1860
37 18 25706 1977
37 19 15915 1224
37 20 23771 1828
37 21 10317 793
37 22 9346 718
37 23 2056 158
37 24 25746 1980
37 25 2057 158
37 26 26439 2033
37 27 11534 887
37 28 22199 1707
37 29 968 74
37 30 7782 598
37 31 17764 1366
37 32 28362 2181
37 33 16025 1232
37 34 7312 562
37 35 2504 192
37 36 5430 417
37 37 0 0
37 38 11243 864
37 39 22515 1731
37 40 10117 778
37 41 10917 839
37 42 20699 1592
37 43 21367 1643
37 44 22705 1746
37 45 22857 1758
37 46 14286 1098
37 47 7978 613
37 48 11487 883
37 49 18327 1409
37 50 15362 1181
37 51 2481 190
37 52 12040 926
37 53 27293 2099
37 54 22661 1743
37 55 27573 2121
37 56 10103 777
37 57 15784 1214
37 58 18238 1402
37 59 8732 671
37 60 3450 265
37 61 16272 1251
37 62 29182 2244
37 63 23637 1818
37 64 29033 2233
37 65 12474 959
37 66 26203 2015
37 67 9883 760
37 68 25345 1949
37 69 13482 1037
37 70 18098 1392
37 71 17079 1313
37 72 15287 1175
37 73 22869 1759
37 74 6740 518
38 0 25782 1983
38 1 8925 686
38 2 18622 1432
38 3 20613 1585
38 4 1103 84
38 5 27616 2124
38 6 7855 604
38 7 8925 686
38 8 25801 1984
38 9 17409 1339
38 10 15009 1154
38 11 18694 1438
38 12 28670 2205
38 13 9242 710
38 14 466 35
38 15 25639 1972
38 16 15178 1167
38 17 20096 1545
38 18 21503 1654
38 19 10066 774
38 20 9065 697
38 21 22824 1755
38 22 8564 658
38 23 19291 1483
38 24 11784 906
38 25 16067 1235
38 26 27774 2136
38 27 24487 1883
38 28 26107 2008
38 29 7672 590
38 30 6946 534
38 31 10410 800
38 32 26461 2035
38 33 21591 1660
38 34 22462 1727
38 35 5455 419
38 36 23327 1794
38 37 9411 723
38 38 0 0
38 39 18304 1408
38 40 21158 1627
38 41 22759 1750
38 42 27688 2129
38 43 9104 700
38 44 5032 387
38 45 2732 210
38 46 6840 526
38 47 11961 920
38 48 27840 2141
38 49 28028 2156
38 50 27934 2148
38 51 16975 1305
38 52 15823 1217
38 53 24240 1864
38 54 6093 468
38 55 19399 1492
38 56 19252 1480
38 57 6497 499
38 58 7616 585
38 59 28952 2227
38 60 20403 1569
38 61 4249 326
38 62 18185 1398
38 63 22296 1715
38 64 15307 1177
38 65 27495 2115
38 66 27337 2102
38 67 20213 1554
38 68 16342 1257
38 69 15930 1225
38 70 23912 1839
38 71 4543 349
38 72 27008 2077
38 73 20265 1558
38 74 5143 395
39 0 22189 1706
39 1 9030 694
39 2 4681 360
39 3 29307 2254
39 4 16897 1299
39 5 8911 685
39 6 13576 1044
39 7 3409 262
39 8 18111 1393
39 9 6599 507
39 10 25516 1962
39 11 5436 418
39 12 7805 600
39 13 27075 2082
39 14 16652 1280
39 15 24359 1873
39 16 23465 1805
39 17 27513 2116
39 18 16755 1288
39 19 25971 1997
39 20 23870 1836
39 21 18935 1456
39 22 26636 2048
39 23 12089 929
39 24 19721 1517
39 25 26324 2024
39 26 12521 963
39 27 16863 1297
39 28 23057 1773
39 29 18717 1439
39 30 580 44
39 31 17095 1315
39 32 9504 731
39 33 2355 181
39 34 3428 263
39 35 25481 1960
39 36 15029 1156
39 37 13716 1055
39 38 25669 1974
39 39 0 0
39 40 886 68
39 41 11979 921
39 42 7145 549
39 43 26005 2000
39 44 9836 756
39 45 24417 1878
39 46 8519 655
39 47 20318 1562
39 48 13467 1035
39 49 16094 1238
39 50 13907 1069
39 51 15454 1188
39 52 7578 582
39 53 1562 120
39 54 18070 1390
39 55 25665 1974
39 56 3428 263
39 57 25801 1984
39 58 16343 1257
39 59 24113 1854
39 60 26575 2044
39 61 24837 1910
39 62 7663 589
39 63 19192 1476
39 64 4581 352
39 65 3029 233
39 66 19631 1510
39 67 15411 1185
39 68 10608 816
39 69 18487 1422
39 70 12052 927
39 71 26464 2035
39 72 11672 897
39 73 26078 2006
39 74 21164 1628
40 0 13124 1009
40 1 12110 931
40 2 8799 676
40 3 26864 2066
40 4 22570 1736
40 5 22183 1706
40 6 13773 1059
40 7 2762 212
40 8 4113 316
40 9 23485 1806
40 10 20894 1607
40 11 29200 2246
40 12 6571 505
40 13 9576 736
40 14 9133 702
40 15 5805 446
40 16 23213 1785
40 17 4099 315
40 18 5654 434
40 19 10370 797
40 20 6680 513
40 21 9387 722
40 22 1183 91
40 23 26362 2027
40 24 3587 275
40 25 7726 594
40 26 12563 966
40 27 29855 2296
40 28 17583 1352
40 29 18986 1460
40 30 6207 477
40 31 1512 116
40 32 25261 1943
40 33 8146 626
40 34 13412 1031
40 35 12811 985
40 36 10405 800
40 37 15731 1210
40 38 11034 848
40 39 19285 1483
40 40 0 0
40 41 23112 1777
40 42 22261 1712
40 43 21966 1689
40 44 5689 437
40 45 8675 667
40 46 20672 1590
40 47 20188 1552
40 48 20870 1605
40 49 26249 2019
40 50 16738 1287
40 51 7478 575
40 52 15703 1207
40 53 5734 441
40 54 25690 1976
40 55 7450 573
40 56 21694 1668
40 57 3112 239
40 58 15947 1226
40 59 14098 1084
40 60 27866 2143
40 61 9088 699
40 62 21906 1685
40 63 16792 1291
40 64 29960 2304
40 65 29358 2258
40 66 7813 601
40 67 455 35
40 68 18720 1440
40 69 2345 180
40 70 16839 1295
40 71 2559 196
40 72 992 76
40 73 21383 1644
40 74 18303 1407
41 0 10581 813
41 1 505 38
41 2 8076 621
41 3 4363 335
41 4 11323 871
41 5 17086 1314
41 6 22480 1729
41 7 21275 1636
41 8 21057 1619
41 9 10137 779
41 10 6158 473
41 11 7301 561
41 12 8914 685
41 13 9753 750
41 14 18702 1438
41 15 5354 411
41 16 6152 473
41 17 15580 1198
41 18 9114 701
41 19 29976 2305
41 20 10434 802
41 21 1355 104
41 22 120 9
41 23 22291 1714
41 24 29087 2237
41 25 19427 1494
41 26 9505 731
41 27 27622 2124
41 28 13397 1030
41 29 4103 315
41 30 21106 1623
41 31 18566 1428
41 32 13411 1031
41 33 28917 2224
41 34 16545 1272
41 35 6397 492
41 36 20704 1592
41 37 3491 268
41 38 29528 2271
41 39 3492 268
41 40 12954 996
41 41 0 0
41 42 29706 2285
41 43 12394 953
41 44 26748 2057
41 45 7640 587
41 46 12045 926
41 47 7507 577
41 48 859 66
41 49 28138 2164
41 50 28379 2183
41 51 9102 700
41 52 4877 375
41 53 16207 1246
41 54 24995 1922
41 55 29285 2252
41 56 14646 1126
41 57 6637 510
41 58 9226 709
41 59 13536 1041
41 60 27680 2129
41 61 20348 1565
41 62 22886 1760
41 63 27510 2116
41 64 26576 2044
41 65 4406 338
41 66 12010 923
41 67 799 61
41 68 25359 1950
41 69 1412 108
41 70 14221 1093
41 71 25121 1932
41 72 15750 1211
41 73 14720 1132
41 74 24350 1873
42 0 24589 1891
42 1 13546 1042
42 2 4575 351
42 3 15175 1167
42 4 11870 913
42 5 10588 814
42 6 11768 905
42 7 18928 1456
42 8 14903 1146
42 9 22732 1748
42 10 15531 1194
42 11 26303 2023
42 12 14916 1147
42 13 6343 487
42 14 5146 395
42 15 18222 1401
42 16 903 69
42 17 23540 1810
42 18 26224 2017
42 19 476 36
42 20 29269 2251
42 21 24317 1870
42 22 8543 657
42 23 29976 2305
42 24 22819 1755
42 25 24548 1888
42 26 18873 1451
42 27 609 46
42 28 19857 1527
42 29 11784 906
42 30 28315 2178
42 31 9787 752
42 32 18969 1459
42 33 9424 724
42 34 27711 2131
42 35 7574 582
42 36 28323 2178
42 37 386 29
42 38 23651 1819
42 39 28118 2162
42 40 14314 1101
42 41 7065 543
42 42 0 0
42 43 26369 2028
42 44 18014 1385
42 45 473 36
42 46 25786 1983
42 47 22697 1745
42 48 8378 644
42 49 14808 1139
42 50 12553 965
42 51 16772 1290
42 52 10281 790
42 53 13765 1058
42 54 8605 661
42 55 20321 1563
42 56 14054 1081
42 57 16779 1290
42 58 5121 393
42 59 10102 777
42 60 13355 1027
42 61 7710 593
42 62 14362 1104
42 63 8515 655
42 64 6796 522
42 65 11637 895
42 66 13826 1063
42 67 28213 2170
42 68 14896 1145
42 69 1547 119
42 70 3408 262
42 71 19869 1528
42 72 14738 1133
42 73 14347 1103
42 74 4032 310
43 0 11541 887
43 1 8128 625
43 2 25033 1925
43 3 9273 713
43 4 29326 2255
43 5 21640 1664
43 6 4185 321
43 7 8825 678
43 8 27920 2147
43 9 9135 702
43 10 28033 2156
43 11 1918 147
43 12 24173 1859
43 13 29025 2232
43 14 103 7
43 15 8895 684
43 16 21272 1636
43 17 12224 940
43 18 10163 781
43 19 2126 163
43 20 8437 649
43 21 17630 1356
43 22 20188 1552
43 23 11698 899
43 24 20548 1580
43 25 2410 185
43 26 21169 1628
43 27 11568 889
43 28 11472 882
43 29 4794 368
43 30 13794 1061
43 31 8440 649
43 32 10252 788
43 33 13070 1005
43 34 4731 363
43 35 6501 500
43 36 14405 1108
43 37 23161 1781
43 38 10064 774
43 39 8758 673
43 40 24739 1903
43 41 11982 921
43 42 20234 1556
43 43 0 0
43 44 17255 1327
43 45 15835 1218
43 46 24418 1878
43 47 16530 1271
43 48 25659 1973
43 49 25006 1923
43 50 13381 1029
43 51 3331 256
43 52 19945 1534
43 53 3068 236
43 54 28342 2180
43 55 13347 1026
43 56 3120 240
43 57 12443 957
43 58 12224 940
43 59 17736 1364
43 60 10116 778
43 61 26831 2063
43 62 15564 1197
43 63 18948 1457
43 64 17058 1312
43 65 21369 1643
43 66 8823 678
43 67 26909 2069
43 68 28832 2217
43 69 26296 2022
43 70 14128 1086
43 71 530 40
43 72 15078 1159
43 73 24076 1852
43 74 11460 881
44 0 13980 1075
44 1 16093 1237
44 2 16719 1286
44 3 21926 1686
44 4 16238 1249
44 5 8674 667
44 6 29153 2242
44 7 4761 366
44 8 15439 1187
44 9 16148 1242
44 10 6334 487
44 11 13776 1059
44 12 13055 1004
44 13 14196 1092
44 14 13090 1006
44 15 23923 1840
44 16 10480 806
44 17 3737 287
44 18 26473 2036
44 19 26985 2075
44 20 28255 2173
44 21 9175 705
44 22 29267 2251
44 23 17837 1372
44 24 23296 1792
44 25 19613 1508
44 26 29824 2294
44 27 28426 2186
44 28 22249 1711
44 29 16993 1307
44 30 25888 1991
44 31 14829 1140
44 32 21778 1675
44 33 22276 1713
44 34 2973 228
44 35 5963 458
44 36 20587 1583
44 37 16800 1292
44 38 8602 661
44 39 7885 606
44 40 2553 196
44 41 26285 2021
44 42 10072 774
44 43 26764 2058
44 44 0 0
44 45 1971 151
44 46 14583 1121
44 47 9497 730
44 48 13300 1023
44 49 2912 224
44 50 1667 128
44 51 5870 451
44 52 3825 294
44 53 15893 1222
44 54 4364 335
44 55 17466 1343
44 56 350 26
44 57 7584 583
44 58 11291 868
44 59 24452 1880
44 60 2739 210
44 61 11577 890
44 62 18319 1409
44 63 913 70
44 64 6873 528
44 65 22772 1751
44 66 10305 792
44 67 10115 778
44 68 14588 1122
44 69 29349 2257
44 70 11657 896
44 71 2415 185
44 72 23677 1821
44 73 7949 611
44 74 15827 1217
45 0 24062 1850
45 1 23469 1805
45 2 20215 1555
45 3 23289 1791
45 4 26170 2013
45 5 28462 2189
45 6 27248 2096
45 7 24380 1875
45 8 18248 1403
45 9 23630 1817
45 10 3219 247
45 11 23492 1807
45 12 3348 257
45 13 2364 181
45 14 29189 2245
45 15 2287 175
45 16 18416 1416
45 17 5834 448
45 18 21507 1654
45 19 27241 2095
45 20 523 40
45 21 22984 1768
45 22 9556 735
45 23 15866 1220
45 24 9964 766
45 25 14752 1134
45 26 18362 1412
45 27 11412 877
45 28 27313 2101
45 29 1025 78
45 30 17995 1384
45 31 13958 1073
45 32 28699 2207
45 33 9535 733
45 34 27022 2078
45 35 24094 1853
45 36 16274 1251
45 37 9946 765
45 38 23121 1778
45 39 26596 2045
45 40 28040 2156
45 41 25393 1953
45 42 28183 2167
45 43 12838 987
45 44 622 47
45 45 0 0
45 46 20375 1567
45 47 8670 666
45 48 12758 981
45 49 25802 1984
45 50 20059 1543
45 51 5402 415
45 52 23940 1841
45 53 946 72
45 54 9950 765
45 55 111 8
45 56 2483 191
45 57 21910 1685
45 58 26266 2020
45 59 8724 671
45 60 8962 689
45 61 8294 638
45 62 27687 2129
45 63 7899 607
45 64 20764 1597
45 65 11019 847
45 66 23000 1769
45 67 25232 1940
45 68 20540 1580
45 69 18404 1415
45 70 1204 92
45 71 8259 635
45 72 6240 480
45 73 6153 473
45 74 2884 221
46 0 7567 582
46 1 677 52
46 2 20655 1588
46 3 14400 1107
46 4 16010 1231
46 5 6595 507
46 6 13701 1053
46 7 22664 1743
46 8 4083 314
46 9 13880 1067
46 10 1561 120
46 11 19492 1499
46 12 18688 1437
46 13 26418 2032
46 14 13728 1056
46 15 11369 874
46 16 16126 1240
46 17 13617 1047
46 18 13222 1017
46 19 19011 1462
46 20 10367 797
46 21 28257 2173
46 22 21058 1619
46 23 15096 1161
46 24 23137 1779
46 25 1760 135
46 26 28567 2197
46 27 13604 1046
46 28 27801 2138
46 29 1802 138
46 30 5727 440
46 31 17871 1374
46 32 3966 305
46 33 23960 1843
46 34 25741 1980
46 35 3264 251
46 36 26105 2008
46 37 2952 227
46 38 11908 916
46 39 20703 1592
46 40 11133 856
46 41 5388 414
46 42 24670 1897
46 43 24138 1856
46 44 24014 1847
46 45 6763 520
46 46 0 0
46 47 14345 1103
46 48 14321 1101
46 49 26316 2024
46 50 19217 1478
46 51 25593 1968
46 52 230 17
46 53 27804 2138
46 54 8564 658
46 55 23968 1843
46 56 427 32
46 57 6532 502
46 58 1604 123
46 59 15652 1204
46 60 28569 2197
46 61 27635 2125
46 62 21649 1665
46 63 3832 294
46 64 19921 1532
46 65 1153 88
46 66 29158 2242
46 67 25814 1985
46 68 7179 552
46 69 17403 1338
46 70 8260 635
46 71 28400 2184
46 72 12034 925
46 73 6249 480
46 74 26048 2003
47 0 12637 972
47 1 22240 1710
47 2 4348 334
47 3 1397 107
47 4 3148 242
47 5 7071 543
47 6 25661 1973
47 7 10126 778
47 8 5963 458
47 9 24669 1897
47 10 8007 615
47 11 5089 391
47 12 2859 219
47 13 21633 1664
47 14 2972 228
47 15 448 34
47 16 26869 2066
47 17 16910 1300
47 18 2675 205
47 19 4476 344
47 20 25703 1977
47 21 25178 1936
47 22 3933 302
47 23 19576 1505
47 24 9894 761
47 25 23020 1770
47 26 17658 1358
47 27 6963 535
47 28 12128 932
47 29 13584 1044
47 30 18105 1392
47 31 22646 1742
47 32 25669 1974
47 33 12494 961
47 34 20856 1604
47 35 8779 675
47 36 19327 1486
47 37 26795 2061
47 38 5823 447
47 39 20393 1568
47 40 9103 700
47 41 13793 1061
47 42 25241 1941
47 43 2792 214
47 44 18566 1428
47 45 13421 1032
47 46 20744 1595
47 47 0 0
47 48 1418 109
47 49 4075 313
47 50 6541 503
47 51 20493 1576
47 52 4440 341
47 53 24134 1856
47 54 12338 949
47 55 23801 1830
47 56 27496 2115
47 57 19105 1469
47 58 10935 841
47 59 29264 2251
47 60 2550 196
47 61 5087 391
47 62 18707 1439
47 63 1848 142
47 64 27105 2085
47 65 12904 992
47 66 22109 1700
47 67 3887 299
47 68 12237 941
47 69 4851 373
47 70 4369 336
47 71 25377 1952
47 72 12188 937
47 73 4298 330
47 74 29782 2290
48 0 401 30
48 1 4550 350
48 2 11562 889
48 3 11695 899
48 4 3049 234
48 5 9303 715
48 6 8158 627
48 7 6877 529
48 8 21121 1624
48 9 10576 813
48 10 13428 1032
48 11 8655 665
48 12 6670 513
48 13 7345 565
48 14 1569 120
48 15 18064 1389
48 16 16956 1304
48 17 11065 851
48 18 12896 992
48 19 16149 1242
48 20 12987 999
48 21 17633 1356
48 22 18254 1404
48 23 1080 83
48 24 17874 1374
48 25 10418 801
48 26 5599 430
48 27 15937 1225
48 28 19829 1525
48 29 11123 855
48 30 22441 1726
48 31 15911 1223
48 32 22623 1740
48 33 28092 2160
48 34 14221 1093
48 35 9690 745
48 36 1540 118
48 37 12856 988
48 38 28992 2230
48 39 20465 1574
48 40 18285 1406
48 41 5305 408
48 42 19541 1503
48 43 28855 2219
48 44 3410 262
48 45 16496 1268
48 46 28986 2229
48 47 1266 97
48 48 0 0
48 49 6848 526
48 50 1314 101
48 51 13049 1003
48 52 18234 1402
48 53 21753 1673
48 54 3730 286
48 55 4493 345
48 56 3482 267
48 57 17651 1357
48 58 8029 617
48 59 24420 1878
48 60 27600 2123
48 61 13449 1034
48 62 2647 203
48 63 12526 963
48 64 13692 1053
48 65 22662 1743
48 66 14062 1081
48 67 6186 475
48 68 5403 415
48 69 15724 1209
48 70 26677 2052
48 71 19274 1482
48 72 4229 325
48 73 28940 2226
48 74 11569 889
49 0 20484 1575
49 1 29933 2302
49 2 1785 137
49 3 26644 2049
49 4 14330 1102
49 5 10355 796
49 6 22223 1709
49 7 27025 2078
49 8 29592 2276
49 9 1548 119
49 10 5921 455
49 11 19931 1533
49 12 18141 1395
49 13 25997 1999
49 14 167 12
49 15 16351 1257
49 16 269 20
49 17 27520 2116
49 18 16030 1233
49 19 4500 346
49 20 20072 1544
49 21 6883 529
49 22 5697 438
49 23 9839 756
49 24 27026 2078
49 25 7673 590
49 26 2790 214
49 27 20288 1560
49 28 15148 1165
49 29 18917 1455
49 30 7319 563
49 31 8474 651
49 32 13745 1057
49 33 23702 1823
49 34 11000 846
49 35 24653 1896
49 36 25000 1923
49 37 7848 603
49 38 1688 129
49 39 26169 2013
49 40 5574 428
49 41 26839 2064
49 42 15376 1182
49 43 1731 133
49 44 24163 1858
49 45 5027 386
49 46 20915 1608
49 47 8040 618
49 48 16264 1251
49 49 0 0
49 50 23407 1800
49 51 3894 299
49 52 25002 1923
49 53 4220 324
49 54 8679 667
49 55 12524 963
49 56 11654 896
49 57 21234 1633
49 58 12592 968
49 59 10058 773
49 60 19710 1516
49 61 10514 808
49 62 14004 1077
49 63 14451 1111
49 64 25347 1949
49 65 26478 2036
49 66 16234 1248
49 67 13898 1069
49 68 7348 565
49 69 12322 947
49 70 1404 108
49 71 4126 317
49 72 19603 1507
49 73 4754 365
49 74 18432 1417
50 0 4169 320
50 1 15129 1163
50 2 1421 109
50 3 21165 1628
50 4 25076 1928
50 5 26969 2074
50 6 25913 1993
50 7 28702 2207
50 8 12762 981
50 9 17330 1333
50 10 8025 617
50 11 4409 339
50 12 12578 967
50 13 7455 573
50 14 19943 1534
50 15 24358 1873
50 16 29669 2282
50 17 2461 189
50 18 3042 234
50 19 4577 352
50 20 20962 1612
50 21 18998 1461
50 22 12854 988
50 23 9701 746
50 24 9132 702
50 25 28905 2223
50 26 5415 416
50 27 1969 151
50 28 20775 1598
50 29 3357 258
50 30 13873 1067
50 31 5198 399
50 32 14230 1094
50 33 10199 784
50 34 18797 1445
50 35 10346 795
50 36 2672 205
50 37 21462 1650
50 38 21007 1615
50 39 13476 1036
50 40 7379 567
50 41 11286 868
50 42 4470 343
50 43 13296 1022
50 44 26377 2029
50 45 4377 336
50 46 5633 433
50 47 24423 1878
50 48 22196 1707
50 49 12142 934
50 50 0 0
50 51 22903 1761
50 52 28301 2177
50 53 16228 1248
50 54 446 34
50 55 4094 314
50 56 5915 455
50 57 8213 631
50 58 5550 426
50 59 1253 96
50 60 5352 411
50 61 3837 295
50 62 1839 141
50 63 2732 210
50 64 18967 1459
50 65 4636 356
50 66 15241 1172
50 67 12711 977
50 68 19611 1508
50 69 5991 460
50 70 2865 220
50 71 21326 1640
50 72 23105 1777
50 73 1387 106
50 74 2403 184
51 0 14986 1152
51 1 10729 825
51 2 11373 874
51 3 19406 1492
51 4 27626 2125
51 5 20804 1600
51 6 29251 2250
51 7 5157 396
51 8 2809 216
51 9 18172 1397
51 10 11818 909
51 11 21979 1690
51 12 15080 1160
51 13 2867 220
51 14 19922 1532
51 15 5414 416
51 16 2607 200
51 17 12150 934
51 18 15336 1179
51 19 25804 1984
51 20 17717 1362
51 21 16511 1270
51 22 16946 1303
51 23 1486 114
51 24 15826 1217
51 25 8909 685
51 26 14074 1082
51 27 2415 185
51 28 11541 887
51 29 8943 687
51 30 20597 1584
51 31 4816 370
51 32 27270 2097
51 33 29480 2267
51 34 28803 2215
51 35 832 64
51 36 13073 1005
51 37 26479 2036
51 38 27581 2121
51 39 848 65
51 40 16623 1278
51 41 3122 240
51 42 17682 1360
51 43 28723 2209
51 44 12222 940
51 45 11613 893
51 46 596 45
51 47 17387 1337
51 48 15209 1169
51 49 7751 596
51 50 26141 2010
51 51 0 0
51 52 29920 2301
51 53 24995 1922
51 54 16549 1273
51 55 22258 1712
51 56 21654 1665
51 57 785 60
51 58 23087 1775
51 59 14354 1104
51 60 10200 784
51 61 22476 1728
51 62 11540 887
51 63 21010 1616
51 64 17115 1316
51 65 7593 584
51 66 1171 90
51 67 23965 1843
51 68 14011 1077
51 69 9173 705
51 70 1632 125
51 71 22432 1725
51 72 5566 428
51 73 22292 1714
51 74 24040 1849
52 0 11969 920
52 1 6366 489
52 2 25831 1987
52 3 4959 381
52 4 7700 592
52 5 3076 236
52 6 12139 933
52 7 7125 548
52 8 15447 1188
52 9 20298 1561
52 10 18847 1449
52 11 13939 1072
52 12 13565 1043
52 13 11828 909
52 14 11539 887
52 15 9837 756
52 16 24953 1919
52 17 23562 1812
52 18 13089 1006
52 19 11951 919
52 20 9742 749
52 21 15758 1212
52 22 8082 621
52 23 14011 1077
52 24 28287 2175
52 25 16489 1268
52 26 11520 886
52 27 10672 820
52 28 2124 163
52 29 25118 1932
52 30 24341 1872
52 31 12580 967
52 32 29674 2282
52 33 5336 410
52 34 2718 209
52 35 24754 1904
52 36 12372 951
52 37 27844 2141
52 38 1025 78
52 39 15536 1195
52 40 7859 604
52 41 23497 1807
52 42 330 25
52 43 19918 1532
52 44 17158 1319
52 45 10148 780
52 46 20256 1558
52 47 7115 547
52 48 26723 2055
52 49 4302 330
52 50 29499 2269
52 51 16322 1255
52 52 0 0
52 53 9103 700
52 54 2770 213
52 55 12421 955
52 56 8549 657
52 57 11654 896
52 58 6146 472
52 59 10818 832
52 60 20850 1603
52 61 20862 1604
52 62 3023 232
52 63 12500 961
52 64 12792 984
52 65 9466 728
52 66 29139 2241
52 67 17028 1309
52 68 27907 2146
52 69 312 24
52 70 22841 1757
52 71 21168 1628
52 72 20068 1543
52 73 23610 1816
52 74 7583 583
53 0 3534 271
53 1 3273 251
53 2 17354 1334
53 3 27952 2150
53 4 26588 2045
53 5 10577 813
53 6 2964 228
53 7 24717 1901
53 8 1293 99
53 9 11179 859
53 10 22303 1715
53 11 7887 606
53 12 7409 569
53 13 21811 1677
53 14 23326 1794
53 15 28294 2176
53 16 269 20
53 17 1245 95
53 18 15683 1206
53 19 9506 731
53 20 25913 1993
53 21 16153 1242
53 22 23619 1816
53 23 7528 579
53 24 12817 985
53 25 29278 2252
53 26 20827 1602
53 27 24331 1871
53 28 20474 1574
53 29 5983 460
53 30 8006 615
53 31 18663 1435
53 32 29802 2292
53 33 14875 1144
53 34 20606 1585
53 35 10401 800
53 36 1168 89
53 37 12866 989
53 38 23377 1798
53 39 9165 705
53 40 6013 462
53 41 10654 819
53 42 10315 793
53 43 9098 699
53 44 27398 2107
53 45 28424 2186
53 46 13111 1008
53 47 2474 190
53 48 20367 1566
53 49 20676 1590
53 50 13360 1027
53 51 9696 745
53 52 13385 1029
53 53 0 0
53 54 14770 1136
53 55 19456 1496
53 56 22796 1753
53 57 16652 1280
53 58 7916 608
53 59 3298 253
53 60 25723 1978
53 61 25565 1966
53 62 27868 2143
53 63 23869 1836
53 64 26263 2020
53 65 16479 1267
53 66 8170 628
53 67 5623 432
53 68 3162 243
53 69 17003 1307
53 70 10012 770
53 71 12036 925
53 72 11841 910
53 73 20542 1580
53 74 4185 321
54 0 184 14
54 1 9673 744
54 2 20075 1544
54 3 28348 2180
54 4 5555 427
54 5 27499 2115
54 6 15892 1222
54 7 21430 1648
54 8 19677 1513
54 9 12413 954
54 10 26521 2040
54 11 1652 127
54 12 7091 545
54 13 10536 810
54 14 7249 557
54 15 5661 435
54 16 27996 2153
54 17 23399 1799
54 18 14685 1129
54 19 15049 1157
54 20 16389 1260
54 21 6952 534
54 22 11913 916
54 23 9167 705
54 24 15339 1179
54 25 19673 1513
54 26 16568 1274
54 27 19219 1478
54 28 13837 1064
54 29 24824 1909
54 30 23606 1815
54 31 7289 560
54 32 15091 1160
54 33 24329 1871
54 34 1633 125
54 35 6535 502
54 36 24924 1917
54 37 8807 677
54 38 14882 1144
54 39 15342 1180
54 40 18591 1430
54 41 9417 724
54 42 18606 1431
54 43 25608 1969
54 44 24076 1852
54 45 22787 1752
54 46 6029 463
54 47 24936 1918
54 48 5022 386
54 49 1370 105
54 50 1972 151
54 51 4435 341
54 52 10990 845
54 53 4550 350
54 54 0 0
54 55 19853 1527
54 56 14340 1103
54 57 22252 1711
54 58 11002 846
54 59 5776 444
54 60 2109 162
54 61 10858 835
54 62 25810 1985
54 63 3520 270
54 64 14591 1122
54 65 18764 1443
54 66 26135 2010
54 67 20477 1575
54 68 27122 2086
54 69 27594 2122
54 70 11373 874
54 71 647 49
54 72 10251 788
54 73 6207 477
54 74 26055 2004
55 0 12763 981
55 1 25025 1925
55 2 6890 530
55 3 15355 1181
55 4 20433 1571
55 5 6080 467
55 6 19428 1494
55 7 25700 1976
55 8 21372 1644
55 9 16453 1265
55 10 10499 807
55 11 12970 997
55 12 27143 2087
55 13 1961 150
55 14 20695 1591
55 15 9088 699
55 16 3938 302
55 17 28956 2227
55 18 5639 433
55 19 4156 319
55 20 16432 1264
55 21 18390 1414
55 22 9700 746
55 23 8287 637
55 24 7153 550
55 25 9934 764
55 26 18960 1458
55 27 7220 555
55 28 2795 215
55 29 21430 1648
55 30 25131 1933
55 31 7604 584
55 32 14701 1130
55 33 18872 1451
55 34 1180 90
55 35 22271 1713
55 36 29652 2280
55 37 11285 868
55 38 4005 308
55 39 26728 2056
55 40 3979 306
55 41 13403 1031
55 42 26055 2004
55 43 21270 1636
55 44 21828 1679
55 45 16180 1244
55 46 13669 1051
55 47 15856 1219
55 48 17913 1377
55 49 16447 1265
55 50 12057 927
55 51 11373 874
55 52 28109 2162
55 53 19530 1502
55 54 15436 1187
55 55 0 0
55 56 3161 243
55 57 27947 2149
55 58 11748 903
55 59 22615 1739
55 60 28583 2198
55 61 25024 1924
55 62 20124 1548
55 63 11820 909
55 64 18286 1406
55 65 1886 145
55 66 4537 349
55 67 4432 340
55 68 9149 703
55 69 10399 799
55 70 28631 2202
55 71 25798 1984
55 72 4861 373
55 73 26939 2072
55 74 26387 2029
56 0 6157 473
56 1 12078 929
56 2 16700 1284
56 3 28433 2187
56 4 25771 1982
56 5 18536 1425
56 6 2079 159
56 7 9880 760
56 8 2982 229
56 9 6183 475
56 10 25659 1973
56 11 14540 1118
56 12 8616 662
56 13 20066 1543
56 14 10521 809
56 15 12710 977
56 16 1522 117
56 17 8134 625
56 18 13719 1055
56 19 21600 1661
56 20 26623 2047
56 21 17722 1363
56 22 5487 422
56 23 8116 624
56 24 5413 416
56 25 6909 531
56 26 11791 907
56 27 11108 854
56 28 27757 2135
56 29 364 28
56 30 18078 1390
56 31 13121 1009
56 32 7708 592
56 33 2633 202
56 34 29141 2241
56 35 5927 455
56 36 8363 643
56 37 17673 1359
56 38 6032 464
56 39 16194 1245
56 40 27412 2108
56 41 26277 2021
56 42 27806 2138
56 43 27670 2128
56 44 3196 245
56 45 25509 1962
56 46 831 63
56 47 19030 1463
56 48 4285 329
56 49 19880 1529
56 50 10357 796
56 51 16008 1231
56 52 7886 606
56 53 25760 1981
56 54 18048 1388
56 55 780 60
56 56 0 0
56 57 22457 1727
56 58 16338 1256
56 59 18757 1442
56 60 23993 1845
56 61 18341 1410
56 62 16080 1236
56 63 28682 2206
56 64 10925 840
56 65 23754 1827
56 66 24845 1911
56 67 9231 710
56 68 498 38
56 69 21169 1628
56 70 12538 964
56 71 25405 1954
56 72 2842 218
56 73 21341 1641
56 74 22313 1716
57 0 10431 802
57 1 2875 221
57 2 29955 2304
57 3 7450 573
57 4 8359 643
57 5 27319 2101
57 6 27674 2128
57 7 8996 692
57 8 11446 880
57 9 15585 1198
57 10 15930 1225
57 11 20804 1600
57 12 4796 368
57 13 24272 1867
57 14 17895 1376
57 15 11776 905
57 16 3206 246
57 17 1251 96
57 18 27206 2092
57 19 27774 2136
57 20 20355 1565
57 21 17125 1317
57 22 10285 791
57 23 12035 925
57 24 15244 1172
57 25 24989 1922
57 26 23078 1775
57 27 26093 2007
57 28 10011 770
57 29 12629 971
57 30 266 20
57 31 8151 627
57 32 6849 526
57 33 13983 1075
57 34 5650 434
57 35 14796 1138
57 36 12494 961
57 37 13994 1076
57 38 7541 580
57 39 2986 229
57 40 18541 1426
57 41 10082 775
57 42 4708 362
57 43 22214 1708
57 44 20018 1539
57 45 16921 1301
57 46 20569 1582
57 47 19277 1482
57 48 20484 1575
57 49 16019 1232
57 50 28921 2224
57 51 19789 1522
57 52 13849 1065
57 53 24402 1877
57 54 15844 1218
57 55 6762 520
57 56 17091 1314
57 57 0 0
57 58 17737 1364
57 59 14920 1147
57 60 1744 134
57 61 2854 219
57 62 28034 2156
57 63 29109 2239
57 64 11722 901
57 65 4946 380
57 66 8970 690
57 67 27324 2101
57 68 19522 1501
57 69 11960 920
57 70 817 62
57 71 9604 738
57 72 1224 94
57 73 11631 894
57 74 27504 2115
58 0 5914 454
58 1 9158 704
58 2 24260 1866
58 3 15202 1169
58 4 17908 1377
58 5 2107 162
58 6 23437 1802
58 7 5555 427
58 8 1368 105
58 9 5189 399
58 10 9273 713
58 11 12441 957
58 12 1975 151
58 13 3693 284
58 14 14192 1091
58 15 27348 2103
58 16 7781 598
58 17 14475 1113
58 18 24901 1915
58 19 24146 1857
58 20 22516 1732
58 21 19272 1482
58 22 23246 1788
58 23 18458 1419
58 24 16652 1280
58 25 19618 1509
58 26 8012 616
58 27 16801 1292
58 28 958 73
58 29 21404 1646
58 30 13763 1058
58 31 6144 472
58 32 20825 1601
58 33 15641 1203
58 34 15582 1198
58 35 15594 1199
58 36 25783 1983
58 37 427 32
58 38 10892 837
58 39 8350 642
58 40 28933 2225
58 41 18837 1449
58 42 24162 1858
58 43 2143 164
58 44 13157 1012
58 45 20604 1584
58 46 9211 708
58 47 16872 1297
58 48 26635 2048
58 49 22009 1693
58 50 10994 845
58 51 3460 266
58 52 2014 154
58 53 25585 1968
58 54 29264 2251
58 55 15576 1198
58 56 20591 1583
58 57 16354 1258
58 58 0 0
58 59 29243 2249
58 60 24888 1914
58 61 17106 1315
58 62 13454 1034
58 63 12406 954
58 64 8352 642
58 65 22738 1749
58 66 3528 271
58 67 25816 1985
58 68 20576 1582
58 69 17009 1308
58 70 15704 1208
58 71 19717 1516
58 72 8689 668
58 73 23507 1808
58 74 23600 1815
59 0 17010 1308
59 1 25390 1953
59 2 20487 1575
59 3 6165 474
59 4 23193 1784
59 5 536 41
59 6 19731 1517
59 7 22042 1695
59 8 27983 2152
59 9 7214 554
59 10 15979 1229
59 11 29808 2292
59 12 18485 1421
59 13 9115 701
59 14 16035 1233
59 15 18698 1438
59 16 11003 846
59 17 6139 472
59 18 2707 208
59 19 16684 1283
59 20 26639 2049
59 21 17389 1337
59 22 21727 1671
59 23 19582 1506
59 24 25849 1988
59 25 23261 1789
59 26 16103 1238
59 27 4824 371
59 28 14805 1138
59 29 3550 273
59 30 13329 1025
59 31 15098 1161
59 32 18241 1403
59 33 13461 1035
59 34 26330 2025
59 35 18302 1407
59 36 19534 1502
59 37 23637 1818
59 38 3081 237
59 39 5908 454
59 40 16201 1246
59 41 24918 1916
59 42 28647 2203
59 43 24086 1852
59 44 19611 1508
59 45 3388 260
59 46 17570 1351
59 47 15034 1156
59 48 27190 2091
59 49 26566 2043
59 50 18846 1449
59 51 18900 1453
59 52 24350 1873
59 53 20390 1568
59 54 9389 722
59 55 9403 723
59 56 12338 949
59 57 14776 1136
59 58 18824 1448
59 59 0 0
59 60 18236 1402
59 61 3475 267
59 62 13280 1021
59 63 5940 456
59 64 22115 1701
59 65 10730 825
59 66 18946 1457
59 67 3391 260
59 68 346 26
59 69 11049 849
59 70 2416 185
59 71 494 38
59 72 12075 928
59 73 13035 1002
59 74 8560 658
60 0 4293 330
60 1 3888 299
60 2 14325 1101
60 3 6912 531
60 4 20880 1606
60 5 20847 1603
60 6 13691 1053
60 7 22391 1722
60 8 6910 531
60 9 26105 2008
60 10 7014 539
60 11 12814 985
60 12 26672 2051
60 13 20758 1596
60 14 13746 1057
60 15 8876 682
60 16 17737 1364
60 17 11387 875
60 18 7853 604
60 19 29890 2299
60 20 21752 1673
60 21 28907 2223
60 22 4095 315
60 23 14531 1117
60 24 11275 867
60 25 12175 936
60 26 25141 1933
60 27 3479 267
60 28 22454 1727
60 29 21930 1686
60 30 4624 355
60 31 21573 1659
60 32 8341 641
60 33 6891 530
60 34 9584 737
60 35 28758 2212
60 36 29088 2237
60 37 22819 1755
60 38 4792 368
60 39 19452 1496
60 40 21883 1683
60 41 15046 1157
60 42 23807 1831
60 43 17314 1331
60 44 16359 1258
60 45 6456 496
60 46 16568 1274
60 47 5938 456
60 48 11136 856
60 49 18593 1430
60 50 19412 1493
60 51 19118 1470
60 52 22353 1719
60 53 7618 586
60 54 15401 1184
60 55 23189 1783
60 56 11246 865
60 57 11716 901
60 58 15135 1164
60 59 25350 1950
60 60 0 0
60 61 851 65
60 62 10322 794
60 63 20516 1578
60 64 2037 156
60 65 24762 1904
60 66 13973 1074
60 67 8601 661
60 68 12290 945
60 69 23808 1831
60 70 7428 571
60 71 25880 1990
60 72 29634 2279
60 73 28220 2170
60 74 6506 500
61 0 13288 1022
61 1 2894 222
61 2 18889 1453
61 3 17960 1381
61 4 28478 2190
61 5 29356 2258
61 6 1110 85
61 7 7805 600
61 8 3289 253
61 9 21124 1624
61 10 15448 1188
61 11 8466 651
61 12 12964 997
61 13 11915 916
61 14 17707 1362
61 15 8565 658
61 16 2456 188
61 17 17192 1322
61 18 10858 835
61 19 18505 1423
61 20 20217 1555
61 21 26007 2000
61 22 7513 577
61 23 15986 1229
61 24 20273 1559
61 25 3868 297
61 26 986 75
61 27 3267 251
61 28 4504 346
61 29 20202 1554
61 30 24286 1868
61 31 17780 1367
61 32 19074 1467
61 33 7697 592
61 34 19239 1479
61 35 16623 1278
61 36 27623 2124
61 37 14228 1094
61 38 22300 1715
61 39 16132 1240
61 40 15003 1154
61 41 9812 754
61 42 14349 1103
61 43 17396 1338
61 44 22682 1744
61 45 11435 879
61 46 3329 256
61 47 12021 924
61 48 9364 720
61 49 5069 389
61 50 1014 78
61 51 4124 317
61 52 14047 1080
61 53 5444 418
61 54 3389 260
61 55 29836 2295
61 56 10706 823
61 57 20427 1571
61 58 25680 1975
61 59 22154 1704
61 60 25180 1936
61 61 0 0
61 62 7368 566
61 63 17532 1348
61 64 22700 1746
61 65 8070 620
61 66 1325 101
61 67 8476 652
61 68 27173 2090
61 69 18585 1429
61 70 4663 358
61 71 7279 559
61 72 16888 1299
61 73 12998 999
61 74 21242 1634
62 0 7908 608
62 1 20262 1558
62 2 27500 2115
62 3 7160 550
62 4 13983 1075
62 5 13234 1018
62 6 24426 1878
62 7 3917 301
62 8 21286 1637
62 9 24072 1851
62 10 3947 303
62 11 12348 949
62 12 25822 1986
62 13 26267 2020
62 14 13125 1009
62 15 4227 325
62 16 24318 1870
62 17 19267 1482
62 18 29157 2242
62 19 3261 250
62 20 1085 83
62 21 22283 1714
62 22 22586 1737
62 23 15199 1169
62 24 13699 1053
62 25 2175 167
62 26 2713 208
62 27 24148 1857
62 28 20007 1539
62 29 8695 668
62 30 9078 698
62 31 5949 457
62 32 23186 1783
62 33 4965 381
62 34 15583 1198
62 35 7651 588
62 36 20121 1547
62 37 23423 1801
62 38 12655 973
62 39 17626 1355
62 40 21413 1647
62 41 13163 1012
62 42 718 55
62 43 14510 1116
62 44 21730 1671
62 45 28234 2171
62 46 928 71
62 47 9272 713
62 48 3885 298
62 49 2278 175
62 50 10320 793
62 51 15596 1199
62 52 10491 807
62 53 17588 1352
62 54 26523 2040
62 55 12260 943
62 56 24527 1886
62 57 26652 2050
62 58 16281 1252
62 59 27522 2117
62 60 13348 1026
62 61 13269 1020
62 62 0 0
62 63 5315 408
62 64 19290 1483
62 65 6253 481
62 66 25087 1929
62 67 2417 185
62 68 11307 869
62 69 4359 335
62 70 15996 1230
62 71 14653 1127
62 72 7787 599
62 73 5538 426
62 74 13112 1008
63 0 14881 1144
63 1 5512 424
63 2 19519 1501
63 3 13012 1000
63 4 9597 738
63 5 20946 1611
63 6 17276 1328
63 7 24273 1867
63 8 2812 216
63 9 6782 521
63 10 215 16
63 11 16743 1287
63 12 4076 313
63 13 4741 364
63 14 19893 1530
63 15 25736 1979
63 16 607 46
63 17 1212 93
63 18 10203 784
63 19 7273 559
63 20 13452 1034
63 21 27718 2132
63 22 14580 1121
63 23 4220 324
63 24 23318 1793
63 25 17646 1357
63 26 20500 1576
63 27 11169 859
63 28 15552 1196
63 29 11950 919
63 30 10692 822
63 31 7668 589
63 32 25482 1960
63 33 2992 230
63 34 22280 1713
63 35 22982 1767
63 36 22807 1754
63 37 22373 1721
63 38 16035 1233
63 39 902 69
63 40 3386 260
63 41 20896 1607
63 42 10720 824
63 43 25176 1936
63 44 16139 1241
63 45 4232 325
63 46 28011 2154
63 47 12449 957
63 48 3576 275
63 49 14689 1129
63 50 22810 1754
63 51 27820 2140
63 52 5226 402
63 53 22990 1768
63 54 27380 2106
63 55 1373 105
63 56 19917 1532
63 57 8985 691
63 58 1540 118
63 59 21450 1650
63 60 13327 1025
63 61 5618 432
63 62 20718 1593
63 63 0 0
63 64 5727 440
63 65 29350 2257
63 66 28183 2167
63 67 23786 1829
63 68 14936 1148
63 69 18310 1408
63 70 1894 145
63 71 29180 2244
63 72 3633 279
63 73 9165 705
63 74 12181 937
64 0 24040 1849
64 1 15819 1216
64 2 3159 243
64 3 18637 1433
64 4 11274 867
64 5 3760 289
64 6 26928 2071
64 7 27576 2121
64 8 2794 214
64 9 8744 672
64 10 11763 904
64 11 7527 579
64 12 18054 1388
64 13 7323 563
64 14 29878 2298
64 15 26063 2004
64 16 29007 2231
64 17 3625 278
64 18 16904 1300
64 19 17097 1315
64 20 28478 2190
64 21 17436 1341
64 22 18544 1426
64 23 2619 201
64 24 22834 1756
64 25 24920 1916
64 26 24623 1894
64 27 8415 647
64 28 14012 1077
64 29 23347 1795
64 30 15380 1183
64 31 5513 424
64 32 16812 1293
64 33 18653 1434
64 34 13204 1015
64 35 25901 1992
64 36 13034 1002
64 37 5418 416
64 38 17636 1356
64 39 29767 2289
64 40 4818 370
64 41 12085 929
64 42 18297 1407
64 43 1812 139
64 44 25190 1937
64 45 9829 756
64 46 27672 2128
64 47 19759 1519
64 48 4587 352
64 49 17492 1345
64 50 28215 2170
64 51 8431 648
64 52 15154 1165
64 53 7178 552
64 54 12828 986
64 55 18377 1413
64 56 20255 1558
64 57 7728 594
64 58 13079 1006
64 59 24146 1857
64 60 5631 433
64 61 24110 1854
64 62 7173 551
64 63 29870 2297
64 64 0 0
64 65 19541 1503
64 66 21798 1676
64 67 21126 1625
64 68 13153 1011
64 69 736 56
64 70 19759 1519
64 71 14047 1080
64 72 16350 1257
64 73 3708 285
64 74 21604 1661
65 0 7382 567
65 1 27303 2100
65 2 10363 797
65 3 14490 1114
65 4 12473 959
65 5 7933 610
65 6 25745 1980
65 7 13441 1033
65 8 13712 1054
65 9 23761 1827
65 10 20660 1589
65 11 14689 1129
65 12 26552 2042
65 13 6668 512
65 14 24649 1896
65 15 18368 1412
65 16 29273 2251
65 17 13150 1011
65 18 16267 1251
65 19 12589 968
65 20 8892 684
65 21 21798 1676
65 22 26282 2021
65 23 17863 1374
65 24 5390 414
65 25 26670 2051
65 26 24180 1860
65 27 17246 1326
65 28 19772 1520
65 29 19236 1479
65 30 26474 2036
65 31 17356 1335
65 32 1888 145
65 33 3558 273
65 34 8787 675
65 35 19305 1485
65 36 14271 1097
65 37 29880 2298
65 38 5484 421
65 39 11659 896
65 40 4357 335
65 41 29226 2248
65 42 20916 1608
65 43 11665 897
65 44 18780 1444
65 45 20549 1580
65 46 17160 1320
65 47 1861 143
65 48 17553 1350
65 49 14068 1082
65 50 2050 157
65 51 18997 1461
65 52 106 8
65 53 27262 2097
65 54 28713 2208
65 55 2150 165
65 56 18932 1456
65 57 9469 728
65 58 5065 389
65 59 24820 1909
65 60 4006 308
65 61 17261 1327
65 62 8333 641
65 63 8965 689
65 64 15027 1155
65 65 0 0
65 66 25749 1980
65 67 11785 906
65 68 1027 79
65 69 26698 2053
65 70 12391 953
65 71 13580 1044
65 72 24307 1869
65 73 9585 737
65 74 18294 1407
66 0 26626 2048
66 1 24811 1908
66 2 28433 2187
66 3 19001 1461
66 4 21407 1646
66 5 7072 544
66 6 23702 1823
66 7 5698 438
66 8 4741 364
66 9 420 32
66 10 24004 1846
66 11 17157 1319
66 12 15785 1214
66 13 20736 1595
66 14 13903 1069
66 15 28260 2173
66 16 12963 997
66 17 23961 1843
66 18 12830 986
66 19 15410 1185
66 20 22396 1722
66 21 21465 1651
66 22 23247 1788
66 23 1756 135
66 24 10300 792
66 25 18816 1447
66 26 10464 804
66 27 25879 1990
66 28 3084 237
66 29 13376 1028
66 30 20869 1605
66 31 3805 292
66 32 6300 484
66 33 7496 576
66 34 2483 191
66 35 19905 1531
66 36 3309 254
66 37 26992 2076
66 38 8427 648
66 39 24799 1907
66 40 21803 1677
66 41 14223 1094
66 42 14038 1079
66 43 28577 2198
66 44 28969 2228
66 45 21920 1686
66 46 4514 347
66 47 13124 1009
66 48 15209 1169
66 49 28707 2208
66 50 1023 78
66 51 19923 1532
66 52 2536 195
66 53 26675 2051
66 54 25843 1987
66 55 21913 1685
66 56 20697 1592
66 57 15456 1188
66 58 6715 516
66 59 4833 371
66 60 1891 145
66 61 17087 1314
66 62 28868 2220
66 63 8356 642
66 64 5487 422
66 65 23635 1818
66 66 0 0
66 67 15440 1187
66 68 1089 83
66 69 24715 1901
66 70 11133 856
66 71 1054 81
66 72 11624 894
66 73 12865 989
66 74 19538 1502
67 0 1070 82
67 1 11672 897
67 2 18789 1445
67 3 15080 1160
67 4 19766 1520
67 5 18782 1444
67 6 8454 650
67 7 3936 302
67 8 7067 543
67 9 16650 1280
67 10 7458 573
67 11 3252 250
67 12 21150 1626
67 13 13872 1067
67 14 11372 874
67 15 21935 1687
67 16 4203 323
67 17 13471 1036
67 18 16859 1296
67 19 26420 2032
67 20 19277 1482
67 21 22446 1726
67 22 5644 434
67 23 28008 2154
67 24 26162 2012
67 25 23524 1809
67 26 12821 986
67 27 23286 1791
67 28 10613 816
67 29 26893 2068
67 30 12025 925
67 31 15827 1217
67 32 4654 358
67 33 21703 1669
67 34 17898 1376
67 35 24749 1903
67 36 21519 1655
67 37 11793 907
67 38 8527 655
67 39 23885 1837
67 40 9336 718
67 41 15571 1197
67 42 16477 1267
67 43 3345 257
67 44 21117 1624
67 45 22670 1743
67 46 2064 158
67 47 5792 445
67 48 19662 1512
67 49 9749 749
67 50 26789 2060
67 51 28080 2160
67 52 18285 1406
67 53 16453 1265
67 54 1699 130
67 55 531 40
67 56 11897 915
67 57 29596 2276
67 58 26275 2021
67 59 444 34
67 60 8319 639
67 61 11369 874
67 62 11645 895
67 63 7716 593
67 64 21964 1689
67 65 4187 322
67 66 22212 1708
67 67 0 0
67 68 14926 1148
67 69 16213 1247
67 70 17498 1346
67 71 15026 1155
67 72 15317 1178
67 73 10604 815
67 74 20043 1541
68 0 18775 1444
68 1 28867 2220
68 2 24393 1876
68 3 10330 794
68 4 15136 1164
68 5 14987 1152
68 6 3662 281
68 7 100 7
68 8 16517 1270
68 9 8682 667
68 10 20454 1573
68 11 7644 588
68 12 12328 948
68 13 25457 1958
68 14 5782 444
68 15 17749 1365
68 16 7459 573
68 17 29731 2287
68 18 25496 1961
68 19 12984 998
68 20 1203 92
68 21 15982 1229
68 22 18500 1423
68 23 13450 1034
68 24 17125 1317
68 25 718 55
68 26 5821 447
68 27 22817 1755
68 28 28919 2224
68 29 29308 2254
68 30 14099 1084
68 31 21275 1636
68 32 21191 1630
68 33 11993 922
68 34 17593 1353
68 35 4984 383
68 36 10691 822
68 37 2490 191
68 38 27042 2080
68 39 459 35
68 40 11479 883
68 41 27610 2123
68 42 21104 1623
68 43 8340 641
68 44 28008 2154
68 45 27635 2125
68 46 12871 990
68 47 2860 220
68 48 20106 1546
68 49 15265 1174
68 50 554 42
68 51 3867 297
68 52 10102 777
68 53 24088 1852
68 54 27384 2106
68 55 16871 1297
68 56 20279 1559
68 57 17079 1313
68 58 5200 400
68 59 2899 223
68 60 7981 613
68 61 16182 1244
68 62 14166 1089
68 63 20403 1569
68 64 9631 740
68 65 17819 1370
68 66 15403 1184
68 67 12846 988
68 68 0 0
68 69 26188 2014
68 70 6538 502
68 71 7592 584
68 72 13662 1050
68 73 7724 594
68 74 7096 545
69 0 12721 978
69 1 7489 576
69 2 22041 1695
69 3 26139 2010
69 4 18619 1432
69 5 6057 465
69 6 2682 206
69 7 19097 1469
69 8 22299 1715
69 9 5729 440
69 10 26505 2038
69 11 26743 2057
69 12 18762 1443
69 13 22535 1733
69 14 2241 172
69 15 5478 421
69 16 23335 1795
69 17 21602 1661
69 18 14818 1139
69 19 18166 1397
69 20 8062 620
69 21 8184 629
69 22 21687 1668
69 23 15703 1207
69 24 21058 1619
69 25 24621 1893
69 26 28481 2190
69 27 16384 1260
69 28 27595 2122
69 29 10112 777
69 30 9746 749
69 31 16673 1282
69 32 10475 805
69 33 3004 231
69 34 8024 617
69 35 4319 332
69 36 29602 2277
69 37 13361 1027
69 38 6641 510
69 39 17044 1311
69 40 27656 2127
69 41 7941 610
69 42 22054 1696
69 43 22207 1708
69 44 2383 183
69 45 6476 498
69 46 26570 2043
69 47 12144 934
69 48 17009 1308
69 49 18178 1398
69 50 7960 612
69 51 24049 1849
69 52 29713 2285
69 53 14002 1077
69 54 2101 161
69 55 16677 1282
69 56 9743 749
69 57 10060 773
69 58 13474 1036
69 59 2749 211
69 60 270 20
69 61 1538 118
69 62 9918 762
69 63 26106 2008
69 64 17193 1322
69 65 15415 1185
69 66 20760 1596
69 67 26244 2018
69 68 22708 1746
69 69 0 0
69 70 18246 1403
69 71 19400 1492
69 72 6628 509
69 73 20092 1545
69 74 3411 262
70 0 964 74
70 1 26395 2030
70 2 23036 1772
70 3 456 35
70 4 28565 2197
70 5 27898 2146
70 6 25339 1949
70 7 18928 1456
70 8 19466 1497
70 9 27638 2126
70 10 26160 2012
70 11 7027 540
70 12 2885 221
70 13 23710 1823
70 14 18435 1418
70 15 4100 315
70 16 20083 1544
70 17 22322 1717
70 18 10124 778
70 19 1474 113
70 20 29338 2256
70 21 18219 1401
70 22 7315 562
70 23 29912 2300
70 24 16159 1243
70 25 28381 2183
70 26 15733 1210
70 27 15457 1189
70 28 21802 1677
70 29 22721 1747
70 30 2755 211
70 31 16258 1250
70 32 27836 2141
70 33 26341 2026
70 34 14676 1128
70 35 7509 577
70 36 24202 1861
70 37 23515 1808
70 38 15945 1226
70 39 13386 1029
70 40 16506 1269
70 41 7561 581
70 42 7420 570
70 43 3817 293
70 44 18990 1460
70 45 18364 1412
70 46 3555 273
70 47 23918 1839
70 48 6961 535
70 49 5585 429
70 50 17328 1332
70 51 25232 1940
70 52 25884 1991
70 53 8112 624
70 54 17843 1372
70 55 19807 1523
70 56 17532 1348
70 57 2206 169
70 58 4596 353
70 59 6878 529
70 60 27659 2127
70 61 23705 1823
70 62 25338 1949
70 63 10415 801
70 64 28643 2203
70 65 13007 1000
70 66 22536 1733
70 67 25260 1943
70 68 7997 615
70 69 26864 2066
70 70 0 0
70 71 18840 1449
70 72 6024 463
70 73 24901 1915
70 74 29034 2233
71 0 22405 1723
71 1 13948 1072
71 2 7431 571
71 3 22231 1710
71 4 2744 211
71 5 29024 2232
71 6 3081 237
71 7 7351 565
71 8 9587 737
71 9 9372 720
71 10 20457 1573
71 11 29086 2237
71 12 4201 323
71 13 19887 1529
71 14 28226 2171
71 15 4902 377
71 16 260 20
71 17 17385 1337
71 18 21633 1664
71 19 15821 1217
71 20 26678 2052
71 21 4289 329
71 22 12701 977
71 23 2329 179
71 24 5941 457
71 25 23740 1826
71 26 6322 486
71 27 2115 162
71 28 9979 767
71 29 15119 1163
71 30 5036 387
71 31 28332 2179
71 32 19509 1500
71 33 17799 1369
71 34 16576 1275
71 35 4040 310
71 36 20689 1591
71 37 15857 1219
71 38 16748 1288
71 39 10737 825
71 40 22561 1735
71 41 21145 1626
71 42 21836 1679
71 43 6460 496
71 44 23964 1843
71 45 993 76
71 46 4908 377
71 47 5075 390
71 48 2659 204
71 49 18179 1398
71 50 17817 1370
71 51 7171 551
71 52 25295 1945
71 53 13386 1029
71 54 3103 238
71 55 26106 2008
71 56 22626 1740
71 57 16574 1274
71 58 7524 578
71 59 18588 1429
71 60 14203 1092
71 61 10339 795
71 62 4722 363
71 63 25017 1924
71 64 11105 854
71 65 23436 1802
71 66 18610 1431
71 67 14127 1086
71 68 15408 1185
71 69 8076 621
71 70 1295 99
71 71 0 0
71 72 173 13
71 73 4181 321
71 74 28489 2191
72 0 12364 951
72 1 5335 410
72 2 14633 1125
72 3 17529 1348
72 4 5543 426
72 5 15544 1195
72 6 28859 2219
72 7 28839 2218
72 8 11397 876
72 9 1108 85
72 10 19754 1519
72 11 25225 1940
72 12 1115 85
72 13 4460 343
72 14 9732 748
72 15 15165 1166
72 16 17827 1371
72 17 18963 1458
72 18 11232 864
72 19 6085 468
72 20 10726 825
72 21 18691 1437
72 22 18714 1439
72 23 21411 1647
72 24 14618 1124
72 25 19413 1493
72 26 19549 1503
72 27 8523 655
72 28 13267 1020
72 29 2584 198
72 30 127 9
72 31 28159 2166
72 32 22109 1700
72 33 4862 374
72 34 6913 531
72 35 3387 260
72 36 1728 132
72 37 25084 1929
72 38 29426 2263
72 39 5654 434
72 40 6668 512
72 41 26332 2025
72 42 986 75
72 43 5072 390
72 44 26402 2030
72 45 16862 1297
72 46 13300 1023
72 47 14182 1090
72 48 4660 358
72 49 19552 1504
72 50 11009 846
72 51 16863 1297
72 52 10588 814
72 53 23772 1828
72 54 2680 206
72 55 541 41
72 56 9119 701
72 57 11134 856
72 58 4078 313
72 59 387 29
72 60 2479 190
72 61 26511 2039
72 62 26761 2058
72 63 13600 1046
72 64 9849 757
72 65 13889 1068
72 66 3667 282
72 67 17915 1378
72 68 3095 238
72 69 19181 1475
72 70 12927 994
72 71 23588 1814
72 72 0 0
72 73 16967 1305
72 74 14435 1110
73 0 10118 778
73 1 3757 289
73 2 15906 1223
73 3 12846 988
73 4 29346 2257
73 5 28504 2192
73 6 25518 1962
73 7 25168 1936
73 8 16402 1261
73 9 15112 1162
73 10 1970 151
73 11 1376 105
73 12 9860 758
73 13 20282 1560
73 14 7902 607
73 15 26791 2060
73 16 26212 2016
73 17 26406 2031
73 18 1404 108
73 19 10764 828
73 20 26421 2032
73 21 26008 2000
73 22 25471 1959
73 23 8542 657
73 24 21080 1621
73 25 658 50
73 26 20350 1565
73 27 4388 337
73 28 1825 140
73 29 23174 1782
73 30 17447 1342
73 31 1944 149
73 32 18641 1433
73 33 23601 1815
73 34 24089 1853
73 35 12782 983
73 36 27253 2096
73 37 5137 395
73 38 3182 244
73 39 1499 115
73 40 27885 2145
73 41 20432 1571
73 42 10443 803
73 43 29369 2259
73 44 24613 1893
73 45 10267 789
73 46 10309 793
73 47 12383 952
73 48 2053 157
73 49 11501 884
73 50 23281 1790
73 51 3783 291
73 52 26645 2049
73 53 19512 1500
73 54 827 63
73 55 28286 2175
73 56 28999 2230
73 57 13417 1032
73 58 533 41
73 59 5348 411
73 60 28417 2185
73 61 15345 1180
73 62 11264 866
73 63 7290 560
73 64 9011 693
73 65 21677 1667
73 66 28208 2169
73 67 15262 1174
73 68 11358 873
73 69 23640 1818
73 70 11103 854
73 71 29302 2254
73 72 10471 805
73 73 0 0
73 74 21141 1626
74 0 5846 449
74 1 2201 169
74 2 15185 1168
74 3 14068 1082
74 4 23448 1803
74 5 17657 1358
74 6 3487 268
74 7 29169 2243
74 8 12143 934
74 9 5177 398
74 10 17556 1350
74 11 7474 574
74 12 13625 1048
74 13 7659 589
74 14 14036 1079
74 15 10606 815
74 16 14751 1134
74 17 2152 165
74 18 23758 1827
74 19 2027 155
74 20 21085 1621
74 21 15348 1180
74 22 12788 983
74 23 12414 954
74 24 13456 1035
74 25 6146 472
74 26 5204 400
74 27 7454 573
74 28 19701 1515
74 29 26509 2039
74 30 15513 1193
74 31 17741 1364
74 32 6497 499
74 33 16407 1262
74 34 24757 1904
74 35 18778 1444
74 36 24256 1865
74 37 8386 645
74 38 17009 1308
74 39 29334 2256
74 40 28182 2167
74 41 20622 1586
74 42 13370 1028
74 43 4989 383
74 44 16591 1276
74 45 22545 1734
74 46 19069 1466
74 47 14174 1090
74 48 12480 960
74 49 23141 1780
74 50 12308 946
74 51 17288 1329
74 52 13345 1026
74 53 28837 2218
74 54 11645 895
74 55 26107 2008
74 56 17221 1324
74 57 15125 1163
74 58 27106 2085
74 59 4523 347
74 60 25873 1990
74 61 16792 1291
74 62 18733 1441
74 63 27885 2145
74 64 23128 1779
74 65 28678 2206
74 66 16717 1285
74 67 5052 388
74 68 21752 1673
74 69 18465 1420
74 70 16583 1275
74 71 229 17
74 72 1371 105
74 73 22236 1710
74 74 0 0
