75
968 9486
1095 9614
916 7265
766 9518
1071 9702
1002 9149
777 5853
942 6758
903 7792
1165 6448
1075 7581
864 7330
768 5218
998 5736
1118 6657
806 6988
706 5102
745 7853
783 9102
767 6294
915 5332
921 8133
1162 8562
722 8860
613 5446
828 7228
678 8100
781 5168
952 6462
809 5576
1063 6287
630 7039
761 5646
800 6372
999 9254
623 7957
871 5416
1191 6023
632 9836
925 7672
711 6518
1179 7137
1014 9257
690 8422
833 6492
966 7624
857 8231
661 6386
969 8661
1184 5719
643 6910
1019 5255
661 9679
889 9081
724 9335
858 5021
1084 6997
932 6074
783 9513
778 6187
1173 5567
1014 5102
692 5406
1007 9784
705 9209
924 9854
948 8259
965 5283
791 9239
1052 5450
653 9107
623 6501
776 8022
1068 6861
625 6610
0 0 0 0
0 1 25773 1982
0 2 25777 1982
0 3 12272 944
0 4 9113 701
0 5 23029 1771
0 6 219 16
0 7 1985 152
0 8 7085 545
0 9 15537 1195
0 10 11275 867
0 11 16562 1274
0 12 25624 1971
0 13 27850 2142
0 14 15367 1182
0 15 1550 119
0 16 9181 706
0 17 25357 1950
0 18 23768 1828
0 19 10453 804
0 20 28469 2189
0 21 16731 1287
0 22 4330 333
0 23 13833 1064
0 24 9183 706
0 25 6029 463
0 26 2867 220
0 27 6506 500
0 28 26961 2073
0 29 15403 1184
0 30 23302 1792
0 31 28743 2211
0 32 4258 327
0 33 19419 1493
0 34 21314 1639
0 35 15480 1190
0 36 23878 1836
0 37 23731 1825
0 38 21593 1661
0 39 10054 773
0 40 19101 1469
0 41 808 62
0 42 16900 1300
0 43 13794 1061
0 44 28157 2165
0 45 18496 1422
0 46 1736 133
0 47 20165 1551
0 48 5181 398
0 49 23025 1771
0 50 29832 2294
0 51 8571 659
0 52 13219 1016
0 53 1383 106
0 54 23054 1773
0 55 7509 577
0 56 19516 1501
0 57 10004 769
0 58 6697 515
0 59 15384 1183
0 60 28670 2205
0 61 23524 1809
0 62 22086 1698
0 63 19691 1514
0 64 14155 1088
0 65 25434 1956
0 66 13424 1032
0 67 26732 2056
0 68 27427 2109
0 69 12170 936
0 70 10749 826
0 71 9800 753
0 72 12837 987
0 73 21367 1643
0 74 3327 255
1 0 26712 2054
1 1 0 0
1 2 18382 1414
1 3 23940 1841
1 4 29031 2233
1 5 966 74
1 6 24522 1886
1 7 18214 1401
1 8 25292 1945
1 9 14598 1122
1 10 9535 733
1 11 29241 2249
1 12 2533 194
1 13 26327 2025
1 14 7168 551
1 15 22850 1757
1 16 15124 1163
1 17 9584 737
1 18 5328 409
1 19 18147 1395
1 20 25168 1936
1 21 19450 1496
1 22 24423 1878
1 23 12895 991
1 24 13388 1029
1 25 14798 1138
1 26 27857 2142
1 27 25081 1929
1 28 20879 1606
1 29 3831 294
1 30 1104 84
1 31 24507 1885
1 32 27556 2119
1 33 8665 666
1 34 10897 838
1 35 12713 977
1 36 7792 599
1 37 12444 957
1 38 20290 1560
1 39 4222 324
1 40 25315 1947
1 41 13931 1071
1 42 10344 795
1 43 1084 83
1 44 15498 1192
1 45 16831 1294
1 46 10447 803
1 47 17951 1380
1 48 14368 1105
1 49 29772 2290
1 50 16572 1274
1 51 27182 2090
1 52 28169 2166
1 53 26846 2065
1 54 13683 1052
1 55 653 50
1 56 13937 1072
1 57 5692 437
1 58 12662 974
1 59 7206 554
1 60 13283 1021
1 61 29856 2296
1 62 20728 1594
1 63 16346 1257
1 64 3622 278
1 65 3549 273
1 66 28224 2171
1 67 21958 1689
1 68 11485 883
1 69 1693 130
1 70 17287 1329
1 71 27938 2149
1 72 5838 449
1 73 1415 108
1 74 10456 804
2 0 23004 1769
2 1 24989 1922
2 2 0 0
2 3 25543 1964
2 4 15851 1219
2 5 12557 965
2 6 20807 1600
2 7 9891 760
2 8 25153 1934
2 9 26541 2041
2 10 1070 82
2 11 23149 1780
2 12 14410 1108
2 13 28848 2219
2 14 23291 1791
2 15 4671 359
2 16 8422 647
2 17 11925 917
2 18 27656 2127
2 19 8393 645
2 20 8874 682
2 21 16184 1244
2 22 25860 1989
2 23 7028 540
2 24 19796 1522
2 25 16661 1281
2 26 2038 156
2 27 605 46
2 28 16548 1272
2 29 5563 427
2 30 13459 1035
2 31 29935 2302
2 32 20974 1613
2 33 20899 1607
2 34 15423 1186
2 35 17558 1350
2 36 26252 2019
2 37 7082 544
2 38 9638 741
2 39 2788 214
2 40 2187 168
2 41 2335 179
2 42 11066 851
2 43 23695 1822
2 44 3954 304
2 45 12159 935
2 46 17152 1319
2 47 21303 1638
2 48 1226 94
2 49 10371 797
2 50 9340 718
2 51 20606 1585
2 52 13860 1066
2 53 28572 2197
2 54 12037 925
2 55 24660 1896
2 56 16460 1266
2 57 6796 522
2 58 11247 865
2 59 11061 850
2 60 8156 627
2 61 875 67
2 62 6591 507
2 63 6445 495
2 64 9140 703
2 65 11784 906
2 66 11277 867
2 67 19677 1513
2 68 1062 81
2 69 25724 1978
2 70 18434 1418
2 71 23984 1844
2 72 2744 211
2 73 13429 1033
2 74 9585 737
3 0 16008 1231
3 1 1297 99
3 2 28754 2211
3 3 0 0
3 4 23281 1790
3 5 8486 652
3 6 24577 1890
3 7 24082 1852
3 8 3177 244
3 9 18468 1420
3 10 23657 1819
3 11 21718 1670
3 12 19989 1537
3 13 10101 777
3 14 2243 172
3 15 29976 2305
3 16 16177 1244
3 17 22085 1698
3 18 9259 712
3 19 10654 819
3 20 28040 2156
3 21 12080 929
3 22 9546 734
3 23 6451 496
3 24 10425 801
3 25 20686 1591
3 26 21592 1660
3 27 22545 1734
3 28 26645 2049
3 29 18392 1414
3 30 23262 1789
3 31 1696 130
3 32 10437 802
3 33 14622 1124
3 34 27059 2081
3 35 586 45
3 36 10365 797
3 37 7000 538
3 38 4780 367
3 39 14153 1088
3 40 26065 2005
3 41 15408 1185
3 42 25783 1983
3 43 26835 2064
3 44 13365 1028
3 45 17051 1311
3 46 17470 1343
3 47 28498 2192
3 48 25749 1980
3 49 1151 88
3 50 4221 324
3 51 22014 1693
3 52 25902 1992
3 53 17819 1370
3 54 20159 1550
3 55 2272 174
3 56 25470 1959
3 57 27720 2132
3 58 21102 1623
3 59 9313 716
3 60 26486 2037
3 61 6027 463
3 62 18070 1390
3 63 4343 334
3 64 5477 421
3 65 23835 1833
3 66 26563 2043
3 67 16110 1239
3 68 17480 1344
3 69 17033 1310
3 70 26014 2001
3 71 25060 1927
3 72 294 22
3 73 29220 2247
3 74 23582 1814
4 0 28991 2230
4 1 11260 866
4 2 709 54
4 3 22522 1732
4 4 0 0
4 5 11059 850
4 6 9418 724
4 7 5652 434
4 8 15161 1166
4 9 14315 1101
4 10 10225 786
4 11 11041 849
4 12 8922 686
4 13 17793 1368
4 14 3993 307
4 15 25019 1924
4 16 616 47
4 17 7194 553
4 18 12675 975
4 19 21097 1622
4 20 12450 957
4 21 1973 151
4 22 22539 1733
4 23 1705 131
4 24 29757 2289
4 25 17104 1315
4 26 16790 1291
4 27 17693 1361
4 28 6796 522
4 29 27404 2108
4 30 27307 2100
4 31 11597 892
4 32 21618 1662
4 33 9858 758
4 34 12345 949
4 35 12382 952
4 36 28156 2165
4 37 23696 1822
4 38 12000 923
4 39 11599 892
4 40 13248 1019
4 41 19952 1534
4 42 308 23
4 43 4431 340
4 44 25899 1992
4 45 10801 830
4 46 20338 1564
4 47 17375 1336
4 48 20058 1542
4 49 23367 1797
4 50 6203 477
4 51 20412 1570
4 52 18961 1458
4 53 6650 511
4 54 29554 2273
4 55 28047 2157
4 56 7490 576
4 57 24829 1909
4 58 15784 1214
4 59 12101 930
4 60 25210 1939
4 61 24739 1903
4 62 11912 916
4 63 25811 1985
4 64 4754 365
4 65 3018 232
4 66 4315 331
4 67 24682 1898
4 68 9535 733
4 69 23864 1835
4 70 12279 944
4 71 13233 1017
4 72 11190 860
4 73 2690 206
4 74 22322 1717
5 0 12013 924
5 1 20091 1545
5 2 26008 2000
5 3 13283 1021
5 4 18159 1396
5 5 0 0
5 6 1794 138
5 7 21121 1624
5 8 15145 1165
5 9 3617 278
5 10 15503 1192
5 11 17824 1371
5 12 22878 1759
5 13 29372 2259
5 14 805 61
5 15 5762 443
5 16 29539 2272
5 17 1786 137
5 18 4896 376
5 19 12227 940
5 20 20200 1553
5 21 10735 825
5 22 23646 1818
5 23 1493 114
5 24 21504 1654
5 25 23058 1773
5 26 22329 1717
5 27 13030 1002
5 28 4214 324
5 29 13519 1039
5 30 29721 2286
5 31 29799 2292
5 32 20660 1589
5 33 8592 660
5 34 19718 1516
5 35 15758 1212
5 36 19672 1513
5 37 3215 247
5 38 10967 843
5 39 28515 2193
5 40 29589 2276
5 41 15586 1198
5 42 18660 1435
5 43 16005 1231
5 44 7775 598
5 45 22560 1735
5 46 15389 1183
5 47 4555 350
5 48 20936 1610
5 49 14752 1134
5 50 18422 1417
5 51 549 42
5 52 22388 1722
5 53 1224 94
5 54 26498 2038
5 55 10066 774
5 56 2909 223
5 57 24021 1847
5 58 4794 368
5 59 27144 2088
5 60 4601 353
5 61 13034 1002
5 62 14535 1118
5 63 25229 1940
5 64 18813 1447
5 65 24056 1850
5 66 7443 572
5 67 27812 2139
5 68 14867 1143
5 69 9868 759
5 70 21769 1674
5 71 4788 368
5 72 29263 2251
5 73 792 60
5 74 9760 750
6 0 26802 2061
6 1 16855 1296
6 2 5178 398
6 3 29254 2250
6 4 28221 2170
6 5 3512 270
6 6 0 0
6 7 1003 77
6 8 23849 1834
6 9 29540 2272
6 10 1187 91
6 11 16196 1245
6 12 14496 1115
6 13 5023 386
6 14 10453 804
6 15 21226 1632
6 16 8268 636
6 17 4312 331
6 18 8076 621
6 19 18116 1393
6 20 4671 359
6 21 10210 785
6 22 23085 1775
6 23 27419 2109
6 24 29103 2238
6 25 4464 343
6 26 20938 1610
6 27 12897 992
6 28 12240 941
6 29 14136 1087
6 30 14101 1084
6 31 9046 695
6 32 23779 1829
6 33 26190 2014
6 34 11122 855
6 35 23125 1778
6 36 18131 1394
6 37 7277 559
6 38 18616 1432
6 39 12483 960
6 40 18747 1442
6 41 5982 460
6 42 4570 351
6 43 22435 1725
6 44 20304 1561
6 45 24690 1899
6 46 29588 2276
6 47 2568 197
6 48 13396 1030
6 49 5240 403
6 50 9714 747
6 51 25389 1953
6 52 27462 2112
6 53 16088 1237
6 54 21785 1675
6 55 2329 179
6 56 8950 688
6 57 6687 514
6 58 28951 2227
6 59 15784 1214
6 60 13083 1006
6 61 20827 1602
6 62 3208 246
6 63 6509 500
6 64 18352 1411
6 65 9638 741
6 66 4131 317
6 67 3447 265
6 68 10547 811
6 69 29120 2240
6 70 5357 412
6 71 25784 1983
6 72 4549 349
6 73 11769 905
6 74 7755 596
7 0 17685 1360
7 1 6463 497
7 2 20441 1572
7 3 26574 2044
7 4 5656 435
7 5 1558 119
7 6 2115 162
7 7 0 0
7 8 5281 406
7 9 8638 664
7 10 16628 1279
7 11 17783 1367
7 12 11702 900
7 13 28140 2164
7 14 28663 2204
7 15 11712 900
7 16 28007 2154
7 17 3180 244
7 18 24407 1877
7 19 14121 1086
7 20 8053 619
7 21 18023 1386
7 22 27566 2120
7 23 18753 1442
7 24 6145 472
7 25 7260 558
7 26 16433 1264
7 27 21488 1652
7 28 20467 1574
7 29 11997 922
7 30 24667 1897
7 31 14036 1079
7 32 14337 1102
7 33 4431 340
7 34 24006 1846
7 35 15170 1166
7 36 18383 1414
7 37 637 49
7 38 6915 531
7 39 8612 662
7 40 17816 1370
7 41 22799 1753
7 42 6177 475
7 43 23633 1817
7 44 23902 1838
7 45 9088 699
7 46 2437 187
7 47 10645 818
7 48 14467 1112
7 49 3248 249
7 50 1818 139
7 51 10186 783
7 52 15726 1209
7 53 1815 139
7 54 19108 1469
7 55 944 72
7 56 15001 1153
7 57 4015 308
7 58 25457 1958
7 59 2107 162
7 60 18595 1430
7 61 29831 2294
7 62 10651 819
7 63 15791 1214
7 64 21222 1632
7 65 9774 751
7 66 19789 1522
7 67 29429 2263
7 68 1082 83
7 69 25053 1927
7 70 26211 2016
7 71 25245 1941
7 72 29057 2235
7 73 11760 904
7 74 29412 2262
8 0 10536 810
8 1 20476 1575
8 2 20853 1604
8 3 3043 234
8 4 13740 1056
8 5 24853 1911
8 6 22027 1694
8 7 18777 1444
8 8 0 0
8 9 530 40
8 10 12119 932
8 11 6884 529
8 12 28301 2177
8 13 28463 2189
8 14 19521 1501
8 15 4838 372
8 16 17164 1320
8 17 5337 410
8 18 28733 2210
8 19 13777 1059
8 20 15974 1228
8 21 10922 840
8 22 12657 973
8 23 18497 1422
8 24 6491 499
8 25 21181 1629
8 26 7396 568
8 27 17799 1369
8 28 3262 250
8 29 25920 1993
8 30 23580 1813
8 31 2870 220
8 32 24744 1903
8 33 4539 349
8 34 17784 1368
8 35 12101 930
8 36 17969 1382
8 37 9306 715
8 38 10847 834
8 39 16158 1242
8 40 28274 2174
8 41 15904 1223
8 42 24446 1880
8 43 793 61
8 44 20439 1572
8 45 27705 2131
8 46 10374 798
8 47 23589 1814
8 48 11606 892
8 49 23519 1809
8 50 24411 1877
8 51 23930 1840
8 52 18260 1404
8 53 9950 765
8 54 28064 2158
8 55 6185 475
8 56 19136 1472
8 57 22101 1700
8 58 11817 909
8 59 10223 786
8 60 10689 822
8 61 18030 1386
8 62 21210 1631
8 63 11379 875
8 64 22868 1759
8 65 2520 193
8 66 4619 355
8 67 27569 2120
8 68 24211 1862
8 69 24375 1875
8 70 26667 2051
8 71 17135 1318
8 72 27632 2125
8 73 16917 1301
8 74 22236 1710
9 0 169 13
9 1 27241 2095
9 2 1298 99
9 3 15190 1168
9 4 16984 1306
9 5 16758 1289
9 6 11025 848
9 7 29778 2290
9 8 499 38
9 9 0 0
9 10 29610 2277
9 11 24237 1864
9 12 3838 295
9 13 18347 1411
9 14 26409 2031
9 15 4023 309
9 16 25225 1940
9 17 11473 882
9 18 402 30
9 19 8949 688
9 20 17892 1376
9 21 23905 1838
9 22 6735 518
9 23 3934 302
9 24 18975 1459
9 25 7852 604
9 26 3726 286
9 27 16695 1284
9 28 17129 1317
9 29 24620 1893
9 30 680 52
9 31 6051 465
9 32 19414 1493
9 33 7691 591
9 34 23667 1820
9 35 21277 1636
9 36 29356 2258
9 37 2159 166
9 38 14078 1082
9 39 21905 1685
9 40 9672 744
9 41 17053 1311
9 42 21800 1676
9 43 29749 2288
9 44 9464 728
9 45 1261 97
9 46 13242 1018
9 47 24292 1868
9 48 17753 1365
9 49 25591 1968
9 50 20483 1575
9 51 18989 1460
9 52 29655 2281
9 53 16868 1297
9 54 18410 1416
9 55 21181 1629
9 56 16681 1283
9 57 19258 1481
9 58 28321 2178
9 59 22066 1697
9 60 29192 2245
9 61 23521 1809
9 62 2811 216
9 63 4700 361
9 64 23067 1774
9 65 15297 1176
9 66 28227 2171
9 67 7522 578
9 68 2646 203
9 69 1408 108
9 70 700 53
9 71 5488 422
9 72 12280 944
9 73 17306 1331
9 74 11167 859
10 0 27034 2079
10 1 7711 593
10 2 14052 1080
10 3 17483 1344
10 4 9209 708
10 5 15996 1230
10 6 11676 898
10 7 8183 629
10 8 26250 2019
10 9 3018 232
10 10 0 0
10 11 14006 1077
10 12 19228 1479
10 13 21756 1673
10 14 432 33
10 15 24501 1884
10 16 18528 1425
10 17 7672 590
10 18 14823 1140
10 19 27402 2107
10 20 5250 403
10 21 11467 882
10 22 18408 1416
10 23 11300 869
10 24 15208 1169
10 25 14095 1084
10 26 5927 455
10 27 3771 290
10 28 29014 2231
10 29 10918 839
10 30 11950 919
10 31 8238 633
10 32 11075 851
10 33 17321 1332
10 34 9557 735
10 35 17056 1312
10 36 6814 524
10 37 20013 1539
10 38 19879 1529
10 39 3084 237
10 40 15363 1181
10 41 3069 236
10 42 9085 698
10 43 29813 2293
10 44 176 13
10 45 16117 1239
10 46 19673 1513
10 47 29622 2278
10 48 3018 232
10 49 26459 2035
10 50 9707 746
10 51 17953 1381
10 52 20198 1553
10 53 445 34
10 54 8571 659
10 55 25569 1966
10 56 27158 2089
10 57 28083 2160
10 58 22308 1716
10 59 7272 559
10 60 21175 1628
10 61 9327 717
10 62 10743 826
10 63 28587 2199
10 64 7184 552
10 65 29827 2294
10 66 2508 192
10 67 6711 516
10 68 7051 542
10 69 27086 2083
10 70 28864 2220
10 71 26602 2046
10 72 3172 244
10 73 19020 1463
10 74 7658 589
11 0 20586 1583
11 1 24583 1891
11 2 10217 785
11 3 4062 312
11 4 15151 1165
11 5 7097 545
11 6 547 42
11 7 15181 1167
11 8 3300 253
11 9 17833 1371
11 10 29507 2269
11 11 0 0
11 12 22356 1719
11 13 5345 411
11 14 17383 1337
11 15 3921 301
11 16 13717 1055
11 17 22917 1762
11 18 27853 2142
11 19 25560 1966
11 20 19815 1524
11 21 4213 324
11 22 23754 1827
11 23 25794 1984
11 24 20950 1611
11 25 18712 1439
11 26 14839 1141
11 27 621 47
11 28 21726 1671
11 29 255 19
11 30 16699 1284
11 31 15084 1160
11 32 6905 531
11 33 842 64
11 34 19638 1510
11 35 27319 2101
11 36 17367 1335
11 37 29979 2306
11 38 14489 1114
11 39 2339 179
11 40 9161 704
11 41 17350 1334
11 42 19092 1468
11 43 27817 2139
11 44 20131 1548
11 45 22868 1759
11 46 8846 680
11 47 22416 1724
11 48 26684 2052
11 49 28112 2162
11 50 3374 259
11 51 1812 139
11 52 23189 1783
11 53 14765 1135
11 54 16596 1276
11 55 6983 537
11 56 13027 1002
11 57 27132 2087
11 58 18640 1433
11 59 27466 2112
11 60 22464 1728
11 61 23749 1826
11 62 12557 965
11 63 8276 636
11 64 21632 1664
11 65 29663 2281
11 66 2714 208
11 67 23556 1812
11 68 265 20
11 69 369 28
11 70 3404 261
11 71 24524 1886
11 72 11135 856
11 73 12947 995
11 74 28166 2166
12 0 18040 1387
12 1 16862 1297
12 2 11534 887
12 3 4090 314
12 4 13228 1017
12 5 350 26
12 6 1734 133
12 7 29388 2260
12 8 5134 394
12 9 26174 2013
12 10 19310 1485
12 11 3557 273
12 12 0 0
12 13 26163 2012
12 14 14935 1148
12 15 15673 1205
12 16 10589 814
12 17 25112 1931
12 18 6678 513
12 19 12657 973
12 20 4237 325
12 21 11368 874
12 22 4445 341
12 23 8264 635
12 24 9335 718
12 25 23001 1769
12 26 18320 1409
12 27 29090 2237
12 28 8174 628
12 29 25349 1949
12 30 1637 125
12 31 8523 655
12 32 4479 344
12 33 10406 800
12 34 584 44
12 35 25140 1933
12 36 8461 650
12 37 25225 1940
12 38 27031 2079
12 39 13515 1039
12 40 4116 316
12 41 27803 2138
12 42 27263 2097
12 43 7704 592
12 44 26262 2020
12 45 9709 746
12 46 238 18
12 47 10194 784
12 48 15429 1186
12 49 23711 1823
12 50 20161 1550
12 51 2240 172
12 52 5481 421
12 53 25229 1940
12 54 458 35
12 55 10671 820
12 56 26752 2057
12 57 4864 374
12 58 25701 1977
12 59 17801 1369
12 60 1707 131
12 61 23320 1793
12 62 24124 1855
12 63 22831 1756
12 64 29590 2276
12 65 1183 91
12 66 23432 1802
12 67 11079 852
12 68 28180 2167
12 69 7405 569
12 70 22783 1752
12 71 19346 1488
12 72 9892 760
12 73 18148 1396
12 74 16335 1256
13 0 13306 1023
13 1 25030 1925
13 2 19969 1536
13 3 4091 314
13 4 9482 729
13 5 24263 1866
13 6 7910 608
13 7 16692 1284
13 8 9230 710
13 9 9888 760
13 10 3959 304
13 11 4076 313
13 12 27226 2094
13 13 0 0
13 14 8736 672
13 15 17568 1351
13 16 1494 114
13 17 13888 1068
13 18 26054 2004
13 19 8648 665
13 20 11637 895
13 21 9182 706
13 22 4460 343
13 23 16420 1263
13 24 20365 1566
13 25 23562 1812
13 26 18478 1421
13 27 19508 1500
13 28 29582 2275
13 29 2418 186
13 30 26767 2059
13 31 27599 2123
13 32 26510 2039
13 33 10252 788
13 34 1303 100
13 35 18442 1418
13 36 6979 536
13 37 4595 353
13 38 17030 1310
13 39 3722 286
13 40 10759 827
13 41 3342 257
13 42 24665 1897
13 43 4368 336
13 44 2208 169
13 45 14474 1113
13 46 23606 1815
13 47 7451 573
13 48 24558 1889
13 49 12143 934
13 50 19883 1529
13 51 15032 1156
13 52 26726 2055
13 53 8607 662
13 54 12938 995
13 55 11266 866
13 56 15935 1225
13 57 3200 246
13 58 16442 1264
13 59 18209 1400
13 60 17673 1359
13 61 29653 2281
13 62 15919 1224
13 63 9012 693
13 64 22107 1700
13 65 2397 184
13 66 7532 579
13 67 3825 294
13 68 29989 2306
13 69 9040 695
13 70 12195 938
13 71 20748 1596
13 72 6150 473
13 73 24434 1879
13 74 29493 2268
14 0 26339 2026
14 1 24444 1880
14 2 15798 1215
14 3 3727 286
14 4 9560 735
14 5 28246 2172
14 6 22018 1693
14 7 10609 816
14 8 6082 467
14 9 8370 643
14 10 9780 752
14 11 18162 1397
14 12 29599 2276
14 13 22053 1696
14 14 0 0
14 15 17676 1359
14 16 20224 1555
14 17 15553 1196
14 18 3629 279
14 19 27001 2077
14 20 7119 547
14 21 7296 561
14 22 2484 191
14 23 25828 1986
14 24 8487 652
14 25 8902 684
14 26 27221 2093
14 27 15891 1222
14 28 17958 1381
14 29 13385 1029
14 30 1763 135
14 31 26605 2046
14 32 4358 335
14 33 14199 1092
14 34 4485 345
14 35 8857 681
14 36 4928 379
14 37 21887 1683
14 38 27385 2106
14 39 3433 264
14 40 10362 797
14 41 9981 767
14 42 7537 579
14 43 26380 2029
14 44 22492 1730
14 45 6489 499
14 46 17493 1345
14 47 24497 1884
14 48 6964 535
14 49 7947 611
14 50 29929 2302
14 51 10492 807
14 52 1794 138
14 53 5864 451
14 54 7007 539
14 55 3690 283
14 56 24763 1904
14 57 3942 303
14 58 6905 531
14 59 22827 1755
14 60 10588 814
14 61 22469 1728
14 62 26799 2061
14 63 19844 1526
14 64 17736 1364
14 65 19727 1517
14 66 206 15
14 67 6425 494
14 68 1527 117
14 69 11710 900
14 70 17247 1326
14 71 25674 1974
14 72 18395 1415
14 73 24433 1879
14 74 12629 971
15 0 17120 1316
15 1 9894 761
15 2 25255 1942
15 3 3213 247
15 4 26392 2030
15 5 22442 1726
15 6 29113 2239
15 7 24819 1909
15 8 26886 2068
15 9 4393 337
15 10 29393 2261
15 11 9447 726
15 12 12193 937
15 13 10596 815
15 14 20673 1590
15 15 0 0
15 16 29779 2290
15 17 18427 1417
15 18 25624 1971
15 19 15482 1190
15 20 8612 662
15 21 29424 2263
15 22 5975 459
15 23 26338 2026
15 24 29657 2281
15 25 27306 2100
15 26 19917 1532
15 27 3287 252
15 28 26017 2001
15 29 2548 196
15 30 13021 1001
15 31 29046 2234
15 32 24936 1918
15 33 5737 441
15 34 26235 2018
15 35 17337 1333
15 36 10436 802
15 37 7982 614
15 38 13485 1037
15 39 10672 820
15 40 10893 837
15 41 12833 987
15 42 11832 910
15 43 6690 514
15 44 386 29
15 45 18701 1438
15 46 13258 1019
15 47 3233 248
15 48 13002 1000
15 49 14930 1148
15 50 15888 1222
15 51 22893 1761
15 52 9122 701
15 53 14579 1121
15 54 16900 1300
15 55 14658 1127
15 56 14461 1112
15 57 18795 1445
15 58 9611 739
15 59 6715 516
15 60 1996 153
15 61 4044 311
15 62 16096 1238
15 63 28592 2199
15 64 22212 1708
15 65 21684 1668
15 66 7437 572
15 67 19704 1515
15 68 4298 330
15 69 26844 2064
15 70 15846 1218
15 71 14884 1144
15 72 10894 838
15 73 3461 266
15 74 18074 1390
16 0 12386 952
16 1 26742 2057
16 2 22537 1733
16 3 27372 2105
16 4 16194 1245
16 5 26138 2010
16 6 21107 1623
16 7 6363 489
16 8 5804 446
16 9 1729 133
16 10 28223 2171
16 11 25167 1935
16 12 11513 885
16 13 1307 100
16 14 10347 795
16 15 4971 382
16 16 0 0
16 17 27700 2130
16 18 18156 1396
16 19 24216 1862
16 20 10756 827
16 21 16456 1265
16 22 25994 1999
16 23 1352 104
16 24 4289 329
16 25 1586 122
16 26 14889 1145
16 27 8879 683
16 28 16980 1306
16 29 21180 1629
16 30 20308 1562
16 31 21293 1637
16 32 274 21
16 33 8869 682
16 34 20427 1571
16 35 819 63
16 36 16535 1271
16 37 28703 2207
16 38 3092 237
16 39 14328 1102
16 40 17286 1329
16 41 25313 1947
16 42 26410 2031
16 43 24380 1875
16 44 1135 87
16 45 23469 1805
16 46 1590 122
16 47 24704 1900
16 48 25012 1924
16 49 12764 981
16 50 1281 98
16 51 24269 1866
16 52 1531 117
16 53 15605 1200
16 54 11334 871
16 55 22138 1702
16 56 23134 1779
16 57 14071 1082
16 58 2670 205
16 59 8738 672
16 60 11133 856
16 61 19878 1529
16 62 22968 1766
16 63 25774 1982
16 64 24637 1895
16 65 19398 1492
16 66 18979 1459
16 67 18834 1448
16 68 15092 1160
16 69 10619 816
16 70 9399 723
16 71 15291 1176
16 72 27547 2119
16 73 6104 469
16 74 26034 2002
17 0 12986 998
17 1 27004 2077
17 2 14231 1094
17 3 29158 2242
17 4 15912 1224
17 5 7783 598
17 6 13621 1047
17 7 28679 2206
17 8 13601 1046
17 9 22690 1745
17 10 28924 2224
17 11 9114 701
17 12 16925 1301
17 13 7693 591
17 14 16810 1293
17 15 27717 2132
17 16 10939 841
17 17 0 0
17 18 13735 1056
17 19 20779 1598
17 20 3378 259
17 21 6559 504
17 22 2628 202
17 23 26553 2042
17 24 9587 737
17 25 24019 1847
17 26 27225 2094
17 27 12296 945
17 28 13619 1047
17 29 15592 1199
17 30 7905 608
17 31 16333 1256
17 32 7003 538
17 33 9029 694
17 34 20450 1573
17 35 28363 2181
17 36 2215 170
17 37 25973 1997
17 38 18390 1414
17 39 1535 118
17 40 8064 620
17 41 27689 2129
17 42 12835 987
17 43 9321 717
17 44 3876 298
17 45 5449 419
17 46 4485 345
17 47 2792 214
17 48 20220 1555
17 49 9458 727
17 50 24353 1873
17 51 13319 1024
17 52 5439 418
17 53 15546 1195
17 54 7454 573
17 55 2963 227
17 56 19024 1463
17 57 9705 746
17 58 15175 1167
17 59 18506 1423
17 60 26644 2049
17 61 2684 206
17 62 27562 2120
17 63 3076 236
17 64 3733 287
17 65 10240 787
17 66 6696 515
17 67 25309 1946
17 68 4320 332
17 69 2565 197
17 70 21479 1652
17 71 11816 908
17 72 29845 2295
17 73 4974 382
17 74 9860 758
18 0 11097 853
18 1 27682 2129
18 2 24747 1903
18 3 23247 1788
18 4 1469 113
18 5 3442 264
18 6 28724 2209
18 7 18949 1457
18 8 25092 1930
18 9 27221 2093
18 10 23058 1773
18 11 13063 1004
18 12 3268 251
18 13 14429 1109
18 14 27489 2114
18 15 7921 609
18 16 29255 2250
18 17 1886 145
18 18 0 0
18 19 12766 982
18 20 6550 503
18 21 23263 1789
18 22 265 20
18 23 16815 1293
18 24 21204 1631
18 25 22964 1766
18 26 5810 446
18 27 23533 1810
18 28 26602 2046
18 29 11740 903
18 30 23243 1787
18 31 27259 2096
18 32 19415 1493
18 33 9944 764
18 34 11800 907
18 35 7027 540
18 36 3346 257
18 37 23828 1832
18 38 21329 1640
18 39 9107 700
18 40 15305 1177
18 41 4216 324
18 42 14228 1094
18 43 9842 757
18 44 297 22
18 45 8491 653
18 46 2470 190
18 47 27574 2121
18 48 8945 688
18 49 18852 1450
18 50 4391 337
18 51 20125 1548
18 52 28788 2214
18 53 13966 1074
18 54 22597 1738
18 55 561 43
18 56 13470 1036
18 57 19866 1528
18 58 27566 2120
18 59 21259 1635
18 60 21258 1635
18 61 214 16
18 62 11208 862
18 63 7609 585
18 64 29438 2264
18 65 6820 524
18 66 4806 369
18 67 11378 875
18 68 20219 1555
18 69 19983 1537
18 70 29046 2234
18 71 6449 496
18 72 18900 1453
18 73 23566 1812
18 74 29049 2234
19 0 16682 1283
19 1 13478 1036
19 2 28925 2225
19 3 13087 1006
19 4 9825 755
19 5 5513 424
19 6 13708 1054
19 7 19585 1506
19 8 19825 1525
19 9 25196 1938
19 10 15741 1210
19 11 4307 331
19 12 12988 999
19 13 3942 303
19 14 14109 1085
19 15 21918 1686
19 16 26940 2072
19 17 4019 309
19 18 11319 870
19 19 0 0
19 20 24420 1878
19 21 29654 2281
19 22 16871 1297
19 23 10293 791
19 24 523 40
19 25 4049 311
19 26 28605 2200
19 27 948 72
19 28 3701 284
19 29 4121 317
19 30 8520 655
19 31 14747 1134
19 32 12391 953
19 33 19972 1536
19 34 11965 920
19 35 24453 1881
19 36 15435 1187
19 37 23618 1816
19 38 3142 241
19 39 28458 2189
19 40 11778 906
19 41 6036 464
19 42 14492 1114
19 43 28558 2196
19 44 21739 1672
19 45 7654 588
19 46 13614 1047
19 47 8542 657
19 48 10158 781
19 49 25416 1955
19 50 20056 1542
19 51 26633 2048
19 52 25295 1945
19 53 7448 572
19 54 26025 2001
19 55 29713 2285
19 56 11880 913
19 57 21865 1681
19 58 9724 748
19 59 27482 2114
19 60 16380 1260
19 61 14642 1126
19 62 13745 1057
19 63 24469 1882
19 64 24624 1894
19 65 14370 1105
19 66 2053 157
19 67 24036 1848
19 68 20438 1572
19 69 13510 1039
19 70 23621 1817
19 71 28725 2209
19 72 23284 1791
19 73 21139 1626
19 74 29649 2280
20 0 11739 903
20 1 21913 1685
20 2 4092 314
20 3 14468 1112
20 4 19751 1519
20 5 24502 1884
20 6 18683 1437
20 7 29988 2306
20 8 5809 446
20 9 20295 1561
20 10 28201 2169
20 11 7886 606
20 12 19600 1507
20 13 8424 648
20 14 19192 1476
20 15 3602 277
20 16 6831 525
20 17 14020 1078
20 18 20282 1560
20 19 26216 2016
20 20 0 0
20 21 25022 1924
20 22 28327 2179
20 23 6838 526
20 24 21316 1639
20 25 9728 748
20 26 13270 1020
20 27 22553 1734
20 28 21994 1691
20 29 18688 1437
20 30 26736 2056
20 31 22562 1735
20 32 6760 520
20 33 8079 621
20 34 24952 1919
20 35 7300 561
20 36 1267 97
20 37 27215 2093
20 38 20183 1552
20 39 12959 996
20 40 14144 1088
20 41 29191 2245
20 42 8625 663
20 43 2382 183
20 44 17141 1318
20 45 15397 1184
20 46 27595 2122
20 47 29740 2287
20 48 21723 1671
20 49 16449 1265
20 50 27191 2091
20 51 3585 275
20 52 22804 1754
20 53 24281 1867
20 54 20630 1586
20 55 487 37
20 56 5220 401
20 57 25425 1955
20 58 24830 1910
20 59 22437 1725
20 60 21959 1689
20 61 27343 2103
20 62 25540 1964
20 63 14810 1139
20 64 8066 620
20 65 19361 1489
20 66 27638 2126
20 67 12075 928
20 68 6026 463
20 69 12655 973
20 70 21107 1623
20 71 22980 1767
20 72 16394 1261
20 73 23309 1793
20 74 22660 1743
21 0 970 74
21 1 22091 1699
21 2 23014 1770
21 3 22719 1747
21 4 6655 511
21 5 19854 1527
21 6 2764 212
21 7 24702 1900
21 8 18309 1408
21 9 27990 2153
21 10 27682 2129
21 11 12176 936
21 12 16677 1282
21 13 22219 1709
21 14 27963 2151
21 15 7087 545
21 16 6858 527
21 17 20697 1592
21 18 26675 2051
21 19 20781 1598
21 20 14657 1127
21 21 0 0
21 22 2128 163
21 23 4608 354
21 24 1842 141
21 25 6917 532
21 26 19268 1482
21 27 28644 2203
21 28 4585 352
21 29 16844 1295
21 30 8123 624
21 31 1766 135
21 32 26764 2058
21 33 18964 1458
21 34 4676 359
21 35 29161 2243
21 36 12116 932
21 37 27262 2097
21 38 7281 560
21 39 12378 952
21 40 29371 2259
21 41 22246 1711
21 42 18898 1453
21 43 22050 1696
21 44 23068 1774
21 45 9851 757
21 46 6260 481
21 47 9119 701
21 48 23758 1827
21 49 2355 181
21 50 7798 599
21 51 15239 1172
21 52 21025 1617
21 53 8878 682
21 54 5987 460
21 55 28263 2174
21 56 846 65
21 57 27011 2077
21 58 16149 1242
21 59 12008 923
21 60 614 47
21 61 14606 1123
21 62 20050 1542
21 63 24714 1901
21 64 1945 149
21 65 15312 1177
21 66 5728 440
21 67 18224 1401
21 68 3325 255
21 69 1658 127
21 70 28739 2210
21 71 1998 153
21 72 2526 194
21 73 21346 1642
21 74 4077 313
22 0 27867 2143
22 1 21333 1641
22 2 17389 1337
22 3 19057 1465
22 4 3417 262
22 5 2776 213
22 6 19382 1490
22 7 27659 2127
22 8 16090 1237
22 9 9744 749
22 10 26761 2058
22 11 14274 1098
22 12 15133 1164
22 13 12569 966
22 14 24790 1906
22 15 8519 655
22 16 28236 2172
22 17 24023 1847
22 18 12741 980
22 19 4172 320
22 20 15319 1178
22 21 5437 418
22 22 0 0
22 23 13925 1071
22 24 8690 668
22 25 18858 1450
22 26 13491 1037
22 27 29343 2257
22 28 28788 2214
22 29 9914 762
22 30 24087 1852
22 31 17916 1378
22 32 28796 2215
22 33 14795 1138
22 34 2431 187
22 35 2141 164
22 36 28612 2200
22 37 6059 466
22 38 19952 1534
22 39 18812 1447
22 40 24676 1898
22 41 11569 889
22 42 22289 1714
22 43 20934 1610
22 44 5758 442
22 45 12532 964
22 46 15423 1186
22 47 3506 269
22 48 19017 1462
22 49 7597 584
22 50 22413 1724
22 51 26121 2009
22 52 15955 1227
22 53 22729 1748
22 54 27065 2081
22 55 28403 2184
22 56 19999 1538
22 57 19568 1505
22 58 25296 1945
22 59 19334 1487
22 60 3619 278
22 61 25493 1961
22 62 2665 205
22 63 20272 1559
22 64 10739 826
22 65 6482 498
22 66 29056 2235
22 67 27780 2136
22 68 14576 1121
22 69 16826 1294
22 70 23716 1824
22 71 5563 427
22 72 22026 1694
22 73 13027 1002
22 74 28329 2179
23 0 18450 1419
23 1 28781 2213
23 2 20264 1558
23 3 8792 676
23 4 309 23
23 5 23746 1826
23 6 1799 138
23 7 7489 576
23 8 18565 1428
23 9 20426 1571
23 10 7982 614
23 11 4985 383
23 12 14191 1091
23 13 14260 1096
23 14 17999 1384
23 15 4846 372
23 16 4578 352
23 17 29333 2256
23 18 11833 910
23 19 28737 2210
23 20 17213 1324
23 21 13350 1026
23 22 6090 468
23 23 0 0
23 24 23823 1832
23 25 27858 2142
23 26 28751 2211
23 27 308 23
23 28 28004 2154
23 29 16061 1235
23 30 7182 552
23 31 8432 648
23 32 3519 270
23 33 11172 859
23 34 12962 997
23 35 26404 2031
23 36 9171 705
23 37 17275 1328
23 38 21904 1684
23 39 7800 600
23 40 16638 1279
23 41 16842 1295
23 42 20219 1555
23 43 20554 1581
23 44 5765 443
23 45 909 69
23 46 9838 756
23 47 8950 688
23 48 24506 1885
23 49 14742 1134
23 50 22641 1741
23 51 12245 941
23 52 4967 382
23 53 28324 2178
23 54 295 22
23 55 5764 443
23 56 5119 393
23 57 2885 221
23 58 7516 578
23 59 13188 1014
23 60 3859 296
23 61 24211 1862
23 62 3884 298
23 63 15456 1188
23 64 8186 629
23 65 1947 149
23 66 16452 1265
23 67 22379 1721
23 68 23381 1798
23 69 14830 1140
23 70 5592 430
23 71 28116 2162
23 72 368 28
23 73 25781 1983
23 74 12231 940
24 0 14678 1129
24 1 11587 891
24 2 644 49
24 3 3404 261
24 4 13967 1074
24 5 22056 1696
24 6 10780 829
24 7 12070 928
24 8 17125 1317
24 9 22900 1761
24 10 15497 1192
24 11 29484 2268
24 12 4576 352
24 13 5756 442
24 14 10362 797
24 15 11546 888
24 16 4645 357
24 17 114 8
24 18 18374 1413
24 19 8040 618
24 20 29544 2272
24 21 20375 1567
24 22 4124 317
24 23 4386 337
24 24 0 0
24 25 7319 563
24 26 9002 692
24 27 3853 296
24 28 21267 1635
24 29 26380 2029
24 30 6209 477
24 31 4271 328
24 32 20612 1585
24 33 24955 1919
24 34 1069 82
24 35 16009 1231
24 36 6243 480
24 37 17102 1315
24 38 1772 136
24 39 457 35
24 40 5131 394
24 41 20146 1549
24 42 1641 126
24 43 5942 457
24 44 287 22
24 45 8799 676
24 46 3141 241
24 47 5830 448
24 48 28971 2228
24 49 25225 1940
24 50 7353 565
24 51 29377 2259
24 52 4952 380
24 53 9945 765
24 54 8312 639
24 55 25953 1996
24 56 27472 2113
24 57 29512 2270
24 58 4337 333
24 59 15741 1210
24 60 15319 1178
24 61 16076 1236
24 62 6319 486
24 63 23986 1845
24 64 8756 673
24 65 3220 247
24 66 24859 1912
24 67 12763 981
24 68 5301 407
24 69 26196 2015
24 70 2309 177
24 71 18856 1450
24 72 22753 1750
24 73 8660 666
24 74 5858 450
25 0 2749 211
25 1 26037 2002
25 2 19561 1504
25 3 12021 924
25 4 11645 895
25 5 2455 188
25 6 23645 1818
25 7 12144 934
25 8 28463 2189
25 9 26876 2067
25 10 1365 105
25 11 12184 937
25 12 22989 1768
25 13 27036 2079
25 14 22378 1721
25 15 6756 519
25 16 8074 621
25 17 26637 2049
25 18 4706 362
25 19 23088 1776
25 20 15250 1173
25 21 5512 424
25 22 24480 1883
25 23 5582 429
25 24 5053 388
25 25 0 0
25 26 23562 1812
25 27 15449 1188
25 28 22004 1692
25 29 27673 2128
25 30 8600 661
25 31 13935 1071
25 32 14953 1150
25 33 9774 751
25 34 21923 1686
25 35 15007 1154
25 36 11082 852
25 37 22111 1700
25 38 9985 768
25 39 16897 1299
25 40 23894 1838
25 41 27419 2109
25 42 12470 959
25 43 6292 484
25 44 21101 1623
25 45 28798 2215
25 46 28828 2217
25 47 16168 1243
25 48 10805 831
25 49 11713 901
25 50 471 36
25 51 25158 1935
25 52 3118 239
25 53 8722 670
25 54 27573 2121
25 55 16352 1257
25 56 25992 1999
25 57 28329 2179
25 58 9394 722
25 59 19440 1495
25 60 24553 1888
25 61 29239 2249
25 62 19837 1525
25 63 19738 1518
25 64 12934 994
25 65 5376 413
25 66 14573 1121
25 67 28511 2193
25 68 933 71
25 69 9646 742
25 70 13507 1039
25 71 29685 2283
25 72 24130 1856
25 73 11504 884
25 74 3833 294
26 0 28075 2159
26 1 1160 89
26 2 19865 1528
26 3 16779 1290
26 4 29134 2241
26 5 4851 373
26 6 26193 2014
26 7 18440 1418
26 8 15172 1167
26 9 10583 814
26 10 11452 880
26 11 2060 158
26 12 26528 2040
26 13 13700 1053
26 14 18262 1404
26 15 20435 1571
26 16 14510 1116
26 17 13628 1048
26 18 18603 1431
26 19 28128 2163
26 20 29262 2250
26 21 21583 1660
26 22 3839 295
26 23 20902 1607
26 24 14994 1153
26 25 1028 79
26 26 0 0
26 27 18260 1404
26 28 22689 1745
26 29 26768 2059
26 30 2604 200
26 31 13770 1059
26 32 17476 1344
26 33 6102 469
26 34 13997 1076
26 35 28809 2216
26 36 20257 1558
26 37 22104 1700
26 38 23962 1843
26 39 27663 2127
26 40 27872 2144
26 41 20220 1555
26 42 16792 1291
26 43 4628 356
26 44 13134 1010
26 45 7427 571
26 46 17079 1313
26 47 16582 1275
26 48 15529 1194
26 49 26967 2074
26 50 5768 443
26 51 25310 1946
26 52 15651 1203
26 53 18433 1417
26 54 18092 1391
26 55 11578 890
26 56 22474 1728
26 57 4636 356
26 58 29943 2303
26 59 19554 1504
26 60 14060 1081
26 61 2632 202
26 62 26982 2075
26 63 13991 1076
26 64 24915 1916
26 65 15606 1200
26 66 15884 1221
26 67 13884 1068
26 68 8525 655
26 69 9646 742
26 70 22989 1768
26 71 24167 1859
26 72 8416 647
26 73 13397 1030
26 74 22172 1705
27 0 19516 1501
27 1 3226 248
27 2 6016 462
27 3 15905 1223
27 4 29764 2289
27 5 7044 541
27 6 23337 1795
27 7 20431 1571
27 8 25357 1950
27 9 23603 1815
27 10 18501 1423
27 11 17119 1316
27 12 1575 121
27 13 13276 1021
27 14 21413 1647
27 15 10801 830
27 16 13396 1030
27 17 6021 463
27 18 5667 435
27 19 14911 1147
27 20 16426 1263
27 21 12136 933
27 22 23858 1835
27 23 19712 1516
27 24 412 31
27 25 13952 1073
27 26 21197 1630
27 27 0 0
27 28 17628 1356
27 29 13462 1035
27 30 5593 430
27 31 19434 1494
27 32 10758 827
27 33 14471 1113
27 34 8885 683
27 35 14602 1123
27 36 24811 1908
27 37 7037 541
27 38 9531 733
27 39 9045 695
27 40 1538 118
27 41 14707 1131
27 42 6815 524
27 43 23924 1840
27 44 28685 2206
27 45 11014 847
27 46 4197 322
27 47 13928 1071
27 48 11909 916
27 49 9323 717
27 50 24359 1873
27 51 16278 1252
27 52 25201 1938
27 53 22304 1715
27 54 10195 784
27 55 1136 87
27 56 17466 1343
27 57 10896 838
27 58 11307 869
27 59 1132 87
27 60 20995 1615
27 61 2700 207
27 62 2452 188
27 63 25066 1928
27 64 3836 295
27 65 10214 785
27 66 2287 175
27 67 13348 1026
27 68 24587 1891
27 69 4362 335
27 70 27882 2144
27 71 26879 2067
27 72 5474 421
27 73 3057 235
27 74 28485 2191
28 0 12957 996
28 1 23132 1779
28 2 29644 2280
28 3 24554 1888
28 4 4044 311
28 5 20995 1615
28 6 19524 1501
28 7 29716 2285
28 8 5992 460
28 9 3687 283
28 10 8597 661
28 11 11186 860
28 12 13926 1071
28 13 29899 2299
28 14 7747 595
28 15 633 48
28 16 27505 2115
28 17 16096 1238
28 18 11452 880
28 19 12566 966
28 20 21154 1627
28 21 5169 397
28 22 19084 1468
28 23 17977 1382
28 24 6389 491
28 25 7734 594
28 26 17521 1347
28 27 17247 1326
28 28 0 0
28 29 26586 2045
28 30 17242 1326
28 31 12526 963
28 32 3503 269
28 33 16574 1274
28 34 5633 433
28 35 5509 423
28 36 13720 1055
28 37 11217 862
28 38 10630 817
28 39 19451 1496
28 40 2657 204
28 41 3253 250
28 42 16406 1262
28 43 16105 1238
28 44 20314 1562
28 45 5072 390
28 46 21350 1642
28 47 14789 1137
28 48 11614 893
28 49 25324 1948
28 50 24785 1906
28 51 25389 1953
28 52 3035 233
28 53 19123 1471
28 54 26815 2062
28 55 16055 1235
28 56 10528 809
28 57 20811 1600
28 58 29190 2245
28 59 24190 1860
28 60 1841 141
28 61 21750 1673
28 62 13606 1046
28 63 13486 1037
28 64 29316 2255
28 65 24258 1866
28 66 19472 1497
28 67 7757 596
28 68 8319 639
28 69 19979 1536
28 70 6339 487
28 71 730 56
28 72 18161 1397
28 73 17604 1354
28 74 3730 286
29 0 15855 1219
29 1 10909 839
29 2 26026 2002
29 3 12611 970
29 4 22174 1705
29 5 299 23
29 6 23402 1800
29 7 26900 2069
29 8 19024 1463
29 9 2318 178
29 10 3983 306
29 11 9578 736
29 12 7085 545
29 13 11364 874
29 14 1328 102
29 15 23633 1817
29 16 3750 288
29 17 3935 302
29 18 27382 2106
29 19 10252 788
29 20 25890 1991
29 21 24820 1909
29 22 6977 536
29 23 18627 1432
29 24 19861 1527
29 25 14984 1152
29 26 23630 1817
29 27 23258 1789
29 28 3930 302
29 29 0 0
29 30 14569 1120
29 31 19343 1487
29 32 21758 1673
29 33 29766 2289
29 34 12464 958
29 35 22118 1701
29 36 26482 2037
29 37 11639 895
29 38 17983 1383
29 39 18033 1387
29 40 2569 197
29 41 6462 497
29 42 2172 167
29 43 21367 1643
29 44 19283 1483
29 45 20304 1561
29 46 26899 2069
29 47 26159 2012
29 48 25491 1960
29 49 4280 329
29 50 2333 179
29 51 8164 628
29 52 8722 670
29 53 28795 2215
29 54 6368 489
29 55 26400 2030
29 56 1634 125
29 57 3176 244
29 58 14384 1106
29 59 7551 580
29 60 4185 321
29 61 23638 1818
29 62 6589 506
29 63 23193 1784
29 64 1685 129
29 65 12523 963
29 66 22284 1714
29 67 14120 1086
29 68 4147 319
29 69 21022 1617
29 70 11883 914
29 71 1814 139
29 72 3029 233
29 73 14047 1080
29 74 11533 887
30 0 24903 1915
30 1 28143 2164
30 2 18579 1429
30 3 14176 1090
30 4 24356 1873
30 5 28841 2218
30 6 12713 977
30 7 22206 1708
30 8 28663 2204
30 9 27998 2153
30 10 17157 1319
30 11 2365 181
30 12 3073 236
30 13 13411 1031
30 14 19862 1527
30 15 19104 1469
30 16 1366 105
30 17 26544 2041
30 18 23477 1805
30 19 9912 762
30 20 8687 668
30 21 5278 406
30 22 27899 2146
30 23 19395 1491
30 24 20594 1584
30 25 14267 1097
30 26 18755 1442
30 27 12596 968
30 28 6898 530
30 29 1098 84
30 30 0 0
30 31 1195 91
30 32 3365 258
30 33 1261 97
30 34 7181 552
30 35 23655 1819
30 36 15679 1206
30 37 25393 1953
30 38 18099 1392
30 39 3546 272
30 40 20844 1603
30 41 15988 1229
30 42 3313 254
30 43 1774 136
30 44 11409 877
30 45 7279 559
30 46 3405 261
30 47 14114 1085
30 48 22329 1717
30 49 20757 1596
30 50 6555 504
30 51 9269 713
30 52 28504 2192
30 53 27414 2108
30 54 13270 1020
30 55 9134 702
30 56 24849 1911
30 57 23700 1823
30 58 22991 1768
30 59 8623 663
30 60 24193 1861
30 61 20603 1584
30 62 19448 1496
30 63 14066 1082
30 64 20038 1541
30 65 27717 2132
30 66 11787 906
30 67 2413 185
30 68 24380 1875
30 69 29243 2249
30 70 12841 987
30 71 22778 1752
30 72 4976 382
30 73 2502 192
30 74 15127 1163
31 0 7275 559
31 1 9521 732
31 2 28666 2205
31 3 19285 1483
31 4 18973 1459
31 5 23156 1781
31 6 1573 121
31 7 9030 694
31 8 27130 2086
31 9 23657 1819
31 10 12999 999
31 11 15653 1204
31 12 23075 1775
31 13 10188 783
31 14 26165 2012
31 15 15334 1179
31 16 11891 914
31 17 27583 2121
31 18 422 32
31 19 9760 750
31 20 26344 2026
31 21 4078 313
31 22 21137 1625
31 23 19069 1466
31 24 1476 113
31 25 10346 795
31 26 19909 1531
31 27 25408 1954
31 28 8156 627
31 29 10757 827
31 30 25781 1983
31 31 0 0
31 32 634 48
31 33 29278 2252
31 34 12389 953
31 35 28858 2219
31 36 6131 471
31 37 17952 1380
31 38 26690 2053
31 39 396 30
31 40 12354 950
31 41 24387 1875
31 42 18330 1410
31 43 3225 248
31 44 20067 1543
31 45 8367 643
31 46 17155 1319
31 47 26308 2023
31 48 14299 1099
31 49 11526 886
31 50 3401 261
31 51 25677 1975
31 52 9316 716
31 53 27713 2131
31 54 24853 1911
31 55 26385 2029
31 56 17423 1340
31 57 2141 164
31 58 18438 1418
31 59 12033 925
31 60 5281 406
31 61 23834 1833
31 62 24164 1858
31 63 27279 2098
31 64 8608 662
31 65 27626 2125
31 66 14024 1078
31 67 908 69
31 68 7465 574
31 69 4852 373
31 70 21090 1622
31 71 28248 2172
31 72 19558 1504
31 73 8101 623
31 74 5679 436
32 0 6146 472
32 1 27495 2115
32 2 7802 600
32 3 1241 95
32 4 28948 2226
32 5 17054 1311
32 6 2683 206
32 7 24602 1892
32 8 12590 968
32 9 26407 2031
32 10 16226 1248
32 11 20060 1543
32 12 3830 294
32 13 12902 992
32 14 8151 627
32 15 29431 2263
32 16 22050 1696
32 17 9957 765
32 18 4211 323
32 19 14822 1140
32 20 15698 1207
32 21 8579 659
32 22 8608 662
32 23 7434 571
32 24 25571 1967
32 25 2828 217
32 26 20583 1583
32 27 13790 1060
32 28 29283 2252
32 29 21205 1631
32 30 22795 1753
32 31 28069 2159
32 32 0 0
32 33 16373 1259
32 34 15003 1154
32 35 20680 1590
32 36 18474 1421
32 37 29361 2258
32 38 21505 1654
32 39 24490 1883
32 40 7041 541
32 41 25418 1955
32 42 10145 780
32 43 21594 1661
32 44 22543 1734
32 45 15452 1188
32 46 3247 249
32 47 10960 843
32 48 3314 254
32 49 17221 1324
32 50 15544 1195
32 51 16870 1297
32 52 804 61
32 53 3795 291
32 54 9612 739
32 55 1839 141
32 56 25995 1999
32 57 27903 2146
32 58 25102 1930
32 59 19440 1495
32 60 24912 1916
32 61 16528 1271
32 62 14768 1136
32 63 25552 1965
32 64 6725 517
32 65 9324 717
32 66 8485 652
32 67 23990 1845
32 68 15656 1204
32 69 29039 2233
32 70 5429 417
32 71 9420 724
32 72 6135 471
32 73 20356 1565
32 74 414 31
33 0 23206 1785
33 1 10419 801
33 2 28501 2192
33 3 29780 2290
33 4 24100 1853
33 5 17985 1383
33 6 11936 918
33 7 7744 595
33 8 19295 1484
33 9 29881 2298
33 10 24022 1847
33 11 20372 1567
33 12 12392 953
33 13 24142 1857
33 14 3971 305
33 15 24346 1872
33 16 9447 726
33 17 1214 93
33 18 22989 1768
33 19 13723 1055
33 20 838 64
33 21 14404 1108
33 22 20253 1557
33 23 12511 962
33 24 2875 221
33 25 24663 1897
33 26 5990 460
33 27 4434 341
33 28 23800 1830
33 29 12219 939
33 30 14905 1146
33 31 5853 450
33 32 22248 1711
33 33 0 0
33 34 12358 950
33 35 10801 830
33 36 24314 1870
33 37 19354 1488
33 38 4374 336
33 39 25430 1956
33 40 18160 1396
33 41 29591 2276
33 42 6146 472
33 43 18728 1440
33 44 29824 2294
33 45 17027 1309
33 46 20874 1605
33 47 12056 927
33 48 8553 657
33 49 15486 1191
33 50 8429 648
33 51 2720 209
33 52 14242 1095
33 53 21872 1682
33 54 29209 2246
33 55 18517 1424
33 56 18210 1400
33 57 412 31
33 58 6579 506
33 59 19416 1493
33 60 19467 1497
33 61 5428 417
33 62 20519 1578
33 63 8836 679
33 64 19353 1488
33 65 19903 1531
33 66 15542 1195
33 67 2317 178
33 68 6383 491
33 69 10687 822
33 70 25001 1923
33 71 4011 308
33 72 4015 308
33 73 5517 424
33 74 27736 2133
34 0 13084 1006
34 1 23580 1813
34 2 15183 1167
34 3 24032 1848
34 4 6401 492
34 5 28917 2224
34 6 21557 1658
34 7 27890 2145
34 8 15675 1205
34 9 15201 1169
34 10 22919 1763
34 11 26419 2032
34 12 26381 2029
34 13 2614 201
34 14 7837 602
34 15 28093 2161
34 16 14826 1140
34 17 29160 2243
34 18 12764 981
34 19 28596 2199
34 20 26822 2063
34 21 953 73
34 22 16960 1304
34 23 12616 970
34 24 5876 452
34 25 27685 2129
34 26 8864 681
34 27 28936 2225
34 28 23981 1844
34 29 27652 2127
34 30 3760 289
34 31 6584 506
34 32 10007 769
34 33 8697 669
34 34 0 0
34 35 22016 1693
34 36 24497 1884
34 37 3600 276
34 38 6133 471
34 39 29082 2237
34 40 18045 1388
34 41 858 66
34 42 23431 1802
34 43 26376 2028
34 44 14212 1093
34 45 16246 1249
34 46 19500 1500
34 47 12599 969
34 48 310 23
34 49 1264 97
34 50 28186 2168
34 51 15461 1189
34 52 3177 244
34 53 8259 635
34 54 22482 1729
34 55 12118 932
34 56 12357 950
34 57 23506 1808
34 58 19361 1489
34 59 3772 290
34 60 9795 753
34 61 1804 138
34 62 27637 2125
34 63 6488 499
34 64 13624 1048
34 65 18363 1412
34 66 19191 1476
34 67 29389 2260
34 68 13875 1067
34 69 23921 1840
34 70 25854 1988
34 71 4440 341
34 72 23685 1821
34 73 10410 800
34 74 5279 406
35 0 22364 1720
35 1 8538 656
35 2 15490 1191
35 3 29657 2281
35 4 12080 929
35 5 7582 583
35 6 9125 701
35 7 24531 1887
35 8 27988 2152
35 9 7897 607
35 10 19418 1493
35 11 23647 1819
35 12 27819 2139
35 13 14662 1127
35 14 23200 1784
35 15 17406 1338
35 16 12818 986
35 17 2622 201
35 18 26900 2069
35 19 6500 500
35 20 10020 770
35 21 5563 427
35 22 27806 2138
35 23 10008 769
35 24 24237 1864
35 25 28335 2179
35 26 10301 792
35 27 8513 654
35 28 7935 610
35 29 171 13
35 30 2472 190
35 31 18507 1423
35 32 25137 1933
35 33 10943 841
35 34 14241 1095
35 35 0 0
35 36 26473 2036
35 37 13396 1030
35 38 6730 517
35 39 17468 1343
35 40 3868 297
35 41 23842 1834
35 42 17975 1382
35 43 20748 1596
35 44 4532 348
35 45 29427 2263
35 46 8347 642
35 47 2372 182
35 48 12833 987
35 49 11863 912
35 50 8306 638
35 51 11715 901
35 52 23023 1771
35 53 22097 1699
35 54 7530 579
35 55 18381 1413
35 56 5999 461
35 57 9403 723
35 58 29761 2289
35 59 28637 2202
35 60 7895 607
35 61 22160 1704
35 62 24728 1902
35 63 20849 1603
35 64 22148 1703
35 65 2608 200
35 66 7738 595
35 67 28282 2175
35 68 27967 2151
35 69 11446 880
35 70 10990 845
35 71 17201 1323
35 72 20441 1572
35 73 26812 2062
35 74 18634 1433
36 0 27431 2110
36 1 3441 264
36 2 3786 291
36 3 16077 1236
36 4 13426 1032
36 5 3531 271
36 6 22892 1760
36 7 8900 684
36 8 26782 2060
36 9 23258 1789
36 10 19634 1510
36 11 16163 1243
36 12 26668 2051
36 13 4382 337
36 14 19841 1526
36 15 5609 431
36 16 22757 1750
36 17 21222 1632
36 18 14584 1121
36 19 24434 1879
36 20 18915 1455
36 21 23222 1786
36 22 21999 1692
36 23 18749 1442
36 24 6856 527
36 25 27564 2120
36 26 7641 587
36 27 6647 511
36 28 13811 1062
36 29 12306 946
36 30 21056 1619
36 31 13452 1034
36 32 9935 764
36 33 27125 2086
36 34 11872 913
36 35 18250 1403
36 36 0 0
36 37 14941 1149
36 38 22554 1734
36 39 14084 1083
36 40 2620 201
36 41 3706 285
36 42 25499 1961
36 43 28233 2171
36 44 25290 1945
36 45 21763 1674
36 46 26878 2067
36 47 7869 605
36 48 13873 1067
36 49 12289 945
36 50 12666 974
36 51 21356 1642
36 52 12352 950
36 53 8417 647
36 54 6536 502
36 55 29865 2297
36 56 15421 1186
36 57 16656 1281
36 58 16548 1272
36 59 14958 1150
36 60 23774 1828
36 61 145 11
36 62 24807 1908
36 63 28246 2172
36 64 25608 1969
36 65 20740 1595
36 66 23001 1769
36 67 12653 973
36 68 4936 379
36 69 23964 1843
36 70 15652 1204
36 71 2204 169
36 72 7079 544
36 73 21617 1662
36 74 10203 784
37 0 14041 1080
37 1 20242 1557
37 2 4097 315
37 3 23241 1787
37 4 4969 382
37 5 11284 868
37 6 23444 1803
37 7 28267 2174
37 8 6012 462
37 9 27613 2124
37 10 340 26
37 11 26580 2044
37 12 13099 1007
37 13 5802 446
37 14 22427 1725
37 15 11526 886
37 16 5282 406
37 17 21207 1631
37 18 25982 1998
37 19 797 61
37 20 1076 82
37 21 1335 102
37 22 19407 1492
37 23 7955 611
37 24 22374 1721
37 25 14893 1145
37 26 25111 1931
37 27 22921 1763
37 28 12353 950
37 29 1842 141
37 30 6169 474
37 31 2808 216
37 32 12242 941
37 33 20148 1549
37 34 18143 1395
37 35 6779 521
37 36 22939 1764
37 37 0 0
37 38 27952 2150
37 39 19999 1538
37 40 10132 779
37 41 12713 977
37 42 29620 2278
37 43 21553 1657
37 44 23859 1835
37 45 6287 483
37 46 4100 315
37 47 11953 919
37 48 3342 257
37 49 4787 368
37 50 3815 293
37 51 4976 382
37 52 3163 243
37 53 29731 2287
37 54 10153 781
37 55 13415 1031
37 56 7389 568
37 57 22133 1702
37 58 10617 816
37 59 21708 1669
37 60 14861 1143
37 61 18822 1447
37 62 24433 1879
37 63 4123 317
37 64 18918 1455
37 65 8252 634
37 66 3923 301
37 67 25555 1965
37 68 19775 1521
37 69 13812 1062
37 70 17751 1365
37 71 9721 747
37 72 9873 759
37 73 3312 254
37 74 28977 2229
38 0 5677 436
38 1 14313 1101
38 2 29637 2279
38 3 23315 1793
38 4 20932 1610
38 5 15696 1207
38 6 5208 400
38 7 11517 885
38 8 11601 892
38 9 1620 124
38 10 13525 1040
38 11 20802 1600
38 12 14476 1113
38 13 9608 739
38 14 27127 2086
38 15 13353 1027
38 16 24772 1905
38 17 438 33
38 18 16279 1252
38 19 26603 2046
38 20 12054 927
38 21 13975 1075
38 22 23243 1787
38 23 26962 2074
38 24 4273 328
38 25 12799 984
38 26 20993 1614
38 27 18395 1415
38 28 10668 820
38 29 2310 177
38 30 13008 1000
38 31 23390 1799
38 32 13004 1000
38 33 6309 485
38 34 1495 115
38 35 17774 1367
38 36 16260 1250
38 37 5816 447
38 38 0 0
38 39 23644 1818
38 40 20717 1593
38 41 23183 1783
38 42 6758 519
38 43 1621 124
38 44 9566 735
38 45 19213 1477
38 46 14154 1088
38 47 14856 1142
38 48 5644 434
38 49 7542 580
38 50 27140 2087
38 51 1388 106
38 52 2451 188
38 53 7036 541
38 54 6521 501
38 55 26448 2034
38 56 6058 466
38 57 15127 1163
38 58 11622 894
38 59 17310 1331
38 60 2738 210
38 61 23310 1793
38 62 10056 773
38 63 28444 2188
38 64 24836 1910
38 65 1756 135
38 66 22927 1763
38 67 20634 1587
38 68 4755 365
38 69 7452 573
38 70 12789 983
38 71 27914 2147
38 72 16373 1259
38 73 23821 1832
38 74 6880 529
39 0 19158 1473
39 1 22798 1753
39 2 14277 1098
39 3 28899 2223
39 4 5153 396
39 5 3503 269
39 6 1987 152
39 7 7359 566
39 8 13369 1028
39 9 12683 975
39 10 12623 971
39 11 15173 1167
39 12 4099 315
39 13 12539 964
39 14 11098 853
39 15 17651 1357
39 16 18166 1397
39 17 12066 928
39 18 18297 1407
39 19 7286 560
39 20 8017 616
39 21 14855 1142
39 22 27111 2085
39 23 21694 1668
39 24 11273 867
39 25 14121 1086
39 26 25002 1923
39 27 25117 1932
39 28 1236 95
39 29 29218 2247
39 30 20836 1602
39 31 23076 1775
39 32 27877 2144
39 33 1678 129
39 34 25070 1928
39 35 18590 1430
39 36 9338 718
39 37 25575 1967
39 38 3100 238
39 39 0 0
39 40 24300 1869
39 41 28671 2205
39 42 8093 622
39 43 6712 516
39 44 5595 430
39 45 13112 1008
39 46 18161 1397
39 47 20891 1607
39 48 17517 1347
39 49 1892 145
39 50 29933 2302
39 51 23062 1774
39 52 28514 2193
39 53 15981 1229
39 54 4011 308
39 55 8446 649
39 56 20566 1582
39 57 10788 829
39 58 16593 1276
39 59 20417 1570
39 60 23400 1800
39 61 25010 1923
39 62 1579 121
39 63 21587 1660
39 64 8823 678
39 65 23949 1842
39 66 19076 1467
39 67 3250 250
39 68 5126 394
39 69 18493 1422
39 70 18333 1410
39 71 147 11
39 72 28477 2190
39 73 9676 744
39 74 29399 2261
40 0 27880 2144
40 1 9579 736
40 2 884 68
40 3 9599 738
40 4 12636 972
40 5 9769 751
40 6 1557 119
40 7 26003 2000
40 8 11467 882
40 9 5592 430
40 10 10669 820
40 11 563 43
40 12 24281 1867
40 13 12974 998
40 14 28334 2179
40 15 14089 1083
40 16 17267 1328
40 17 13258 1019
40 18 6167 474
40 19 6133 471
40 20 4753 365
40 21 13786 1060
40 22 28770 2213
40 23 28150 2165
40 24 18690 1437
40 25 24257 1865
40 26 8166 628
40 27 10410 800
40 28 16222 1247
40 29 6809 523
40 30 6550 503
40 31 22352 1719
40 32 16947 1303
40 33 7749 596
40 34 13808 1062
40 35 20757 1596
40 36 6666 512
40 37 23619 1816
40 38 27330 2102
40 39 27923 2147
40 40 0 0
40 41 29420 2263
40 42 25233 1941
40 43 5294 407
40 44 11820 909
40 45 27317 2101
40 46 22151 1703
40 47 13468 1036
40 48 28713 2208
40 49 29774 2290
40 50 11164 858
40 51 8114 624
40 52 6571 505
40 53 29061 2235
40 54 16548 1272
40 55 23017 1770
40 56 25739 1979
40 57 3687 283
40 58 3463 266
40 59 21901 1684
40 60 15150 1165
40 61 7940 610
40 62 9584 737
40 63 2014 154
40 64 27368 2105
40 65 18363 1412
40 66 21603 1661
40 67 23978 1844
40 68 17131 1317
40 69 13580 1044
40 70 6594 507
40 71 7811 600
40 72 18498 1422
40 73 1581 121
40 74 26686 2052
41 0 15341 1180
41 1 11535 887
41 2 10675 821
41 3 17566 1351
41 4 8448 649
41 5 5248 403
41 6 7915 608
41 7 18470 1420
41 8 10622 817
41 9 29525 2271
41 10 18368 1412
41 11 10318 793
41 12 24797 1907
41 13 19973 1536
41 14 17042 1310
41 15 27176 2090
41 16 19212 1477
41 17 18868 1451
41 18 19970 1536
41 19 10779 829
41 20 10707 823
41 21 104 8
41 22 27027 2079
41 23 23470 1805
41 24 7680 590
41 25 8781 675
41 26 17267 1328
41 27 8680 667
41 28 5941 457
41 29 3058 235
41 30 26059 2004
41 31 1607 123
41 32 8263 635
41 33 24871 1913
41 34 15184 1168
41 35 15873 1221
41 36 12217 939
41 37 8486 652
41 38 19465 1497
41 39 22408 1723
41 40 24366 1874
41 41 0 0
41 42 12797 984
41 43 24613 1893
41 44 26596 2045
41 45 8006 615
41 46 29651 2280
41 47 7201 553
41 48 782 60
41 49 12025 925
41 50 16559 1273
41 51 6733 517
41 52 9202 707
41 53 16463 1266
41 54 16986 1306
41 55 15601 1200
41 56 21979 1690
41 57 18974 1459
41 58 7889 606
41 59 3017 232
41 60 9828 756
41 61 19545 1503
41 62 1887 145
41 63 9828 756
41 64 19480 1498
41 65 22922 1763
41 66 15454 1188
41 67 4262 327
41 68 13274 1021
41 69 389 29
41 70 2426 186
41 71 22254 1711
41 72 26043 2003
41 73 1455 111
41 74 21363 1643
42 0 25539 1964
42 1 28214 2170
42 2 13269 1020
42 3 3458 266
42 4 5943 457
42 5 21107 1623
42 6 12656 973
42 7 13095 1007
42 8 330 25
42 9 24589 1891
42 10 15658 1204
42 11 28729 2209
42 12 22003 1692
42 13 8244 634
42 14 25492 1960
42 15 5497 422
42 16 12338 949
42 17 20877 1605
42 18 13694 1053
42 19 26682 2052
42 20 447 34
42 21 18231 1402
42 22 12638 972
42 23 10531 810
42 24 20038 1541
42 25 27771 2136
42 26 17647 1357
42 27 24945 1918
42 28 6887 529
42 29 5146 395
42 30 18910 1454
42 31 20777 1598
42 32 25533 1964
42 33 27427 2109
42 34 11345 872
42 35 24035 1848
42 36 24028 1848
42 37 27945 2149
42 38 17862 1374
42 39 27180 2090
42 40 24243 1864
42 41 15918 1224
42 42 0 0
42 43 21454 1650
42 44 16781 1290
42 45 11093 853
42 46 16817 1293
42 47 15059 1158
42 48 6024 463
42 49 23086 1775
42 50 24361 1873
42 51 7171 551
42 52 27816 2139
42 53 7470 574
42 54 25535 1964
42 55 17851 1373
42 56 22479 1729
42 57 5737 441
42 58 3769 289
42 59 5837 449
42 60 22970 1766
42 61 3618 278
42 62 11097 853
42 63 7324 563
42 64 5983 460
42 65 24535 1887
42 66 13517 1039
42 67 18089 1391
42 68 23238 1787
42 69 25386 1952
42 70 11787 906
42 71 22807 1754
42 72 13104 1008
42 73 26952 2073
42 74 23533 1810
43 0 9999 769
43 1 6032 464
43 2 413 31
43 3 15917 1224
43 4 26568 2043
43 5 23766 1828
43 6 19596 1507
43 7 23344 1795
43 8 19439 1495
43 9 10398 799
43 10 29043 2234
43 11 7168 551
43 12 1719 132
43 13 21929 1686
43 14 7928 609
43 15 24679 1898
43 16 24835 1910
43 17 2892 222
43 18 26956 2073
43 19 5733 441
43 20 3405 261
43 21 16697 1284
43 22 7609 585
43 23 13241 1018
43 24 5757 442
43 25 2589 199
43 26 29317 2255
43 27 23719 1824
43 28 26522 2040
43 29 4663 358
43 30 16224 1248
43 31 23400 1800
43 32 15467 1189
43 33 17773 1367
43 34 27835 2141
43 35 9434 725
43 36 2742 210
43 37 7644 588
43 38 12907 992
43 39 27831 2140
43 40 12440 956
43 41 28066 2158
43 42 13757 1058
43 43 0 0
43 44 25183 1937
43 45 4706 362
43 46 13009 1000
43 47 1052 80
43 48 5109 393
43 49 13171 1013
43 50 16266 1251
43 51 3877 298
43 52 14450 1111
43 53 7607 585
43 54 26816 2062
43 55 515 39
43 56 25880 1990
43 57 2299 176
43 58 8719 670
43 59 9977 767
43 60 3809 293
43 61 8815 678
43 62 12065 928
43 63 13747 1057
43 64 25582 1967
43 65 1969 151
43 66 18686 1437
43 67 24965 1920
43 68 3927 302
43 69 22268 1712
43 70 3202 246
43 71 26897 2069
43 72 27032 2079
43 73 16605 1277
43 74 19576 1505
44 0 11149 857
44 1 20007 1539
44 2 11601 892
44 3 13049 1003
44 4 5429 417
44 5 16895 1299
44 6 23293 1791
44 7 10778 829
44 8 5446 418
44 9 16125 1240
44 10 13280 1021
44 11 138 10
44 12 18886 1452
44 13 15453 1188
44 14 4673 359
44 15 27396 2107
44 16 27307 2100
44 17 15210 1170
44 18 16421 1263
44 19 20930 1610
44 20 15211 1170
44 21 6787 522
44 22 14080 1083
44 23 23083 1775
44 24 21165 1628
44 25 20682 1590
44 26 19015 1462
44 27 14331 1102
44 28 23518 1809
44 29 20442 1572
44 30 28802 2215
44 31 20060 1543
44 32 21112 1624
44 33 16766 1289
44 34 10767 828
44 35 23810 1831
44 36 29206 2246
44 37 26000 2000
44 38 13229 1017
44 39 29571 2274
44 40 25043 1926
44 41 14608 1123
44 42 6089 468
44 43 8086 622
44 44 0 0
44 45 3815 293
44 46 20035 1541
44 47 22523 1732
44 48 14035 1079
44 49 8117 624
44 50 25839 1987
44 51 19329 1486
44 52 22047 1695
44 53 4006 308
44 54 22969 1766
44 55 17516 1347
44 56 11238 864
44 57 25020 1924
44 58 24266 1866
44 59 21724 1671
44 60 4228 325
44 61 7303 561
44 62 3889 299
44 63 20387 1568
44 64 25860 1989
44 65 29834 2294
44 66 19231 1479
44 67 25554 1965
44 68 17252 1327
44 69 8101 623
44 70 5726 440
44 71 23314 1793
44 72 14353 1104
44 73 17878 1375
44 74 24444 1880
45 0 27239 2095
45 1 18114 1393
45 2 2781 213
45 3 22753 1750
45 4 15778 1213
45 5 14832 1140
45 6 8517 655
45 7 4861 373
45 8 5007 385
45 9 25352 1950
45 10 11397 876
45 11 26665 2051
45 12 6682 514
45 13 13337 1025
45 14 18208 1400
45 15 332 25
45 16 28579 2198
45 17 11658 896
45 18 29789 2291
45 19 27693 2130
45 20 4383 337
45 21 4947 380
45 22 6174 474
45 23 20677 1590
45 24 24788 1906
45 25 9221 709
45 26 7844 603
45 27 24816 1908
45 28 11230 863
45 29 17660 1358
45 30 17199 1323
45 31 12213 939
45 32 26686 2052
45 33 6224 478
45 34 23821 1832
45 35 28673 2205
45 36 9304 715
45 37 10302 792
45 38 13566 1043
45 39 21781 1675
45 40 9259 712
45 41 6540 503
45 42 1134 87
45 43 19486 1498
45 44 18515 1424
45 45 0 0
45 46 17138 1318
45 47 5209 400
45 48 17200 1323
45 49 27172 2090
45 50 21341 1641
45 51 23204 1784
45 52 2611 200
45 53 14641 1126
45 54 15032 1156
45 55 9483 729
45 56 5406 415
45 57 15789 1214
45 58 6917 532
45 59 19112 1470
45 60 4503 346
45 61 12805 985
45 62 21693 1668
45 63 26177 2013
45 64 1113 85
45 65 21784 1675
45 66 2622 201
45 67 2032 156
45 68 11190 860
45 69 20551 1580
45 70 2308 177
45 71 2037 156
45 72 21694 1668
45 73 3764 289
45 74 15924 1224
46 0 25479 1959
46 1 11193 861
46 2 29662 2281
46 3 24846 1911
46 4 12654 973
46 5 12761 981
46 6 14614 1124
46 7 21869 1682
46 8 6435 495
46 9 22924 1763
46 10 24343 1872
46 11 19637 1510
46 12 15828 1217
46 13 3641 280
46 14 20481 1575
46 15 10524 809
46 16 1288 99
46 17 21452 1650
46 18 21448 1649
46 19 5399 415
46 20 1406 108
46 21 27239 2095
46 22 17651 1357
46 23 10773 828
46 24 1627 125
46 25 3832 294
46 26 7895 607
46 27 8853 681
46 28 25892 1991
46 29 4088 314
46 30 27939 2149
46 31 8778 675
46 32 16885 1298
46 33 814 62
46 34 10657 819
46 35 20232 1556
46 36 8616 662
46 37 1083 83
46 38 26963 2074
46 39 26169 2013
46 40 13679 1052
46 41 5928 456
46 42 13136 1010
46 43 18283 1406
46 44 1683 129
46 45 6179 475
46 46 0 0
46 47 13721 1055
46 48 3827 294
46 49 6429 494
46 50 15894 1222
46 51 6064 466
46 52 353 27
46 53 2143 164
46 54 11475 882
46 55 18894 1453
46 56 26585 2045
46 57 28777 2213
46 58 9276 713
46 59 7615 585
46 60 27212 2093
46 61 14898 1146
46 62 25679 1975
46 63 8731 671
46 64 14515 1116
46 65 5346 411
46 66 13536 1041
46 67 26067 2005
46 68 16081 1237
46 69 4646 357
46 70 8594 661
46 71 2034 156
46 72 2310 177
46 73 11841 910
46 74 22686 1745
47 0 5218 401
47 1 28755 2211
47 2 2856 219
47 3 11108 854
47 4 22530 1733
47 5 7559 581
47 6 2587 199
47 7 9420 724
47 8 15483 1191
47 9 27102 2084
47 10 26590 2045
47 11 15734 1210
47 12 25730 1979
47 13 4432 340
47 14 4881 375
47 15 20277 1559
47 16 24035 1848
47 17 28640 2203
47 18 29796 2292
47 19 23814 1831
47 20 10877 836
47 21 7809 600
47 22 15176 1167
47 23 28511 2193
47 24 1058 81
47 25 13584 1044
47 26 20821 1601
47 27 5091 391
47 28 11535 887
47 29 9458 727
47 30 27634 2125
47 31 4403 338
47 32 7837 602
47 33 3450 265
47 34 5181 398
47 35 11035 848
47 36 29722 2286
47 37 4965 381
47 38 13211 1016
47 39 20987 1614
47 40 6946 534
47 41 28237 2172
47 42 8092 622
47 43 2604 200
47 44 10494 807
47 45 24763 1904
47 46 11793 907
47 47 0 0
47 48 6899 530
47 49 7731 594
47 50 18841 1449
47 51 14519 1116
47 52 18812 1447
47 53 3746 288
47 54 13106 1008
47 55 17497 1345
47 56 15234 1171
47 57 17276 1328
47 58 2179 167
47 59 3691 283
47 60 21028 1617
47 61 10144 780
47 62 21769 1674
47 63 16866 1297
47 64 24699 1899
47 65 25751 1980
47 66 15526 1194
47 67 23634 1818
47 68 10287 791
47 69 17481 1344
47 70 5224 401
47 71 15995 1230
47 72 19163 1474
47 73 3874 298
47 74 29705 2285
48 0 24765 1905
48 1 13583 1044
48 2 15110 1162
48 3 4354 334
48 4 28357 2181
48 5 27567 2120
48 6 10939 841
48 7 17568 1351
48 8 19371 1490
48 9 8024 617
48 10 25540 1964
48 11 25882 1990
48 12 11852 911
48 13 20093 1545
48 14 19915 1531
48 15 28417 2185
48 16 20135 1548
48 17 25403 1954
48 18 27349 2103
48 19 27722 2132
48 20 1688 129
48 21 17506 1346
48 22 16024 1232
48 23 8017 616
48 24 6865 528
48 25 29158 2242
48 26 3318 255
48 27 6302 484
48 28 29368 2259
48 29 19074 1467
48 30 166 12
48 31 12264 943
48 32 22520 1732
48 33 878 67
48 34 10851 834
48 35 23588 1814
48 36 23980 1844
48 37 1611 123
48 38 16523 1271
48 39 20262 1558
48 40 3618 278
48 41 29658 2281
48 42 24708 1900
48 43 24908 1916
48 44 18852 1450
48 45 13204 1015
48 46 5273 405
48 47 2319 178
48 48 0 0
48 49 21807 1677
48 50 11641 895
48 51 8980 690
48 52 10207 785
48 53 18983 1460
48 54 28552 2196
48 55 7417 570
48 56 1974 151
48 57 5927 455
48 58 29706 2285
48 59 11691 899
48 60 9124 701
48 61 4651 357
48 62 20243 1557
48 63 24239 1864
48 64 15917 1224
48 65 6049 465
48 66 16714 1285
48 67 7098 546
48 68 18629 1433
48 69 17118 1316
48 70 7684 591
48 71 10383 798
48 72 5943 457
48 73 26054 2004
48 74 21318 1639
49 0 24800 1907
49 1 19988 1537
49 2 12265 943
49 3 12857 989
49 4 25420 1955
49 5 6897 530
49 6 13921 1070
49 7 11400 876
49 8 26896 2068
49 9 14823 1140
49 10 17374 1336
49 11 23292 1791
49 12 252 19
49 13 14087 1083
49 14 17827 1371
49 15 15580 1198
49 16 14559 1119
49 17 18093 1391
49 18 27201 2092
49 19 11549 888
49 20 22407 1723
49 21 23848 1834
49 22 8791 676
49 23 14880 1144
49 24 10332 794
49 25 10727 825
49 26 5457 419
49 27 7688 591
49 28 27208 2092
49 29 4065 312
49 30 11568 889
49 31 10563 812
49 32 16757 1289
49 33 19626 1509
49 34 9698 746
49 35 29961 2304
49 36 23370 1797
49 37 10002 769
49 38 28977 2229
49 39 5327 409
49 40 12156 935
49 41 23759 1827
49 42 23254 1788
49 43 3685 283
49 44 17073 1313
49 45 21220 1632
49 46 23911 1839
49 47 18915 1455
49 48 27889 2145
49 49 0 0
49 50 25618 1970
49 51 14834 1141
49 52 21321 1640
49 53 19387 1491
49 54 6873 528
49 55 17351 1334
49 56 16004 1231
49 57 10017 770
49 58 14313 1101
49 59 8731 671
49 60 29633 2279
49 61 6339 487
49 62 890 68
49 63 28591 2199
49 64 15657 1204
49 65 1992 153
49 66 26842 2064
49 67 1475 113
49 68 11288 868
49 69 2263 174
49 70 11125 855
49 71 23826 1832
49 72 22364 1720
49 73 10850 834
49 74 20303 1561
50 0 25489 1960
50 1 6334 487
50 2 19500 1500
50 3 2913 224
50 4 14323 1101
50 5 4512 347
50 6 18784 1444
50 7 19232 1479
50 8 16005 1231
50 9 26068 2005
50 10 5371 413
50 11 27409 2108
50 12 18014 1385
50 13 24837 1910
50 14 29181 2244
50 15 2788 214
50 16 5011 385
50 17 11327 871
50 18 19495 1499
50 19 21899 1684
50 20 13014 1001
50 21 8538 656
50 22 15394 1184
50 23 11587 891
50 24 21076 1621
50 25 5035 387
50 26 25519 1963
50 27 28449 2188
50 28 491 37
50 29 9610 739
50 30 2116 162
50 31 12448 957
50 32 17325 1332
50 33 6895 530
50 34 4180 321
50 35 7563 581
50 36 17323 1332
50 37 10699 823
50 38 26634 2048
50 39 13019 1001
50 40 2324 178
50 41 1319 101
50 42 22314 1716
50 43 22642 1741
50 44 28130 2163
50 45 6516 501
50 46 29744 2288
50 47 6206 477
50 48 21802 1677
50 49 5273 405
50 50 0 0
50 51 18450 1419
50 52 1318 101
50 53 13612 1047
50 54 15830 1217
50 55 18504 1423
50 56 21906 1685
50 57 16827 1294
50 58 26199 2015
50 59 20469 1574
50 60 27195 2091
50 61 18702 1438
50 62 13680 1052
50 63 2554 196
50 64 26247 2019
50 65 8257 635
50 66 24906 1915
50 67 4745 365
50 68 3162 243
50 69 19850 1526
50 70 6983 537
50 71 11544 888
50 72 18207 1400
50 73 26458 2035
50 74 28604 2200
51 0 15966 1228
51 1 23474 1805
51 2 8504 654
51 3 18667 1435
51 4 6743 518
51 5 520 40
51 6 26832 2064
51 7 9853 757
51 8 22007 1692
51 9 4469 343
51 10 17553 1350
51 11 11108 854
51 12 20735 1595
51 13 20028 1540
51 14 3893 299
51 15 23157 1781
51 16 25952 1996
51 17 15741 1210
51 18 1333 102
51 19 2954 227
51 20 15793 1214
51 21 27230 2094
51 22 19884 1529
51 23 29201 2246
51 24 27137 2087
51 25 18420 1416
51 26 13479 1036
51 27 6758 519
51 28 3790 291
51 29 18201 1400
51 30 23311 1793
51 31 10160 781
51 32 8355 642
51 33 24913 1916
51 34 3542 272
51 35 28863 2220
51 36 11918 916
51 37 24143 1857
51 38 23050 1773
51 39 2464 189
51 40 15769 1213
51 41 1011 77
51 42 7341 564
51 43 2209 169
51 44 28468 2189
51 45 25018 1924
51 46 15313 1177
51 47 11036 848
51 48 10180 783
51 49 26111 2008
51 50 1044 80
51 51 0 0
51 52 5299 407
51 53 2027 155
51 54 23969 1843
51 55 7282 560
51 56 9614 739
51 57 22200 1707
51 58 25414 1954
51 59 2345 180
51 60 12546 965
51 61 10323 794
51 62 3797 292
51 63 3184 244
51 64 18714 1439
51 65 17075 1313
51 66 8146 626
51 67 4453 342
51 68 15476 1190
51 69 6871 528
51 70 3168 243
51 71 1951 150
51 72 16432 1264
51 73 13561 1043
51 74 12835 987
52 0 19993 1537
52 1 16301 1253
52 2 9120 701
52 3 16255 1250
52 4 2698 207
52 5 19733 1517
52 6 28895 2222
52 7 26576 2044
52 8 7189 553
52 9 14035 1079
52 10 12404 954
52 11 7898 607
52 12 9592 737
52 13 26840 2064
52 14 9336 718
52 15 8951 688
52 16 19250 1480
52 17 710 54
52 18 16394 1261
52 19 2539 195
52 20 20265 1558
52 21 9443 726
52 22 9952 765
52 23 26708 2054
52 24 19646 1511
52 25 10848 834
52 26 19756 1519
52 27 533 41
52 28 1880 144
52 29 14244 1095
52 30 19243 1480
52 31 19149 1473
52 32 12169 936
52 33 183 14
52 34 774 59
52 35 2141 164
52 36 2778 213
52 37 11957 919
52 38 3051 234
52 39 15095 1161
52 40 14350 1103
52 41 26486 2037
52 42 3872 297
52 43 1889 145
52 44 215 16
52 45 11366 874
52 46 15971 1228
52 47 29716 2285
52 48 25674 1974
52 49 16983 1306
52 50 29827 2294
52 51 23044 1772
52 52 0 0
52 53 4733 364
52 54 12615 970
52 55 21124 1624
52 56 3654 281
52 57 15480 1190
52 58 14554 1119
52 59 26816 2062
52 60 29677 2282
52 61 12944 995
52 62 19822 1524
52 63 1987 152
52 64 24302 1869
52 65 24067 1851
52 66 6554 504
52 67 2825 217
52 68 29456 2265
52 69 13306 1023
52 70 14624 1124
52 71 25164 1935
52 72 22898 1761
52 73 6191 476
52 74 16381 1260
53 0 20378 1567
53 1 17945 1380
53 2 16426 1263
53 3 15953 1227
53 4 11205 861
53 5 3377 259
53 6 27708 2131
53 7 14873 1144
53 8 18353 1411
53 9 29896 2299
53 10 9657 742
53 11 22136 1702
53 12 8534 656
53 13 14852 1142
53 14 28224 2171
53 15 6052 465
53 16 26886 2068
53 17 16013 1231
53 18 18373 1413
53 19 7536 579
53 20 9944 764
53 21 29586 2275
53 22 16876 1298
53 23 9183 706
53 24 7725 594
53 25 22339 1718
53 26 15930 1225
53 27 13499 1038
53 28 19333 1487
53 29 12113 931
53 30 1046 80
53 31 6971 536
53 32 4217 324
53 33 2004 154
53 34 22818 1755
53 35 22703 1746
53 36 28022 2155
53 37 8168 628
53 38 23401 1800
53 39 10580 813
53 40 18343 1411
53 41 23098 1776
53 42 8682 667
53 43 6586 506
53 44 8993 691
53 45 24436 1879
53 46 4565 351
53 47 4808 369
53 48 3206 246
53 49 16599 1276
53 50 21104 1623
53 51 395 30
53 52 13085 1006
53 53 0 0
53 54 14119 1086
53 55 24534 1887
53 56 8212 631
53 57 4386 337
53 58 5751 442
53 59 3707 285
53 60 10283 791
53 61 19453 1496
53 62 21428 1648
53 63 16890 1299
53 64 7631 587
53 65 23823 1832
53 66 1255 96
53 67 10385 798
53 68 2323 178
53 69 16730 1286
53 70 2297 176
53 71 5209 400
53 72 10106 777
53 73 1992 153
53 74 20417 1570
54 0 23225 1786
54 1 26839 2064
54 2 10226 786
54 3 24393 1876
54 4 15907 1223
54 5 6227 479
54 6 27294 2099
54 7 28827 2217
54 8 9127 702
54 9 9268 712
54 10 403 31
54 11 18107 1392
54 12 26048 2003
54 13 10243 787
54 14 10547 811
54 15 769 59
54 16 6597 507
54 17 10176 782
54 18 23632 1817
54 19 27480 2113
54 20 7617 585
54 21 1855 142
54 22 6718 516
54 23 5840 449
54 24 14235 1095
54 25 13005 1000
54 26 13046 1003
54 27 18827 1448
54 28 24443 1880
54 29 10540 810
54 30 20531 1579
54 31 4691 360
54 32 22627 1740
54 33 28709 2208
54 34 3276 252
54 35 6686 514
54 36 7621 586
54 37 13569 1043
54 38 5667 435
54 39 28508 2192
54 40 24277 1867
54 41 16076 1236
54 42 10554 811
54 43 21370 1643
54 44 5754 442
54 45 6975 536
54 46 4312 331
54 47 2877 221
54 48 13381 1029
54 49 10929 840
54 50 23778 1829
54 51 11216 862
54 52 7796 599
54 53 28016 2155
54 54 0 0
54 55 29298 2253
54 56 22303 1715
54 57 4687 360
54 58 10768 828
54 59 19008 1462
54 60 2138 164
54 61 20048 1542
54 62 2023 155
54 63 2520 193
54 64 17581 1352
54 65 13152 1011
54 66 9177 705
54 67 20699 1592
54 68 4208 323
54 69 2705 208
54 70 1453 111
54 71 16344 1257
54 72 12478 959
54 73 2013 154
54 74 14160 1089
55 0 14125 1086
55 1 600 46
55 2 11623 894
55 3 2194 168
55 4 12703 977
55 5 6282 483
55 6 2713 208
55 7 20454 1573
55 8 26857 2065
55 9 22871 1759
55 10 11805 908
55 11 11315 870
55 12 3159 243
55 13 7733 594
55 14 8029 617
55 15 18729 1440
55 16 4891 376
55 17 15180 1167
55 18 24859 1912
55 19 1565 120
55 20 6922 532
55 21 29604 2277
55 22 3428 263
55 23 12272 944
55 24 10490 806
55 25 6861 527
55 26 12437 956
55 27 23038 1772
55 28 16880 1298
55 29 4566 351
55 30 28734 2210
55 31 19363 1489
55 32 7452 573
55 33 21317 1639
55 34 4073 313
55 35 10360 796
55 36 10542 810
55 37 22374 1721
55 38 24734 1902
55 39 16225 1248
55 40 10559 812
55 41 14585 1121
55 42 10154 781
55 43 9545 734
55 44 7044 541
55 45 3970 305
55 46 23930 1840
55 47 8769 674
55 48 16759 1289
55 49 19913 1531
55 50 19897 1530
55 51 24278 1867
55 52 4713 362
55 53 27285 2098
55 54 29027 2232
55 55 0 0
55 56 4105 315
55 57 20254 1558
55 58 12941 995
55 59 10234 787
55 60 8029 617
55 61 26076 2005
55 62 11829 909
55 63 8995 691
55 64 10294 791
55 65 9276 713
55 66 13548 1042
55 67 18263 1404
55 68 20258 1558
55 69 4245 326
55 70 12661 973
55 71 26123 2009
55 72 18887 1452
55 73 3126 240
55 74 5604 431
56 0 18940 1456
56 1 5370 413
56 2 15986 1229
56 3 24812 1908
56 4 21566 1658
56 5 22763 1751
56 6 11197 861
56 7 1259 96
56 8 6224 478
56 9 24253 1865
56 10 19055 1465
56 11 5340 410
56 12 26050 2003
56 13 16105 1238
56 14 12615 970
56 15 3599 276
56 16 13930 1071
56 17 17859 1373
56 18 11900 915
56 19 23895 1838
56 20 25751 1980
56 21 27638 2126
56 22 23492 1807
56 23 27984 2152
56 24 5629 433
56 25 13970 1074
56 26 664 51
56 27 19247 1480
56 28 8790 676
56 29 21728 1671
56 30 8056 619
56 31 18249 1403
56 32 20503 1577
56 33 3810 293
56 34 11767 905
56 35 24949 1919
56 36 16196 1245
56 37 6617 509
56 38 11443 880
56 39 25611 1970
56 40 11547 888
56 41 19339 1487
56 42 28075 2159
56 43 20969 1613
56 44 26113 2008
56 45 20975 1613
56 46 23071 1774
56 47 25662 1974
56 48 10621 817
56 49 8794 676
56 50 2374 182
56 51 23319 1793
56 52 26053 2004
56 53 24841 1910
56 54 5015 385
56 55 15410 1185
56 56 0 0
56 57 9241 710
56 58 7710 593
56 59 13379 1029
56 60 6019 463
56 61 15302 1177
56 62 25398 1953
56 63 7297 561
56 64 28267 2174
56 65 26892 2068
56 66 3687 283
56 67 7429 571
56 68 5060 389
56 69 11658 896
56 70 21608 1662
56 71 19778 1521
56 72 6390 491
56 73 15904 1223
56 74 6261 481
57 0 4862 374
57 1 5607 431
57 2 12805 985
57 3 6637 510
57 4 7838 602
57 5 3375 259
57 6 21275 1636
57 7 2804 215
57 8 16501 1269
57 9 1725 132
57 10 28835 2218
57 11 12109 931
57 12 5430 417
57 13 10872 836
57 14 29990 2306
57 15 19063 1466
57 16 10468 805
57 17 18574 1428
57 18 22418 1724
57 19 24324 1871
57 20 17801 1369
57 21 12689 976
57 22 22549 1734
57 23 27230 2094
57 24 29311 2254
57 25 24219 1863
57 26 8316 639
57 27 17029 1309
57 28 15830 1217
57 29 19975 1536
57 30 20896 1607
57 31 20069 1543
57 32 23347 1795
57 33 5193 399
57 34 19551 1503
57 35 18223 1401
57 36 24639 1895
57 37 16971 1305
57 38 11090 853
57 39 4066 312
57 40 22101 1700
57 41 16624 1278
57 42 9898 761
57 43 27548 2119
57 44 5104 392
57 45 15742 1210
57 46 24741 1903
57 47 5898 453
57 48 9202 707
57 49 29768 2289
57 50 4395 338
57 51 1033 79
57 52 2209 169
57 53 22861 1758
57 54 6472 497
57 55 25119 1932
57 56 29427 2263
57 57 0 0
57 58 17259 1327
57 59 24601 1892
57 60 22275 1713
57 61 554 42
57 62 2568 197
57 63 25008 1923
57 64 27904 2146
57 65 27848 2142
57 66 27329 2102
57 67 24561 1889
57 68 11128 856
57 69 16028 1232
57 70 14633 1125
57 71 4946 380
57 72 247 19
57 73 10126 778
57 74 8765 674
58 0 592 45
58 1 27066 2082
58 2 582 44
58 3 20293 1561
58 4 11777 905
58 5 21333 1641
58 6 20370 1566
58 7 10436 802
58 8 9709 746
58 9 10187 783
58 10 15224 1171
58 11 4858 373
58 12 15476 1190
58 13 11357 873
58 14 17631 1356
58 15 28980 2229
58 16 11644 895
58 17 6628 509
58 18 21417 1647
58 19 3394 261
58 20 4130 317
58 21 3944 303
58 22 27473 2113
58 23 1922 147
58 24 22535 1733
58 25 22944 1764
58 26 9723 747
58 27 8724 671
58 28 8864 681
58 29 6997 538
58 30 15151 1165
58 31 26773 2059
58 32 10319 793
58 33 12737 979
58 34 15683 1206
58 35 8097 622
58 36 26645 2049
58 37 20590 1583
58 38 10289 791
58 39 17043 1311
58 40 18125 1394
58 41 7435 571
58 42 653 50
58 43 17124 1317
58 44 22456 1727
58 45 20414 1570
58 46 5616 432
58 47 19169 1474
58 48 8955 688
58 49 11478 882
58 50 11124 855
58 51 24322 1870
58 52 25399 1953
58 53 2615 201
58 54 23613 1816
58 55 24098 1853
58 56 18743 1441
58 57 14398 1107
58 58 0 0
58 59 24683 1898
58 60 6999 538
58 61 28348 2180
58 62 19592 1507
58 63 28555 2196
58 64 28072 2159
58 65 24651 1896
58 66 19427 1494
58 67 11933 917
58 68 16392 1260
58 69 26762 2058
58 70 17604 1354
58 71 8713 670
58 72 14244 1095
58 73 17421 1340
58 74 7489 576
59 0 3795 291
59 1 6352 488
59 2 14326 1102
59 3 10924 840
59 4 22614 1739
59 5 24569 1889
59 6 16753 1288
59 7 9309 716
59 8 21746 1672
59 9 19005 1461
59 10 27901 2146
59 11 8259 635
59 12 12072 928
59 13 18072 1390
59 14 4481 344
59 15 16351 1257
59 16 1253 96
59 17 15644 1203
59 18 25319 1947
59 19 6167 474
59 20 2253 173
59 21 10684 821
59 22 15278 1175
59 23 2504 192
59 24 20259 1558
59 25 12580 967
59 26 12481 960
59 27 401 30
59 28 25585 1968
59 29 284 21
59 30 25108 1931
59 31 19025 1463
59 32 29020 2232
59 33 14163 1089
59 34 6681 513
59 35 16301 1253
59 36 27250 2096
59 37 1490 114
59 38 2198 169
59 39 23098 1776
59 40 24538 1887
59 41 25305 1946
59 42 18169 1397
59 43 16337 1256
59 44 8818 678
59 45 21240 1633
59 46 15083 1160
59 47 16033 1233
59 48 13497 1038
59 49 18362 1412
59 50 5947 457
59 51 23119 1778
59 52 24677 1898
59 53 17613 1354
59 54 24407 1877
59 55 20104 1546
59 56 8889 683
59 57 27717 2132
59 58 25202 1938
59 59 0 0
59 60 12072 928
59 61 1717 132
59 62 27750 2134
59 63 302 23
59 64 27039 2079
59 65 21816 1678
59 66 11865 912
59 67 14552 1119
59 68 3014 231
59 69 16376 1259
59 70 11531 887
59 71 22968 1766
59 72 7778 598
59 73 11445 880
59 74 9442 726
60 0 14201 1092
60 1 8135 625
60 2 9618 739
60 3 28630 2202
60 4 15207 1169
60 5 6893 530
60 6 13719 1055
60 7 4224 324
60 8 343 26
60 9 23633 1817
60 10 5317 409
60 11 9348 719
60 12 8252 634
60 13 28818 2216
60 14 21419 1647
60 15 9482 729
60 16 3406 262
60 17 27530 2117
60 18 19645 1511
60 19 9447 726
60 20 11833 910
60 21 21943 1687
60 22 20760 1596
60 23 8159 627
60 24 26576 2044
60 25 3093 237
60 26 12441 957
60 27 20831 1602
60 28 27244 2095
60 29 19271 1482
60 30 16124 1240
60 31 10141 780
60 32 11318 870
60 33 723 55
60 34 21900 1684
60 35 12245 941
60 36 29405 2261
60 37 12978 998
60 38 22029 1694
60 39 18140 1395
60 40 26830 2063
60 41 14718 1132
60 42 17776 1367
60 43 13263 1020
60 44 719 55
60 45 29437 2264
60 46 7481 575
60 47 29725 2286
60 48 10559 812
60 49 20736 1595
60 50 14325 1101
60 51 183 14
60 52 27304 2100
60 53 7631 587
60 54 10608 816
60 55 15012 1154
60 56 10161 781
60 57 13624 1048
60 58 22143 1703
60 59 5983 460
60 60 0 0
60 61 13061 1004
60 62 26881 2067
60 63 18567 1428
60 64 12707 977
60 65 3098 238
60 66 12657 973
60 67 18279 1406
60 68 3821 293
60 69 3190 245
60 70 814 62
60 71 11838 910
60 72 8128 625
60 73 16829 1294
60 74 8352 642
61 0 22298 1715
61 1 24169 1859
61 2 28280 2175
61 3 17428 1340
61 4 12688 976
61 5 730 56
61 6 978 75
61 7 28583 2198
61 8 10503 807
61 9 12621 970
61 10 10483 806
61 11 5135 395
61 12 13937 1072
61 13 26817 2062
61 14 17096 1315
61 15 12250 942
61 16 765 58
61 17 1355 104
61 18 21276 1636
61 19 29410 2262
61 20 19299 1484
61 21 4720 363
61 22 14247 1095
61 23 11125 855
61 24 9674 744
61 25 29339 2256
61 26 4614 354
61 27 4572 351
61 28 26059 2004
61 29 24661 1897
61 30 4796 368
61 31 6615 508
61 32 18269 1405
61 33 24035 1848
61 34 14629 1125
61 35 17952 1380
61 36 2621 201
61 37 1582 121
61 38 21260 1635
61 39 18670 1436
61 40 9516 732
61 41 16606 1277
61 42 12225 940
61 43 12608 969
61 44 5999 461
61 45 14923 1147
61 46 15608 1200
61 47 13820 1063
61 48 23380 1798
61 49 1280 98
61 50 4496 345
61 51 16248 1249
61 52 14014 1078
61 53 28806 2215
61 54 2525 194
61 55 5771 443
61 56 8037 618
61 57 20905 1608
61 58 12703 977
61 59 7634 587
61 60 6239 479
61 61 0 0
61 62 19603 1507
61 63 20393 1568
61 64 3483 267
61 65 22965 1766
61 66 23686 1822
61 67 17062 1312
61 68 8448 649
61 69 15449 1188
61 70 2108 162
61 71 742 57
61 72 26628 2048
61 73 21554 1658
61 74 12324 948
62 0 12311 947
62 1 15978 1229
62 2 2809 216
62 3 25351 1950
62 4 9505 731
62 5 22805 1754
62 6 29968 2305
62 7 9873 759
62 8 9297 715
62 9 1743 134
62 10 8862 681
62 11 27768 2136
62 12 929 71
62 13 23426 1802
62 14 4785 368
62 15 3718 286
62 16 24890 1914
62 17 12616 970
62 18 6391 491
62 19 9563 735
62 20 13191 1014
62 21 14703 1131
62 22 24407 1877
62 23 26293 2022
62 24 3258 250
62 25 2468 189
62 26 4755 365
62 27 2408 185
62 28 20330 1563
62 29 17210 1323
62 30 4407 339
62 31 12331 948
62 32 7051 542
62 33 23791 1830
62 34 21685 1668
62 35 23277 1790
62 36 3349 257
62 37 24831 1910
62 38 28376 2182
62 39 15040 1156
62 40 14518 1116
62 41 13634 1048
62 42 21493 1653
62 43 3836 295
62 44 17564 1351
62 45 4266 328
62 46 28177 2167
62 47 29314 2254
62 48 27113 2085
62 49 19507 1500
62 50 6627 509
62 51 11427 879
62 52 26369 2028
62 53 26039 2003
62 54 524 40
62 55 15968 1228
62 56 551 42
62 57 11106 854
62 58 9815 755
62 59 21030 1617
62 60 18046 1388
62 61 26454 2034
62 62 0 0
62 63 11941 918
62 64 26275 2021
62 65 5762 443
62 66 23106 1777
62 67 15155 1165
62 68 19430 1494
62 69 14244 1095
62 70 10685 821
62 71 24407 1877
62 72 19506 1500
62 73 23027 1771
62 74 4862 374
63 0 8838 679
63 1 17637 1356
63 2 10326 794
63 3 17007 1308
63 4 3575 275
63 5 4438 341
63 6 13327 1025
63 7 655 50
63 8 2960 227
63 9 10241 787
63 10 13749 1057
63 11 18513 1424
63 12 19830 1525
63 13 10414 801
63 14 21128 1625
63 15 9554 734
63 16 3530 271
63 17 28247 2172
63 18 28541 2195
63 19 24034 1848
63 20 24851 1911
63 21 28007 2154
63 22 1462 112
63 23 14950 1150
63 24 8185 629
63 25 16205 1246
63 26 20037 1541
63 27 5669 436
63 28 19014 1462
63 29 29635 2279
63 30 21017 1616
63 31 18104 1392
63 32 26566 2043
63 33 25513 1962
63 34 19165 1474
63 35 8221 632
63 36 10232 787
63 37 19134 1471
63 38 15836 1218
63 39 24179 1859
63 40 14550 1119
63 41 25240 1941
63 42 12615 970
63 43 21607 1662
63 44 19646 1511
63 45 19633 1510
63 46 27758 2135
63 47 27381 2106
63 48 1692 130
63 49 8303 638
63 50 22246 1711
63 51 26436 2033
63 52 16988 1306
63 53 28823 2217
63 54 24454 1881
63 55 25619 1970
63 56 25102 1930
63 57 17830 1371
63 58 5654 434
63 59 14543 1118
63 60 17872 1374
63 61 8922 686
63 62 21337 1641
63 63 0 0
63 64 4509 346
63 65 19880 1529
63 66 11427 879
63 67 24057 1850
63 68 11541 887
63 69 15697 1207
63 70 7207 554
63 71 16664 1281
63 72 2936 225
63 73 14646 1126
63 74 26060 2004
64 0 28979 2229
64 1 29395 2261
64 2 28701 2207
64 3 20241 1557
64 4 10379 798
64 5 22544 1734
64 6 27075 2082
64 7 3958 304
64 8 14136 1087
64 9 16980 1306
64 10 142 10
64 11 8623 663
64 12 13494 1038
64 13 21577 1659
64 14 13624 1048
64 15 23534 1810
64 16 24009 1846
64 17 23661 1820
64 18 7474 574
64 19 18867 1451
64 20 22297 1715
64 21 5642 434
64 22 18590 1430
64 23 1238 95
64 24 25303 1946
64 25 12735 979
64 26 25707 1977
64 27 27289 2099
64 28 12821 986
64 29 29653 2281
64 30 2470 190
64 31 16299 1253
64 32 13799 1061
64 33 28906 2223
64 34 29212 2247
64 35 25126 1932
64 36 10564 812
64 37 5199 399
64 38 22143 1703
64 39 25305 1946
64 40 18690 1437
64 41 12845 988
64 42 4565 351
64 43 9722 747
64 44 24087 1852
64 45 16176 1244
64 46 11134 856
64 47 13973 1074
64 48 9098 699
64 49 3377 259
64 50 6224 478
64 51 28124 2163
64 52 2654 204
64 53 16329 1256
64 54 14822 1140
64 55 1492 114
64 56 28893 2222
64 57 21237 1633
64 58 19393 1491
64 59 4490 345
64 60 16993 1307
64 61 25749 1980
64 62 16110 1239
64 63 13337 1025
64 64 0 0
64 65 3874 298
64 66 28976 2228
64 67 8934 687
64 68 8496 653
64 69 24830 1910
64 70 7282 560
64 71 3744 288
64 72 22628 1740
64 73 2479 190
64 74 22995 1768
65 0 15536 1195
65 1 7649 588
65 2 18738 1441
65 3 28815 2216
65 4 2611 200
65 5 12338 949
65 6 9907 762
65 7 15122 1163
65 8 4033 310
65 9 26118 2009
65 10 20441 1572
65 11 11827 909
65 12 23648 1819
65 13 20203 1554
65 14 20707 1592
65 15 2585 198
65 16 28578 2198
65 17 4257 327
65 18 11547 888
65 19 24939 1918
65 20 3292 253
65 21 16731 1287
65 22 26693 2053
65 23 17906 1377
65 24 20058 1542
65 25 24869 1913
65 26 29505 2269
65 27 13402 1030
65 28 24631 1894
65 29 6559 504
65 30 3064 235
65 31 26367 2028
65 32 17465 1343
65 33 13532 1040
65 34 7891 607
65 35 28863 2220
65 36 23330 1794
65 37 15635 1202
65 38 3973 305
65 39 19236 1479
65 40 29329 2256
65 41 26729 2056
65 42 15961 1227
65 43 14189 1091
65 44 4181 321
65 45 19688 1514
65 46 1183 91
65 47 2887 222
65 48 6383 491
65 49 8559 658
65 50 19961 1535
65 51 15625 1201
65 52 6041 464
65 53 27318 2101
65 54 5657 435
65 55 1340 103
65 56 28619 2201
65 57 1213 93
65 58 2827 217
65 59 577 44
65 60 2228 171
65 61 26439 2033
65 62 5222 401
65 63 15814 1216
65 64 27270 2097
65 65 0 0
65 66 28748 2211
65 67 17018 1309
65 68 26847 2065
65 69 23264 1789
65 70 19439 1495
65 71 24898 1915
65 72 26524 2040
65 73 23757 1827
65 74 17950 1380
66 0 3874 298
66 1 24389 1876
66 2 24276 1867
66 3 12782 983
66 4 20613 1585
66 5 7468 574
66 6 3184 244
66 7 4456 342
66 8 24652 1896
66 9 932 71
66 10 23472 1805
66 11 9157 704
66 12 2078 159
66 13 18081 1390
66 14 17651 1357
66 15 29931 2302
66 16 8916 685
66 17 12421 955
66 18 7679 590
66 19 1306 100
66 20 22265 1712
66 21 7297 561
66 22 14415 1108
66 23 26737 2056
66 24 29121 2240
66 25 3330 256
66 26 2673 205
66 27 3755 288
66 28 9961 766
66 29 3930 302
66 30 20150 1550
66 31 12112 931
66 32 15360 1181
66 33 12916 993
66 34 21013 1616
66 35 14770 1136
66 36 3236 248
66 37 22743 1749
66 38 13524 1040
66 39 6099 469
66 40 21641 1664
66 41 22315 1716
66 42 4336 333
66 43 11904 915
66 44 25773 1982
66 45 28690 2206
66 46 24524 1886
66 47 3192 245
66 48 439 33
66 49 4744 364
66 50 6263 481
66 51 16365 1258
66 52 4326 332
66 53 11522 886
66 54 19012 1462
66 55 11082 852
66 56 9552 734
66 57 2362 181
66 58 26481 2037
66 59 15674 1205
66 60 14322 1101
66 61 6194 476
66 62 26861 2066
66 63 12405 954
66 64 19946 1534
66 65 19570 1505
66 66 0 0
66 67 3070 236
66 68 17193 1322
66 69 29501 2269
66 70 5767 443
66 71 14446 1111
66 72 23515 1808
66 73 21575 1659
66 74 3619 278
67 0 15248 1172
67 1 15502 1192
67 2 11319 870
67 3 26854 2065
67 4 8260 635
67 5 17124 1317
67 6 28118 2162
67 7 10488 806
67 8 693 53
67 9 10268 789
67 10 11614 893
67 11 23856 1835
67 12 7779 598
67 13 13871 1067
67 14 7614 585
67 15 20741 1595
67 16 18372 1413
67 17 13996 1076
67 18 2235 171
67 19 3893 299
67 20 13366 1028
67 21 15296 1176
67 22 16948 1303
67 23 26984 2075
67 24 27731 2133
67 25 10764 828
67 26 5365 412
67 27 23727 1825
67 28 1538 118
67 29 11944 918
67 30 11409 877
67 31 19792 1522
67 32 8112 624
67 33 24806 1908
67 34 12044 926
67 35 26049 2003
67 36 9864 758
67 37 29360 2258
67 38 14614 1124
67 39 1019 78
67 40 7302 561
67 41 25340 1949
67 42 11713 901
67 43 15670 1205
67 44 1357 104
67 45 28589 2199
67 46 17346 1334
67 47 2811 216
67 48 24706 1900
67 49 14963 1151
67 50 25495 1961
67 51 11800 907
67 52 6487 499
67 53 588 45
67 54 20249 1557
67 55 4228 325
67 56 5517 424
67 57 10858 835
67 58 19993 1537
67 59 4232 325
67 60 5273 405
67 61 12926 994
67 62 23777 1829
67 63 28498 2192
67 64 3910 300
67 65 14771 1136
67 66 14504 1115
67 67 0 0
67 68 12082 929
67 69 21288 1637
67 70 6545 503
67 71 15630 1202
67 72 17430 1340
67 73 23111 1777
67 74 17909 1377
68 0 25465 1958
68 1 16660 1281
68 2 16965 1305
68 3 6691 514
68 4 13726 1055
68 5 11732 902
68 6 22789 1753
68 7 9506 731
68 8 18305 1408
68 9 24303 1869
68 10 18009 1385
68 11 26258 2019
68 12 15084 1160
68 13 17680 1360
68 14 15819 1216
68 15 9035 695
68 16 6497 499
68 17 23628 1817
68 18 20795 1599
68 19 16980 1306
68 20 9287 714
68 21 21974 1690
68 22 27480 2113
68 23 19124 1471
68 24 8084 621
68 25 9973 767
68 26 2312 177
68 27 12568 966
68 28 6054 465
68 29 22054 1696
68 30 121 9
68 31 13220 1016
68 32 10886 837
68 33 16668 1282
68 34 29452 2265
68 35 19067 1466
68 36 29125 2240
68 37 24833 1910
68 38 22878 1759
68 39 176 13
68 40 23303 1792
68 41 13917 1070
68 42 24898 1915
68 43 5471 420
68 44 16289 1253
68 45 25707 1977
68 46 7841 603
68 47 6840 526
68 48 12644 972
68 49 884 68
68 50 2117 162
68 51 15144 1164
68 52 27602 2123
68 53 16493 1268
68 54 20741 1595
68 55 5675 436
68 56 20264 1558
68 57 12283 944
68 58 27368 2105
68 59 2583 198
68 60 15457 1189
68 61 18080 1390
68 62 3125 240
68 63 2763 212
68 64 22882 1760
68 65 28199 2169
68 66 27889 2145
68 67 12750 980
68 68 0 0
68 69 1419 109
68 70 6838 526
68 71 25937 1995
68 72 18294 1407
68 73 14368 1105
68 74 4767 366
69 0 9704 746
69 1 19593 1507
69 2 14809 1139
69 3 19717 1516
69 4 22352 1719
69 5 16204 1246
69 6 10055 773
69 7 1543 118
69 8 26593 2045
69 9 29232 2248
69 10 10335 795
69 11 13248 1019
69 12 4242 326
69 13 11491 883
69 14 17539 1349
69 15 11043 849
69 16 25491 1960
69 17 29511 2270
69 18 22514 1731
69 19 5655 435
69 20 18333 1410
69 21 26336 2025
69 22 28521 2193
69 23 4623 355
69 24 26229 2017
69 25 246 18
69 26 12359 950
69 27 9482 729
69 28 12457 958
69 29 25502 1961
69 30 7285 560
69 31 1157 89
69 32 15675 1205
69 33 1294 99
69 34 4157 319
69 35 29122 2240
69 36 11089 853
69 37 2754 211
69 38 11262 866
69 39 8899 684
69 40 11753 904
69 41 2349 180
69 42 25895 1991
69 43 21835 1679
69 44 19296 1484
69 45 6835 525
69 46 6261 481
69 47 23434 1802
69 48 20476 1575
69 49 5351 411
69 50 28941 2226
69 51 16532 1271
69 52 9963 766
69 53 24314 1870
69 54 11921 917
69 55 1530 117
69 56 6828 525
69 57 16687 1283
69 58 23668 1820
69 59 15105 1161
69 60 6242 480
69 61 20630 1586
69 62 2876 221
69 63 11974 921
69 64 12739 979
69 65 11132 856
69 66 29606 2277
69 67 26227 2017
69 68 19304 1484
69 69 0 0
69 70 9812 754
69 71 11324 871
69 72 11135 856
69 73 7449 573
69 74 16173 1244
70 0 24125 1855
70 1 5858 450
70 2 8555 658
70 3 7017 539
70 4 26463 2035
70 5 8438 649
70 6 11121 855
70 7 4107 315
70 8 19945 1534
70 9 18607 1431
70 10 12377 952
70 11 12707 977
70 12 21369 1643
70 13 2377 182
70 14 10967 843
70 15 14205 1092
70 16 14930 1148
70 17 25788 1983
70 18 24050 1850
70 19 29510 2270
70 20 19878 1529
70 21 7815 601
70 22 18668 1436
70 23 15461 1189
70 24 4431 340
70 25 5994 461
70 26 20270 1559
70 27 1833 141
70 28 6256 481
70 29 18906 1454
70 30 25360 1950
70 31 28393 2184
70 32 6924 532
70 33 2017 155
70 34 28289 2176
70 35 16801 1292
70 36 5990 460
70 37 17837 1372
70 38 23468 1805
70 39 8788 676
70 40 19556 1504
70 41 16423 1263
70 42 9940 764
70 43 16390 1260
70 44 3649 280
70 45 18369 1413
70 46 25215 1939
70 47 6314 485
70 48 22267 1712
70 49 12832 987
70 50 29886 2298
70 51 7605 585
70 52 18163 1397
70 53 21706 1669
70 54 2019 155
70 55 20767 1597
70 56 23244 1788
70 57 9442 726
70 58 292 22
70 59 19885 1529
70 60 2816 216
70 61 11622 894
70 62 15262 1174
70 63 16542 1272
70 64 22624 1740
70 65 18279 1406
70 66 3527 271
70 67 25968 1997
70 68 3664 281
70 69 26473 2036
70 70 0 0
70 71 17968 1382
70 72 8562 658
70 73 5188 399
70 74 8283 637
71 0 14489 1114
71 1 6609 508
71 2 6348 488
71 3 15112 1162
71 4 23721 1824
71 5 11736 902
71 6 12838 987
71 7 317 24
71 8 626 48
71 9 25707 1977
71 10 17575 1351
71 11 22535 1733
71 12 2933 225
71 13 23674 1821
71 14 16915 1301
71 15 14243 1095
71 16 7212 554
71 17 24685 1898
71 18 15457 1189
71 19 24906 1915
71 20 6758 519
71 21 7537 579
71 22 21289 1637
71 23 24093 1853
71 24 9261 712
71 25 16931 1302
71 26 19551 1503
71 27 5796 445
71 28 5122 394
71 29 18392 1414
71 30 26810 2062
71 31 1759 135
71 32 5594 430
71 33 27569 2120
71 34 6535 502
71 35 13040 1003
71 36 17011 1308
71 37 2261 173
71 38 25673 1974
71 39 7149 549
71 40 24679 1898
71 41 16942 1303
71 42 21474 1651
71 43 8082 621
71 44 24603 1892
71 45 9533 733
71 46 17736 1364
71 47 27635 2125
71 48 140 10
71 49 28201 2169
71 50 19762 1520
71 51 8614 662
71 52 20165 1551
71 53 2605 200
71 54 524 40
71 55 6297 484
71 56 23299 1792
71 57 19354 1488
71 58 3684 283
71 59 26115 2008
71 60 19570 1505
71 61 18306 1408
71 62 8440 649
71 63 27754 2134
71 64 956 73
71 65 18997 1461
71 66 6534 502
71 67 1208 92
71 68 25374 1951
71 69 14926 1148
71 70 615 47
71 71 0 0
71 72 25805 1985
71 73 16528 1271
71 74 28801 2215
72 0 18390 1414
72 1 27820 2140
72 2 7299 561
72 3 6705 515
72 4 704 54
72 5 3387 260
72 6 2606 200
72 7 7478 575
72 8 10088 776
72 9 24640 1895
72 10 13394 1030
72 11 13219 1016
72 12 16998 1307
72 13 25372 1951
72 14 3413 262
72 15 19242 1480
72 16 29113 2239
72 17 6050 465
72 18 15067 1159
72 19 25434 1956
72 20 13671 1051
72 21 22833 1756
72 22 20838 1602
72 23 12831 987
72 24 14985 1152
72 25 29385 2260
72 26 4716 362
72 27 12259 943
72 28 18099 1392
72 29 20709 1593
72 30 28768 2212
72 31 1413 108
72 32 19132 1471
72 33 4867 374
72 34 7770 597
72 35 19383 1491
72 36 22994 1768
72 37 9605 738
72 38 26320 2024
72 39 10448 803
72 40 21344 1641
72 41 322 24
72 42 20396 1568
72 43 11660 896
72 44 8181 629
72 45 26540 2041
72 46 28923 2224
72 47 18730 1440
72 48 29532 2271
72 49 16314 1254
72 50 8068 620
72 51 22776 1752
72 52 27660 2127
72 53 3998 307
72 54 12442 957
72 55 11569 889
72 56 6632 510
72 57 3110 239
72 58 14767 1135
72 59 3303 254
72 60 10489 806
72 61 14755 1135
72 62 13288 1022
72 63 27417 2109
72 64 23406 1800
72 65 29493 2268
72 66 17914 1378
72 67 14236 1095
72 68 29102 2238
72 69 8644 664
72 70 23096 1776
72 71 13476 1036
72 72 0 0
72 73 14463 1112
72 74 16851 1296
73 0 15735 1210
73 1 21557 1658
73 2 21213 1631
73 3 2432 187
73 4 10285 791
73 5 22112 1700
73 6 29272 2251
73 7 11176 859
73 8 22611 1739
73 9 29469 2266
73 10 17088 1314
73 11 685 52
73 12 4560 350
73 13 21684 1668
73 14 23409 1800
73 15 10242 787
73 16 16972 1305
73 17 6488 499
73 18 19513 1501
73 19 23259 1789
73 20 26632 2048
73 21 8660 666
73 22 27026 2078
73 23 10433 802
73 24 6879 529
73 25 26867 2066
73 26 25554 1965
73 27 16400 1261
73 28 2767 212
73 29 11580 890
73 30 18548 1426
73 31 7000 538
73 32 20691 1591
73 33 25726 1978
73 34 21072 1620
73 35 22428 1725
73 36 12564 966
73 37 23535 1810
73 38 15816 1216
73 39 10943 841
73 40 29788 2291
73 41 2033 156
73 42 18685 1437
73 43 9463 727
73 44 24985 1921
73 45 1995 153
73 46 15479 1190
73 47 25039 1926
73 48 11691 899
73 49 1148 88
73 50 17230 1325
73 51 18368 1412
73 52 19915 1531
73 53 27862 2143
73 54 19503 1500
73 55 26773 2059
73 56 25138 1933
73 57 13059 1004
73 58 10850 834
73 59 18622 1432
73 60 13745 1057
73 61 20698 1592
73 62 21310 1639
73 63 11113 854
73 64 22587 1737
73 65 3512 270
73 66 15847 1219
73 67 29853 2296
73 68 3301 253
73 69 3380 260
73 70 6505 500
73 71 6309 485
73 72 15790 1214
73 73 0 0
73 74 9240 710
74 0 212 16
74 1 27429 2109
74 2 26300 2023
74 3 2744 211
74 4 13477 1036
74 5 10827 832
74 6 8177 629
74 7 5660 435
74 8 4457 342
74 9 17019 1309
74 10 23293 1791
74 11 3776 290
74 12 15603 1200
74 13 3211 247
74 14 15436 1187
74 15 20265 1558
74 16 29734 2287
74 17 2239 172
74 18 28975 2228
74 19 19473 1497
74 20 17683 1360
74 21 20572 1582
74 22 7405 569
74 23 21349 1642
74 24 3079 236
74 25 13703 1054
74 26 9521 732
74 27 1852 142
74 28 1649 126
74 29 2851 219
74 30 21163 1627
74 31 24097 1853
74 32 16873 1297
74 33 10882 837
74 34 2738 210
74 35 14054 1081
74 36 8431 648
74 37 10918 839
74 38 118 9
74 39 14230 1094
74 40 13801 1061
74 41 22048 1696
74 42 10952 842
74 43 18197 1399
74 44 23304 1792
74 45 2955 227
74 46 3784 291
74 47 15338 1179
74 48 26214 2016
74 49 8469 651
74 50 7292 560
74 51 19482 1498
74 52 4996 384
74 53 4638 356
74 54 19157 1473
74 55 2878 221
74 56 26101 2007
74 57 11290 868
74 58 26186 2014
74 59 20773 1597
74 60 26199 2015
74 61 16082 1237
74 62 1059 81
74 63 13657 1050
74 64 11923 917
74 65 5954 458
74 66 5710 439
74 67 1398 107
74 68 20239 1556
74 69 7513 577
74 70 28680 2206
74 71 1950 150
74 72 19526 1502
74 73 6300 484
74 74 0 0
