25
636 5259
1066 6344
775 5746
922 8498
1145 6799
952 5184
821 5202
934 9263
810 9399
1019 5602
1154 7635
1058 6678
970 6221
1147 9463
1168 5282
1136 8205
832 9096
1161 5465
1114 8355
611 7550
1097 5275
683 9568
672 6481
602 6161
895 5974
0 0 0 0
0 1 2980 229
0 2 6119 470
0 3 14879 1144
0 4 15387 1183
0 5 17264 1328
0 6 5434 418
0 7 27438 2110
0 8 4615 355
0 9 14641 1126
0 10 25463 1958
0 11 17547 1349
0 12 5062 389
0 13 7051 542
0 14 19400 1492
0 15 26922 2070
0 16 3892 299
0 17 27268 2097
0 18 531 40
0 19 25908 1992
0 20 9934 764
0 21 26061 2004
0 22 26591 2045
0 23 15321 1178
0 24 1836 141
1 0 7597 584
1 1 0 0
1 2 7576 582
1 3 14101 1084
1 4 15522 1194
1 5 14729 1133
1 6 22278 1713
1 7 12329 948
1 8 8210 631
1 9 5967 459
1 10 28914 2224
1 11 5546 426
1 12 13650 1050
1 13 11295 868
1 14 10032 771
1 15 22270 1713
1 16 26568 2043
1 17 28143 2164
1 18 23132 1779
1 19 18659 1435
1 20 7274 559
1 21 7213 554
1 22 6991 537
1 23 832 64
1 24 29467 2266
2 0 12677 975
2 1 6668 512
2 2 0 0
2 3 15957 1227
2 4 13239 1018
2 5 17848 1372
2 6 18283 1406
2 7 3516 270
2 8 14370 1105
2 9 1569 120
2 10 29424 2263
2 11 16098 1238
2 12 22753 1750
2 13 29201 2246
2 14 8223 632
2 15 16169 1243
2 16 7797 599
2 17 4078 313
2 18 4819 370
2 19 23411 1800
2 20 18778 1444
2 21 16536 1272
2 22 23117 1778
2 23 5499 423
2 24 5307 408
3 0 3673 282
3 1 13231 1017
3 2 15884 1221
3 3 0 0
3 4 3572 274
3 5 28074 2159
3 6 21530 1656
3 7 11775 905
3 8 7802 600
3 9 28363 2181
3 10 23453 1804
3 11 10357 796
3 12 5573 428
3 13 8177 629
3 14 7127 548
3 15 3215 247
3 16 18307 1408
3 17 22194 1707
3 18 28433 2187
3 19 7149 549
3 20 7277 559
3 21 26709 2054
3 22 19523 1501
3 23 26870 2066
3 24 641 49
4 0 20206 1554
4 1 20891 1607
4 2 24490 1883
4 3 22206 1708
4 4 0 0
4 5 25541 1964
4 6 22447 1726
4 7 24676 1898
4 8 8659 666
4 9 15447 1188
4 10 18275 1405
4 11 26015 2001
4 12 3648 280
4 13 13302 1023
4 14 29341 2257
4 15 28505 2192
4 16 1818 139
4 17 24913 1916
4 18 17763 1366
4 19 9056 696
4 20 13360 1027
4 21 11098 853
4 22 11858 912
4 23 20619 1586
4 24 21711 1670
5 0 14093 1084
5 1 22141 1703
5 2 16614 1278
5 3 25621 1970
5 4 27164 2089
5 5 0 0
5 6 10652 819
5 7 27490 2114
5 8 118 9
5 9 4704 361
5 10 11470 882
5 11 6371 490
5 12 12103 931
5 13 26920 2070
5 14 27801 2138
5 15 586 45
5 16 20317 1562
5 17 21216 1632
5 18 25807 1985
5 19 24477 1882
5 20 23437 1802
5 21 16168 1243
5 22 4318 332
5 23 14913 1147
5 24 29506 2269
6 0 23829 1833
6 1 23694 1822
6 2 17929 1379
6 3 8502 654
6 4 29174 2244
6 5 20358 1566
6 6 0 0
6 7 15417 1185
6 8 16438 1264
6 9 25866 1989
6 10 14100 1084
6 11 24200 1861
6 12 6761 520
6 13 20299 1561
6 14 25954 1996
6 15 541 41
6 16 12966 997
6 17 27933 2148
6 18 16085 1237
6 19 13262 1020
6 20 29547 2272
6 21 25352 1950
6 22 20409 1569
6 23 11362 874
6 24 6641 510
7 0 29759 2289
7 1 11958 919
7 2 2264 174
7 3 29026 2232
7 4 6515 501
7 5 22445 1726
7 6 19190 1476
7 7 0 0
7 8 7076 544
7 9 1382 106
7 10 12369 951
7 11 6216 478
7 12 3001 230
7 13 21681 1667
7 14 26018 2001
7 15 3305 254
7 16 18891 1453
7 17 1355 104
7 18 6597 507
7 19 21384 1644
7 20 27047 2080
7 21 28797 2215
7 22 10265 789
7 23 28611 2200
7 24 7028 540
8 0 18780 1444
8 1 13414 1031
8 2 29925 2301
8 3 8130 625
8 4 24009 1846
8 5 27049 2080
8 6 4888 376
8 7 3952 304
8 8 0 0
8 9 12284 944
8 10 27040 2080
8 11 2848 219
8 12 13959 1073
8 13 8786 675
8 14 12676 975
8 15 19427 1494
8 16 16409 1262
8 17 2726 209
8 18 16147 1242
8 19 26469 2036
8 20 9773 751
8 21 9427 725
8 22 10861 835
8 23 20917 1609
8 24 12443 957
9 0 27504 2115
9 1 27973 2151
9 2 26472 2036
9 3 22836 1756
9 4 8489 653
9 5 1996 153
9 6 28068 2159
9 7 12607 969
9 8 15183 1167
9 9 0 0
9 10 28157 2165
9 11 2691 207
9 12 12366 951
9 13 26175 2013
9 14 7319 563
9 15 10730 825
9 16 25676 1975
9 17 10018 770
9 18 11342 872
9 19 16944 1303
9 20 28690 2206
9 21 20587 1583
9 22 7087 545
9 23 22171 1705
9 24 2687 206
10 0 22551 1734
10 1 14813 1139
10 2 23287 1791
10 3 15534 1194
10 4 2763 212
10 5 2239 172
10 6 20503 1577
10 7 21563 1658
10 8 621 47
10 9 23109 1777
10 10 0 0
10 11 29423 2263
10 12 6768 520
10 13 22071 1697
10 14 12950 996
10 15 21491 1653
10 16 16909 1300
10 17 27872 2144
10 18 8690 668
10 19 24348 1872
10 20 4335 333
10 21 16521 1270
10 22 22823 1755
10 23 18715 1439
10 24 3383 260
11 0 3342 257
11 1 14699 1130
11 2 16874 1298
11 3 21416 1647
11 4 19041 1464
11 5 2786 214
11 6 4138 318
11 7 27351 2103
11 8 23397 1799
11 9 20710 1593
11 10 28042 2157
11 11 0 0
11 12 4984 383
11 13 3273 251
11 14 12523 963
11 15 16811 1293
11 16 25035 1925
11 17 22806 1754
11 18 26463 2035
11 19 27027 2079
11 20 20971 1613
11 21 25964 1997
11 22 12311 947
11 23 27045 2080
11 24 5725 440
12 0 26545 2041
12 1 23073 1774
12 2 4466 343
12 3 854 65
12 4 9043 695
12 5 12158 935
12 6 12382 952
12 7 23491 1807
12 8 5812 447
12 9 17482 1344
12 10 16157 1242
12 11 17899 1376
12 12 0 0
12 13 3374 259
12 14 6485 498
12 15 2697 207
12 16 22758 1750
12 17 25662 1974
12 18 8624 663
12 19 5018 386
12 20 28577 2198
12 21 12731 979
12 22 26322 2024
12 23 15959 1227
12 24 10603 815
13 0 4964 381
13 1 9806 754
13 2 1009 77
13 3 601 46
13 4 16149 1242
13 5 15395 1184
13 6 3043 234
13 7 18420 1416
13 8 8788 676
13 9 12597 969
13 10 22345 1718
13 11 26206 2015
13 12 15412 1185
13 13 0 0
13 14 2235 171
13 15 4228 325
13 16 9109 700
13 17 4855 373
13 18 14499 1115
13 19 22762 1750
13 20 3540 272
13 21 6150 473
13 22 7554 581
13 23 7877 605
13 24 27559 2119
14 0 24676 1898
14 1 9881 760
14 2 29861 2297
14 3 2293 176
14 4 8698 669
14 5 13841 1064
14 6 4177 321
14 7 11979 921
14 8 11350 873
14 9 23670 1820
14 10 13234 1018
14 11 14940 1149
14 12 18862 1450
14 13 1847 142
14 14 0 0
14 15 29085 2237
14 16 26341 2026
14 17 23638 1818
14 18 27399 2107
14 19 29269 2251
14 20 29321 2255
14 21 19670 1513
14 22 27495 2115
14 23 7943 611
14 24 4319 332
15 0 17891 1376
15 1 26011 2000
15 2 7118 547
15 3 25341 1949
15 4 12289 945
15 5 27309 2100
15 6 20655 1588
15 7 18609 1431
15 8 19506 1500
15 9 20147 1549
15 10 17830 1371
15 11 14015 1078
15 12 15086 1160
15 13 16919 1301
15 14 25375 1951
15 15 0 0
15 16 4385 337
15 17 654 50
15 18 14252 1096
15 19 6963 535
15 20 9434 725
15 21 19724 1517
15 22 19151 1473
15 23 24418 1878
15 24 489 37
16 0 18881 1452
16 1 955 73
16 2 16029 1233
16 3 16956 1304
16 4 21453 1650
16 5 15287 1175
16 6 19311 1485
16 7 7779 598
16 8 4480 344
16 9 5793 445
16 10 4069 313
16 11 20220 1555
16 12 4164 320
16 13 11374 874
16 14 24513 1885
16 15 17235 1325
16 16 0 0
16 17 15629 1202
16 18 19735 1518
16 19 26931 2071
16 20 29015 2231
16 21 2129 163
16 22 29897 2299
16 23 13349 1026
16 24 26801 2061
17 0 9739 749
17 1 23393 1799
17 2 2515 193
17 3 21706 1669
17 4 9534 733
17 5 2319 178
17 6 13036 1002
17 7 27699 2130
17 8 27356 2104
17 9 6191 476
17 10 26967 2074
17 11 2519 193
17 12 3236 248
17 13 18301 1407
17 14 24490 1883
17 15 659 50
17 16 590 45
17 17 0 0
17 18 16333 1256
17 19 29125 2240
17 20 6070 466
17 21 26574 2044
17 22 18228 1402
17 23 15728 1209
17 24 20992 1614
18 0 18161 1397
18 1 13915 1070
18 2 13537 1041
18 3 19505 1500
18 4 4517 347
18 5 6258 481
18 6 17068 1312
18 7 27943 2149
18 8 17290 1330
18 9 3379 259
18 10 4666 358
18 11 12142 934
18 12 2861 220
18 13 748 57
18 14 18470 1420
18 15 3337 256
18 16 18615 1431
18 17 26344 2026
18 18 0 0
18 19 13730 1056
18 20 19702 1515
18 21 10427 802
18 22 13453 1034
18 23 1875 144
18 24 16928 1302
19 0 2757 212
19 1 29480 2267
19 2 6255 481
19 3 10085 775
19 4 8885 683
19 5 23058 1773
19 6 14165 1089
19 7 25056 1927
19 8 19828 1525
19 9 21062 1620
19 10 27385 2106
19 11 262 20
19 12 28298 2176
19 13 22758 1750
19 14 21576 1659
19 15 15696 1207
19 16 3700 284
19 17 15124 1163
19 18 29749 2288
19 19 0 0
19 20 13104 1008
19 21 7490 576
19 22 13577 1044
19 23 5076 390
19 24 9399 723
20 0 12322 947
20 1 10148 780
20 2 2977 229
20 3 17273 1328
20 4 18343 1411
20 5 18721 1440
20 6 3777 290
20 7 23432 1802
20 8 3695 284
20 9 16326 1255
20 10 3263 251
20 11 13777 1059
20 12 13339 1026
20 13 261 20
20 14 21858 1681
20 15 23670 1820
20 16 15254 1173
20 17 12293 945
20 18 13432 1033
20 19 4129 317
20 20 0 0
20 21 5312 408
20 22 10821 832
20 23 19554 1504
20 24 19277 1482
21 0 26015 2001
21 1 21565 1658
21 2 2952 227
21 3 1490 114
21 4 20452 1573
21 5 19902 1530
21 6 22122 1701
21 7 14913 1147
21 8 28821 2217
21 9 27054 2081
21 10 27538 2118
21 11 16434 1264
21 12 5021 386
21 13 27823 2140
21 14 9945 765
21 15 20775 1598
21 16 11100 853
21 17 21672 1667
21 18 2832 217
21 19 12593 968
21 20 26798 2061
21 21 0 0
21 22 19982 1537
21 23 20431 1571
21 24 9668 743
22 0 4161 320
22 1 27028 2079
22 2 14390 1106
22 3 6998 538
22 4 6194 476
22 5 4946 380
22 6 23560 1812
22 7 29223 2247
22 8 16087 1237
22 9 10935 841
22 10 7324 563
22 11 2892 222
22 12 6920 532
22 13 15242 1172
22 14 4687 360
22 15 863 66
22 16 26118 2009
22 17 14272 1097
22 18 28226 2171
22 19 7353 565
22 20 6821 524
22 21 7207 554
22 22 0 0
22 23 18596 1430
22 24 16624 1278
23 0 10077 775
23 1 10114 778
23 2 28348 2180
23 3 3603 277
23 4 1163 89
23 5 27523 2117
23 6 27161 2089
23 7 13429 1033
23 8 2229 171
23 9 16830 1294
23 10 24819 1909
23 11 7624 586
23 12 24973 1921
23 13 20147 1549
23 14 22455 1727
23 15 20484 1575
23 16 11799 907
23 17 18309 1408
23 18 2649 203
23 19 3965 305
23 20 10130 779
23 21 14166 1089
23 22 25125 1932
23 23 0 0
23 24 28122 2163
24 0 1679 129
24 1 6141 472
24 2 3140 241
24 3 17036 1310
24 4 8464 651
24 5 3363 258
24 6 25629 1971
24 7 7601 584
24 8 6891 530
24 9 6270 482
24 10 23980 1844
24 11 9809 754
24 12 3752 288
24 13 8583 660
24 14 10175 782
24 15 18967 1459
24 16 29189 2245
24 17 22127 1702
24 18 14933 1148
24 19 3787 291
24 20 23522 1809
24 21 8535 656
24 22 24210 1862
24 23 3591 276
24 24 0 0
