25
976 9684
1184 8163
981 8030
983 6020
1195 9375
680 9531
955 5163
886 6783
945 5545
1121 8254
857 8235
828 5412
696 7803
1184 6286
757 8697
938 9025
829 6273
814 5347
838 7294
706 6731
883 7708
1113 9960
1127 5322
909 9888
1104 5843
0 0 0 0
0 1 7624 586
0 2 7359 566
0 3 25293 1945
0 4 28933 2225
0 5 18145 1395
0 6 12337 949
0 7 3626 278
0 8 1802 138
0 9 1275 98
0 10 28449 2188
0 11 29185 2245
0 12 7345 565
0 13 9265 712
0 14 3562 274
0 15 5609 431
0 16 13362 1027
0 17 4670 359
0 18 1963 151
0 19 964 74
0 20 12532 964
0 21 1642 126
0 22 28196 2168
0 23 17836 1372
0 24 4191 322
1 0 17252 1327
1 1 0 0
1 2 6315 485
1 3 17507 1346
1 4 28702 2207
1 5 1008 77
1 6 214 16
1 7 15509 1193
1 8 7273 559
1 9 5474 421
1 10 6570 505
1 11 12350 950
1 12 28089 2160
1 13 1683 129
1 14 15481 1190
1 15 1529 117
1 16 21412 1647
1 17 25179 1936
1 18 523 40
1 19 10538 810
1 20 22878 1759
1 21 20912 1608
1 22 14158 1089
1 23 5780 444
1 24 24375 1875
2 0 26216 2016
2 1 9740 749
2 2 0 0
2 3 28145 2165
2 4 16840 1295
2 5 17496 1345
2 6 8646 665
2 7 16918 1301
2 8 20697 1592
2 9 3398 261
2 10 5036 387
2 11 13405 1031
2 12 3593 276
2 13 7167 551
2 14 6909 531
2 15 8438 649
2 16 19229 1479
2 17 27378 2106
2 18 22411 1723
2 19 9195 707
2 20 17744 1364
2 21 24358 1873
2 22 11213 862
2 23 14678 1129
2 24 26664 2051
3 0 4188 322
3 1 21488 1652
3 2 9516 732
3 3 0 0
3 4 19385 1491
3 5 24256 1865
3 6 11753 904
3 7 6674 513
3 8 511 39
3 9 20058 1542
3 10 8818 678
3 11 20121 1547
3 12 1470 113
3 13 924 71
3 14 29204 2246
3 15 12527 963
3 16 3150 242
3 17 10595 815
3 18 21606 1662
3 19 14143 1087
3 20 23159 1781
3 21 8802 677
3 22 14026 1078
3 23 13379 1029
3 24 856 65
4 0 162 12
4 1 2436 187
4 2 10804 831
4 3 19313 1485
4 4 0 0
4 5 16400 1261
4 6 23887 1837
4 7 23057 1773
4 8 6275 482
4 9 23060 1773
4 10 1315 101
4 11 16910 1300
4 12 3141 241
4 13 5793 445
4 14 7937 610
4 15 19030 1463
4 16 12679 975
4 17 9881 760
4 18 517 39
4 19 5051 388
4 20 28057 2158
4 21 1660 127
4 22 721 55
4 23 5532 425
4 24 2555 196
5 0 8248 634
5 1 23727 1825
5 2 13072 1005
5 3 25372 1951
5 4 3647 280
5 5 0 0
5 6 1329 102
5 7 26050 2003
5 8 19105 1469
5 9 1213 93
5 10 17445 1341
5 11 2071 159
5 12 19919 1532
5 13 3604 277
5 14 21680 1667
5 15 12865 989
5 16 10513 808
5 17 22860 1758
5 18 20255 1558
5 19 307 23
5 20 8832 679
5 21 13326 1025
5 22 3147 242
5 23 9205 708
5 24 27545 2118
6 0 15010 1154
6 1 29239 2249
6 2 12540 964
6 3 14459 1112
6 4 16719 1286
6 5 8176 628
6 6 0 0
6 7 28294 2176
6 8 25600 1969
6 9 16499 1269
6 10 26164 2012
6 11 7987 614
6 12 16165 1243
6 13 28919 2224
6 14 25870 1990
6 15 1687 129
6 16 12001 923
6 17 27863 2143
6 18 4959 381
6 19 16537 1272
6 20 11588 891
6 21 16910 1300
6 22 14915 1147
6 23 20465 1574
6 24 9287 714
7 0 4727 363
7 1 8210 631
7 2 7352 565
7 3 17068 1312
7 4 24823 1909
7 5 1939 149
7 6 29146 2242
7 7 0 0
7 8 6378 490
7 9 10993 845
7 10 28065 2158
7 11 22019 1693
7 12 9355 719
7 13 2358 181
7 14 9291 714
7 15 29782 2290
7 16 28572 2197
7 17 3439 264
7 18 28562 2197
7 19 26981 2075
7 20 4822 370
7 21 26286 2022
7 22 6080 467
7 23 8749 673
7 24 27835 2141
8 0 23376 1798
8 1 3758 289
8 2 11367 874
8 3 29424 2263
8 4 3438 264
8 5 2079 159
8 6 19844 1526
8 7 14711 1131
8 8 0 0
8 9 19211 1477
8 10 28902 2223
8 11 13593 1045
8 12 1906 146
8 13 22848 1757
8 14 5729 440
8 15 27107 2085
8 16 13981 1075
8 17 21859 1681
8 18 866 66
8 19 16217 1247
8 20 6562 504
8 21 29122 2240
8 22 7163 551
8 23 5264 404
8 24 3037 233
9 0 6241 480
9 1 11045 849
9 2 5149 396
9 3 29420 2263
9 4 5596 430
9 5 22357 1719
9 6 3579 275
9 7 13966 1074
9 8 5634 433
9 9 0 0
9 10 21854 1681
9 11 6768 520
9 12 3012 231
9 13 25443 1957
9 14 9783 752
9 15 22350 1719
9 16 16809 1293
9 17 24946 1918
9 18 19126 1471
9 19 23183 1783
9 20 21801 1677
9 21 16306 1254
9 22 25432 1956
9 23 2210 170
9 24 11342 872
10 0 11302 869
10 1 6472 497
10 2 19997 1538
10 3 21570 1659
10 4 15086 1160
10 5 12260 943
10 6 13441 1033
10 7 18626 1432
10 8 2396 184
10 9 13470 1036
10 10 0 0
10 11 3756 288
10 12 11344 872
10 13 186 14
10 14 10538 810
10 15 17059 1312
10 16 16608 1277
10 17 26626 2048
10 18 11196 861
10 19 12062 927
10 20 28086 2160
10 21 20230 1556
10 22 23647 1819
10 23 26657 2050
10 24 6984 537
11 0 9865 758
11 1 17811 1370
11 2 29406 2262
11 3 9970 766
11 4 28427 2186
11 5 10464 804
11 6 11432 879
11 7 696 53
11 8 28321 2178
11 9 14816 1139
11 10 17357 1335
11 11 0 0
11 12 4721 363
11 13 21409 1646
11 14 14167 1089
11 15 8924 686
11 16 9507 731
11 17 16502 1269
11 18 28251 2173
11 19 303 23
11 20 10179 783
11 21 23895 1838
11 22 20753 1596
11 23 21683 1667
11 24 19884 1529
12 0 5569 428
12 1 23555 1811
12 2 24737 1902
12 3 11321 870
12 4 29673 2282
12 5 28703 2207
12 6 16065 1235
12 7 22113 1701
12 8 13543 1041
12 9 24092 1853
12 10 24200 1861
12 11 26510 2039
12 12 0 0
12 13 6392 491
12 14 23881 1837
12 15 10978 844
12 16 1820 140
12 17 2254 173
12 18 2320 178
12 19 9393 722
12 20 23861 1835
12 21 25778 1982
12 22 6065 466
12 23 20597 1584
12 24 6193 476
13 0 9542 734
13 1 2236 172
13 2 2863 220
13 3 21186 1629
13 4 4141 318
13 5 13976 1075
13 6 16397 1261
13 7 17660 1358
13 8 25007 1923
13 9 26554 2042
13 10 14897 1145
13 11 18151 1396
13 12 25242 1941
13 13 0 0
13 14 2246 172
13 15 22097 1699
13 16 14408 1108
13 17 12616 970
13 18 27077 2082
13 19 28529 2194
13 20 7039 541
13 21 9911 762
13 22 2186 168
13 23 12019 924
13 24 996 76
14 0 1571 120
14 1 28978 2229
14 2 13142 1010
14 3 1578 121
14 4 26642 2049
14 5 24656 1896
14 6 24932 1917
14 7 2452 188
14 8 5432 417
14 9 18432 1417
14 10 29120 2240
14 11 1097 84
14 12 7178 552
14 13 7778 598
14 14 0 0
14 15 28405 2185
14 16 25238 1941
14 17 1956 150
14 18 26095 2007
14 19 18331 1410
14 20 17176 1321
14 21 23534 1810
14 22 24185 1860
14 23 6654 511
14 24 24068 1851
15 0 13371 1028
15 1 3818 293
15 2 26343 2026
15 3 11698 899
15 4 14264 1097
15 5 28980 2229
15 6 2294 176
15 7 20593 1584
15 8 22086 1698
15 9 21443 1649
15 10 21691 1668
15 11 17394 1338
15 12 3325 255
15 13 24551 1888
15 14 11924 917
15 15 0 0
15 16 5181 398
15 17 5473 421
15 18 22718 1747
15 19 9048 696
15 20 6677 513
15 21 390 30
15 22 17829 1371
15 23 14337 1102
15 24 8358 642
16 0 19604 1508
16 1 5754 442
16 2 23010 1770
16 3 7864 604
16 4 1135 87
16 5 13375 1028
16 6 21444 1649
16 7 13789 1060
16 8 20913 1608
16 9 17565 1351
16 10 14723 1132
16 11 2733 210
16 12 16347 1257
16 13 21843 1680
16 14 1488 114
16 15 29441 2264
16 16 0 0
16 17 18228 1402
16 18 9717 747
16 19 25457 1958
16 20 18910 1454
16 21 19119 1470
16 22 26611 2047
16 23 19738 1518
16 24 9860 758
17 0 10376 798
17 1 16292 1253
17 2 9455 727
17 3 9178 706
17 4 29095 2238
17 5 13200 1015
17 6 15589 1199
17 7 24190 1860
17 8 26756 2058
17 9 12980 998
17 10 29121 2240
17 11 29341 2257
17 12 27605 2123
17 13 4241 326
17 14 20778 1598
17 15 9525 732
17 16 20565 1581
17 17 0 0
17 18 20665 1589
17 19 24055 1850
17 20 24669 1897
17 21 10178 782
17 22 18296 1407
17 23 758 58
17 24 5964 458
18 0 6436 495
18 1 21400 1646
18 2 9857 758
18 3 18438 1418
18 4 12444 957
18 5 27700 2130
18 6 29477 2267
18 7 21934 1687
18 8 5760 443
18 9 8531 656
18 10 21547 1657
18 11 15883 1221
18 12 3443 264
18 13 13013 1001
18 14 14070 1082
18 15 18406 1415
18 16 27076 2082
18 17 21998 1692
18 18 0 0
18 19 20864 1604
18 20 24322 1870
18 21 8540 656
18 22 26308 2023
18 23 29352 2257
18 24 6863 527
19 0 29873 2297
19 1 8524 655
19 2 24454 1881
19 3 18319 1409
19 4 29146 2242
19 5 28466 2189
19 6 5560 427
19 7 26755 2058
19 8 14947 1149
19 9 19434 1494
19 10 14673 1128
19 11 20952 1611
19 12 13663 1051
19 13 16448 1265
19 14 16184 1244
19 15 26777 2059
19 16 11300 869
19 17 8322 640
19 18 4576 352
19 19 0 0
19 20 28162 2166
19 21 10998 846
19 22 26829 2063
19 23 13406 1031
19 24 3232 248
20 0 18597 1430
20 1 9569 736
20 2 20025 1540
20 3 22033 1694
20 4 3887 299
20 5 10613 816
20 6 20263 1558
20 7 21861 1681
20 8 23384 1798
20 9 21996 1692
20 10 10108 777
20 11 14213 1093
20 12 28012 2154
20 13 14879 1144
20 14 29813 2293
20 15 16652 1280
20 16 10438 802
20 17 15167 1166
20 18 6332 487
20 19 3453 265
20 20 0 0
20 21 2695 207
20 22 18314 1408
20 23 27366 2105
20 24 10402 800
21 0 11469 882
21 1 20071 1543
21 2 28846 2218
21 3 518 39
21 4 11498 884
21 5 2209 169
21 6 24485 1883
21 7 17251 1327
21 8 27627 2125
21 9 17918 1378
21 10 22867 1759
21 11 12334 948
21 12 19638 1510
21 13 29826 2294
21 14 21219 1632
21 15 17964 1381
21 16 20597 1584
21 17 10479 806
21 18 22208 1708
21 19 20104 1546
21 20 5614 431
21 21 0 0
21 22 22508 1731
21 23 28477 2190
21 24 10639 818
22 0 25330 1948
22 1 8450 650
22 2 12058 927
22 3 25643 1972
22 4 24212 1862
22 5 23615 1816
22 6 18110 1393
22 7 22546 1734
22 8 23447 1803
22 9 7264 558
22 10 4951 380
22 11 19029 1463
22 12 3036 233
22 13 29593 2276
22 14 29083 2237
22 15 5475 421
22 16 6159 473
22 17 10379 798
22 18 15365 1181
22 19 4024 309
22 20 5079 390
22 21 25293 1945
22 22 0 0
22 23 25461 1958
22 24 25650 1973
23 0 598 46
23 1 5656 435
23 2 1019 78
23 3 2268 174
23 4 18728 1440
23 5 18583 1429
23 6 17139 1318
23 7 15942 1226
23 8 14003 1077
23 9 13377 1029
23 10 19335 1487
23 11 3663 281
23 12 19870 1528
23 13 7142 549
23 14 5540 426
23 15 6703 515
23 16 21779 1675
23 17 323 24
23 18 2281 175
23 19 16415 1262
23 20 11005 846
23 21 19058 1466
23 22 15830 1217
23 23 0 0
23 24 29392 2260
24 0 12284 944
24 1 17484 1344
24 2 23628 1817
24 3 19175 1475
24 4 8444 649
24 5 1009 77
24 6 24662 1897
24 7 5550 426
24 8 12557 965
24 9 4588 352
24 10 6075 467
24 11 979 75
24 12 24410 1877
24 13 3596 276
24 14 11850 911
24 15 18947 1457
24 16 28055 2158
24 17 6203 477
24 18 22155 1704
24 19 15801 1215
24 20 27900 2146
24 21 16349 1257
24 22 21351 1642
24 23 20866 1605
24 24 0 0
