50
1030 7681
1191 5123
915 7225
705 7638
857 8287
881 5881
743 9673
1028 7442
1191 9408
991 9000
967 9208
819 9826
609 9191
724 7524
883 9594
933 9045
1029 7507
779 6840
1190 7924
1160 9493
926 8374
1178 8722
621 5122
1032 5725
901 6959
1186 6831
679 9129
659 6336
974 6866
600 9341
1162 8542
745 9697
928 9607
835 9564
763 5280
883 7516
764 5794
637 6209
812 8345
707 8570
1114 8885
1173 7090
757 8285
796 7621
1000 8222
851 5408
742 7220
1020 6316
897 7855
714 7710
0 0 0 0
0 1 19781 1521
0 2 23748 1826
0 3 29477 2267
0 4 18593 1430
0 5 8775 675
0 6 27278 2098
0 7 26637 2049
0 8 27498 2115
0 9 8633 664
0 10 8928 686
0 11 3115 239
0 12 22647 1742
0 13 6129 471
0 14 3844 295
0 15 15480 1190
0 16 23354 1796
0 17 26416 2032
0 18 28430 2186
0 19 11538 887
0 20 21921 1686
0 21 5507 423
0 22 16085 1237
0 23 1340 103
0 24 16698 1284
0 25 17915 1378
0 26 17075 1313
0 27 11549 888
0 28 19762 1520
0 29 21525 1655
0 30 24270 1866
0 31 11242 864
0 32 8428 648
0 33 26085 2006
0 34 4558 350
0 35 21348 1642
0 36 15964 1228
0 37 12574 967
0 38 4961 381
0 39 10451 803
0 40 10546 811
0 41 5656 435
0 42 5100 392
0 43 6368 489
0 44 24003 1846
0 45 27537 2118
0 46 9509 731
0 47 11182 860
0 48 26282 2021
0 49 26881 2067
1 0 17256 1327
1 1 0 0
1 2 29114 2239
1 3 22456 1727
1 4 7512 577
1 5 6729 517
1 6 15734 1210
1 7 14300 1100
1 8 15241 1172
1 9 790 60
1 10 3987 306
1 11 2445 188
1 12 26792 2060
1 13 20527 1579
1 14 20344 1564
1 15 7317 562
1 16 5409 416
1 17 4382 337
1 18 17492 1345
1 19 23912 1839
1 20 10994 845
1 21 21822 1678
1 22 516 39
1 23 1545 118
1 24 1816 139
1 25 4270 328
1 26 3062 235
1 27 14529 1117
1 28 23616 1816
1 29 789 60
1 30 21451 1650
1 31 28578 2198
1 32 14485 1114
1 33 17771 1367
1 34 1545 118
1 35 7537 579
1 36 16398 1261
1 37 18804 1446
1 38 16303 1254
1 39 22946 1765
1 40 26550 2042
1 41 16562 1274
1 42 13284 1021
1 43 13340 1026
1 44 10035 771
1 45 21917 1685
1 46 25364 1951
1 47 18552 1427
1 48 12127 932
1 49 134 10
2 0 17783 1367
2 1 7763 597
2 2 0 0
2 3 28106 2162
2 4 26012 2000
2 5 26654 2050
2 6 12520 963
2 7 17524 1348
2 8 24080 1852
2 9 11348 872
2 10 9596 738
2 11 2266 174
2 12 14974 1151
2 13 6142 472
2 14 27255 2096
2 15 21783 1675
2 16 9932 764
2 17 11375 875
2 18 23924 1840
2 19 19774 1521
2 20 15756 1212
2 21 6928 532
2 22 2475 190
2 23 9205 708
2 24 20488 1576
2 25 12487 960
2 26 27362 2104
2 27 21862 1681
2 28 14328 1102
2 29 10980 844
2 30 16076 1236
2 31 28967 2228
2 32 9093 699
2 33 29910 2300
2 34 24075 1851
2 35 17268 1328
2 36 29016 2232
2 37 5536 425
2 38 12508 962
2 39 26622 2047
2 40 7673 590
2 41 11028 848
2 42 16709 1285
2 43 27387 2106
2 44 27640 2126
2 45 19340 1487
2 46 3110 239
2 47 24282 1867
2 48 13287 1022
2 49 20665 1589
3 0 24995 1922
3 1 1610 123
3 2 28819 2216
3 3 0 0
3 4 27972 2151
3 5 26236 2018
3 6 27231 2094
3 7 27168 2089
3 8 1326 102
3 9 26107 2008
3 10 10741 826
3 11 8258 635
3 12 19649 1511
3 13 18316 1408
3 14 22650 1742
3 15 28172 2167
3 16 10738 826
3 17 9962 766
3 18 10542 810
3 19 19250 1480
3 20 29150 2242
3 21 6178 475
3 22 3566 274
3 23 17685 1360
3 24 22236 1710
3 25 9957 765
3 26 11068 851
3 27 15932 1225
3 28 6044 464
3 29 10532 810
3 30 7710 593
3 31 12410 954
3 32 20813 1601
3 33 11422 878
3 34 11516 885
3 35 11935 918
3 36 258 19
3 37 27652 2127
3 38 8604 661
3 39 26239 2018
3 40 12581 967
3 41 10888 837
3 42 19179 1475
3 43 22896 1761
3 44 10745 826
3 45 16652 1280
3 46 9084 698
3 47 8918 686
3 48 18087 1391
3 49 27973 2151
4 0 25836 1987
4 1 6373 490
4 2 28463 2189
4 3 19245 1480
4 4 0 0
4 5 26473 2036
4 6 25416 1955
4 7 9619 739
4 8 7833 602
4 9 18696 1438
4 10 28286 2175
4 11 20155 1550
4 12 14169 1089
4 13 3074 236
4 14 16123 1240
4 15 17001 1307
4 16 13289 1022
4 17 25952 1996
4 18 8418 647
4 19 11056 850
4 20 11942 918
4 21 11459 881
4 22 14939 1149
4 23 10598 815
4 24 20386 1568
4 25 25553 1965
4 26 26400 2030
4 27 26309 2023
4 28 17626 1355
4 29 8229 633
4 30 29428 2263
4 31 1366 105
4 32 2878 221
4 33 15909 1223
4 34 9868 759
4 35 3676 282
4 36 14675 1128
4 37 3845 295
4 38 21556 1658
4 39 21923 1686
4 40 14484 1114
4 41 5828 448
4 42 29613 2277
4 43 497 38
4 44 23564 1812
4 45 22737 1749
4 46 20448 1572
4 47 10541 810
4 48 2556 196
4 49 3699 284
5 0 7827 602
5 1 15392 1184
5 2 13860 1066
5 3 16216 1247
5 4 18279 1406
5 5 0 0
5 6 18608 1431
5 7 21125 1625
5 8 22917 1762
5 9 30000 2307
5 10 27557 2119
5 11 20788 1599
5 12 11321 870
5 13 21079 1621
5 14 5572 428
5 15 27456 2112
5 16 21831 1679
5 17 11042 849
5 18 24328 1871
5 19 1526 117
5 20 23697 1822
5 21 1679 129
5 22 17232 1325
5 23 26844 2064
5 24 17396 1338
5 25 23638 1818
5 26 3267 251
5 27 17465 1343
5 28 5641 433
5 29 23735 1825
5 30 7668 589
5 31 24796 1907
5 32 3336 256
5 33 6124 471
5 34 25488 1960
5 35 1010 77
5 36 23622 1817
5 37 29751 2288
5 38 21398 1646
5 39 17562 1350
5 40 15470 1190
5 41 14721 1132
5 42 4285 329
5 43 13219 1016
5 44 3556 273
5 45 13274 1021
5 46 14413 1108
5 47 12464 958
5 48 1035 79
5 49 28076 2159
6 0 14993 1153
6 1 12754 981
6 2 20485 1575
6 3 2943 226
6 4 27266 2097
6 5 23126 1778
6 6 0 0
6 7 3984 306
6 8 10666 820
6 9 22993 1768
6 10 1129 86
6 11 21064 1620
6 12 15839 1218
6 13 19133 1471
6 14 20453 1573
6 15 29659 2281
6 16 12457 958
6 17 6118 470
6 18 6466 497
6 19 19405 1492
6 20 2465 189
6 21 8055 619
6 22 12933 994
6 23 19746 1518
6 24 4440 341
6 25 21237 1633
6 26 26463 2035
6 27 29694 2284
6 28 24918 1916
6 29 223 17
6 30 15372 1182
6 31 5380 413
6 32 22489 1729
6 33 11204 861
6 34 12861 989
6 35 3024 232
6 36 5476 421
6 37 25180 1936
6 38 2997 230
6 39 13132 1010
6 40 13844 1064
6 41 8796 676
6 42 19293 1484
6 43 7072 544
6 44 6553 504
6 45 12515 962
6 46 10287 791
6 47 2451 188
6 48 15680 1206
6 49 2083 160
7 0 3057 235
7 1 21803 1677
7 2 7652 588
7 3 17784 1368
7 4 17433 1341
7 5 9815 755
7 6 6243 480
7 7 0 0
7 8 8146 626
7 9 7193 553
7 10 824 63
7 11 7300 561
7 12 27164 2089
7 13 14266 1097
7 14 25851 1988
7 15 27094 2084
7 16 21768 1674
7 17 20481 1575
7 18 23106 1777
7 19 17957 1381
7 20 23126 1778
7 21 3938 302
7 22 10668 820
7 23 1913 147
7 24 17808 1369
7 25 15873 1221
7 26 7532 579
7 27 25514 1962
7 28 1829 140
7 29 21897 1684
7 30 9280 713
7 31 17153 1319
7 32 27447 2111
7 33 4332 333
7 34 28650 2203
7 35 7739 595
7 36 3289 253
7 37 4934 379
7 38 20778 1598
7 39 11008 846
7 40 25850 1988
7 41 14624 1124
7 42 25145 1934
7 43 27789 2137
7 44 10993 845
7 45 8254 634
7 46 16127 1240
7 47 13904 1069
7 48 26980 2075
7 49 8940 687
8 0 27565 2120
8 1 29568 2274
8 2 19342 1487
8 3 26536 2041
8 4 9041 695
8 5 13898 1069
8 6 24087 1852
8 7 19132 1471
8 8 0 0
8 9 7196 553
8 10 18354 1411
8 11 8513 654
8 12 19399 1492
8 13 4524 348
8 14 5909 454
8 15 10606 815
8 16 14397 1107
8 17 9483 729
8 18 26663 2051
8 19 19351 1488
8 20 21221 1632
8 21 26148 2011
8 22 16356 1258
8 23 29892 2299
8 24 12089 929
8 25 7659 589
8 26 26735 2056
8 27 22342 1718
8 28 21585 1660
8 29 19933 1533
8 30 25114 1931
8 31 17478 1344
8 32 13323 1024
8 33 28054 2158
8 34 13584 1044
8 35 29498 2269
8 36 11827 909
8 37 17496 1345
8 38 8366 643
8 39 135 10
8 40 28016 2155
8 41 12132 933
8 42 16445 1265
8 43 2283 175
8 44 3136 241
8 45 6043 464
8 46 16338 1256
8 47 6993 537
8 48 6592 507
8 49 27058 2081
9 0 15456 1188
9 1 25695 1976
9 2 5347 411
9 3 5813 447
9 4 13733 1056
9 5 9615 739
9 6 11418 878
9 7 3251 250
9 8 17497 1345
9 9 0 0
9 10 26807 2062
9 11 6599 507
9 12 17428 1340
9 13 9036 695
9 14 6032 464
9 15 3817 293
9 16 10508 808
9 17 5528 425
9 18 10482 806
9 19 13284 1021
9 20 19786 1522
9 21 13621 1047
9 22 11560 889
9 23 3628 279
9 24 2769 213
9 25 28919 2224
9 26 12153 934
9 27 16685 1283
9 28 7641 587
9 29 23182 1783
9 30 16997 1307
9 31 26244 2018
9 32 15816 1216
9 33 28337 2179
9 34 5295 407
9 35 17330 1333
9 36 6922 532
9 37 11375 875
9 38 4833 371
9 39 1590 122
9 40 10698 822
9 41 4812 370
9 42 2739 210
9 43 27338 2102
9 44 14486 1114
9 45 12694 976
9 46 23054 1773
9 47 13912 1070
9 48 2675 205
9 49 1288 99
10 0 27615 2124
10 1 18322 1409
10 2 23033 1771
10 3 24541 1887
10 4 17477 1344
10 5 3801 292
10 6 28868 2220
10 7 27619 2124
10 8 4808 369
10 9 1265 97
10 10 0 0
10 11 23079 1775
10 12 13006 1000
10 13 15876 1221
10 14 28714 2208
10 15 24116 1855
10 16 9922 763
10 17 24943 1918
10 18 358 27
10 19 5770 443
10 20 14130 1086
10 21 26695 2053
10 22 28822 2217
10 23 17178 1321
10 24 18511 1423
10 25 16881 1298
10 26 28041 2157
10 27 22010 1693
10 28 16487 1268
10 29 28521 2193
10 30 27730 2133
10 31 18989 1460
10 32 23372 1797
10 33 26128 2009
10 34 16367 1259
10 35 12765 981
10 36 12474 959
10 37 10718 824
10 38 2829 217
10 39 29054 2234
10 40 26304 2023
10 41 7486 575
10 42 23276 1790
10 43 21414 1647
10 44 10001 769
10 45 19537 1502
10 46 13547 1042
10 47 24668 1897
10 48 28164 2166
10 49 1398 107
11 0 29102 2238
11 1 1565 120
11 2 17456 1342
11 3 9940 764
11 4 22668 1743
11 5 26327 2025
11 6 11724 901
11 7 27598 2122
11 8 9237 710
11 9 3450 265
11 10 26680 2052
11 11 0 0
11 12 28963 2227
11 13 16442 1264
11 14 27877 2144
11 15 21695 1668
11 16 27825 2140
11 17 20142 1549
11 18 15914 1224
11 19 22952 1765
11 20 10876 836
11 21 21284 1637
11 22 22447 1726
11 23 3241 249
11 24 21646 1665
11 25 6926 532
11 26 24500 1884
11 27 24608 1892
11 28 17121 1317
11 29 24020 1847
11 30 21955 1688
11 31 16275 1251
11 32 24704 1900
11 33 19292 1484
11 34 14206 1092
11 35 28555 2196
11 36 19444 1495
11 37 2452 188
11 38 11559 889
11 39 12757 981
11 40 1552 119
11 41 5883 452
11 42 17210 1323
11 43 3557 273
11 44 154 11
11 45 12754 981
11 46 21430 1648
11 47 3608 277
11 48 17046 1311
11 49 3792 291
12 0 19397 1492
12 1 21062 1620
12 2 23158 1781
12 3 12827 986
12 4 28738 2210
12 5 1905 146
12 6 11123 855
12 7 11251 865
12 8 1120 86
12 9 15156 1165
12 10 3580 275
12 11 2170 166
12 12 0 0
12 13 8519 655
12 14 3559 273
12 15 26571 2043
12 16 12777 982
12 17 7706 592
12 18 5041 387
12 19 871 67
12 20 29637 2279
12 21 24163 1858
12 22 25371 1951
12 23 19473 1497
12 24 8954 688
12 25 5188 399
12 26 2464 189
12 27 6659 512
12 28 26073 2005
12 29 24542 1887
12 30 24253 1865
12 31 12635 971
12 32 18510 1423
12 33 19721 1517
12 34 25676 1975
12 35 4938 379
12 36 23035 1771
12 37 27724 2132
12 38 5165 397
12 39 1282 98
12 40 14844 1141
12 41 24301 1869
12 42 2295 176
12 43 17189 1322
12 44 25506 1962
12 45 10090 776
12 46 3509 269
12 47 26477 2036
12 48 16578 1275
12 49 6415 493
13 0 17445 1341
13 1 27285 2098
13 2 8996 692
13 3 12191 937
13 4 13457 1035
13 5 4109 316
13 6 16244 1249
13 7 12371 951
13 8 20794 1599
13 9 18706 1438
13 10 25586 1968
13 11 14143 1087
13 12 1962 150
13 13 0 0
13 14 5381 413
13 15 11036 848
13 16 14024 1078
13 17 27472 2113
13 18 26970 2074
13 19 29246 2249
13 20 10013 770
13 21 13446 1034
13 22 17553 1350
13 23 1264 97
13 24 1360 104
13 25 21268 1636
13 26 19789 1522
13 27 16515 1270
13 28 19704 1515
13 29 13481 1037
13 30 28309 2177
13 31 25965 1997
13 32 8442 649
13 33 10988 845
13 34 22731 1748
13 35 27799 2138
13 36 21169 1628
13 37 20601 1584
13 38 26954 2073
13 39 13028 1002
13 40 3195 245
13 41 3273 251
13 42 9998 769
13 43 3154 242
13 44 13864 1066
13 45 9654 742
13 46 10651 819
13 47 18429 1417
13 48 2872 220
13 49 26245 2018
14 0 807 62
14 1 4754 365
14 2 11558 889
14 3 13735 1056
14 4 13713 1054
14 5 3350 257
14 6 5072 390
14 7 10521 809
14 8 19068 1466
14 9 17865 1374
14 10 4238 326
14 11 526 40
14 12 14636 1125
14 13 27517 2116
14 14 0 0
14 15 23036 1772
14 16 27644 2126
14 17 7165 551
14 18 8891 683
14 19 27615 2124
14 20 10366 797
14 21 16577 1275
14 22 13480 1036
14 23 22878 1759
14 24 16518 1270
14 25 25767 1982
14 26 24216 1862
14 27 15437 1187
14 28 24869 1913
14 29 21092 1622
14 30 27005 2077
14 31 25438 1956
14 32 10377 798
14 33 8020 616
14 34 9614 739
14 35 23878 1836
14 36 22074 1698
14 37 15057 1158
14 38 7486 575
14 39 6468 497
14 40 20785 1598
14 41 16073 1236
14 42 23485 1806
14 43 5635 433
14 44 18968 1459
14 45 8613 662
14 46 3672 282
14 47 3629 279
14 48 10203 784
14 49 8745 672
15 0 3605 277
15 1 15156 1165
15 2 27842 2141
15 3 29490 2268
15 4 3061 235
15 5 8909 685
15 6 15981 1229
15 7 9405 723
15 8 11658 896
15 9 27575 2121
15 10 8068 620
15 11 27465 2112
15 12 4146 318
15 13 26195 2015
15 14 17430 1340
15 15 0 0
15 16 22836 1756
15 17 19170 1474
15 18 4105 315
15 19 23599 1815
15 20 21013 1616
15 21 7892 607
15 22 14831 1140
15 23 28881 2221
15 24 13066 1005
15 25 429 33
15 26 6180 475
15 27 8775 675
15 28 13697 1053
15 29 23415 1801
15 30 28586 2198
15 31 6486 498
15 32 3263 251
15 33 23246 1788
15 34 24657 1896
15 35 7265 558
15 36 5407 415
15 37 27833 2141
15 38 22824 1755
15 39 673 51
15 40 26451 2034
15 41 645 49
15 42 1772 136
15 43 10386 798
15 44 25181 1937
15 45 9934 764
15 46 25545 1965
15 47 11198 861
15 48 854 65
15 49 25122 1932
16 0 28713 2208
16 1 29181 2244
16 2 4718 362
16 3 17881 1375
16 4 4398 338
16 5 473 36
16 6 18002 1384
16 7 12396 953
16 8 7893 607
16 9 21528 1656
16 10 19872 1528
16 11 21824 1678
16 12 29459 2266
16 13 5127 394
16 14 15637 1202
16 15 17228 1325
16 16 0 0
16 17 14166 1089
16 18 26017 2001
16 19 19338 1487
16 20 23711 1823
16 21 6927 532
16 22 7229 556
16 23 14850 1142
16 24 983 75
16 25 20527 1579
16 26 16825 1294
16 27 21017 1616
16 28 19018 1462
16 29 13755 1058
16 30 20981 1613
16 31 11808 908
16 32 1700 130
16 33 2183 167
16 34 1200 92
16 35 7339 564
16 36 1498 115
16 37 13997 1076
16 38 24484 1883
16 39 990 76
16 40 20042 1541
16 41 7646 588
16 42 29172 2244
16 43 25522 1963
16 44 15445 1188
16 45 2296 176
16 46 24660 1896
16 47 1500 115
16 48 10669 820
16 49 2413 185
17 0 11601 892
17 1 29717 2285
17 2 2237 172
17 3 11663 897
17 4 13459 1035
17 5 29531 2271
17 6 23310 1793
17 7 21484 1652
17 8 14322 1101
17 9 9690 745
17 10 22915 1762
17 11 28763 2212
17 12 21450 1650
17 13 25327 1948
17 14 22225 1709
17 15 15126 1163
17 16 5321 409
17 17 0 0
17 18 19083 1467
17 19 3058 235
17 20 1824 140
17 21 26818 2062
17 22 28488 2191
17 23 3854 296
17 24 17941 1380
17 25 25788 1983
17 26 19797 1522
17 27 1294 99
17 28 27750 2134
17 29 15774 1213
17 30 20098 1546
17 31 150 11
17 32 25840 1987
17 33 2079 159
17 34 28948 2226
17 35 1703 131
17 36 19373 1490
17 37 23966 1843
17 38 20460 1573
17 39 18711 1439
17 40 15411 1185
17 41 21385 1645
17 42 2417 185
17 43 12135 933
17 44 26692 2053
17 45 6584 506
17 46 27557 2119
17 47 24924 1917
17 48 14400 1107
17 49 17016 1308
18 0 16432 1264
18 1 4138 318
18 2 25017 1924
18 3 19050 1465
18 4 25127 1932
18 5 2130 163
18 6 4749 365
18 7 25851 1988
18 8 29135 2241
18 9 16269 1251
18 10 20460 1573
18 11 3902 300
18 12 18843 1449
18 13 24312 1870
18 14 25063 1927
18 15 8134 625
18 16 8017 616
18 17 18324 1409
18 18 0 0
18 19 8759 673
18 20 22822 1755
18 21 12485 960
18 22 13187 1014
18 23 10921 840
18 24 2932 225
18 25 6310 485
18 26 7341 564
18 27 19056 1465
18 28 27246 2095
18 29 4745 365
18 30 16842 1295
18 31 19621 1509
18 32 9031 694
18 33 2746 211
18 34 1064 81
18 35 27306 2100
18 36 1588 122
18 37 11238 864
18 38 24346 1872
18 39 19761 1520
18 40 17490 1345
18 41 20422 1570
18 42 7971 613
18 43 11234 864
18 44 22609 1739
18 45 18151 1396
18 46 23432 1802
18 47 12848 988
18 48 14799 1138
18 49 12670 974
19 0 1982 152
19 1 21522 1655
19 2 29417 2262
19 3 17741 1364
19 4 4236 325
19 5 17127 1317
19 6 5749 442
19 7 29520 2270
19 8 25121 1932
19 9 23642 1818
19 10 24703 1900
19 11 6066 466
19 12 5219 401
19 13 12194 938
19 14 13817 1062
19 15 29235 2248
19 16 13830 1063
19 17 24064 1851
19 18 28449 2188
19 19 0 0
19 20 15888 1222
19 21 13795 1061
19 22 3668 282
19 23 20887 1606
19 24 16738 1287
19 25 3279 252
19 26 9695 745
19 27 644 49
19 28 15954 1227
19 29 15750 1211
19 30 6663 512
19 31 10055 773
19 32 1479 113
19 33 14735 1133
19 34 7161 550
19 35 8297 638
19 36 20160 1550
19 37 29664 2281
19 38 20790 1599
19 39 26010 2000
19 40 19246 1480
19 41 10052 773
19 42 14431 1110
19 43 10423 801
19 44 17230 1325
19 45 16430 1263
19 46 7100 546
19 47 11826 909
19 48 12692 976
19 49 18406 1415
20 0 3522 270
20 1 24924 1917
20 2 11821 909
20 3 19981 1537
20 4 14028 1079
20 5 6456 496
20 6 5871 451
20 7 12486 960
20 8 7149 549
20 9 26051 2003
20 10 551 42
20 11 3810 293
20 12 9581 737
20 13 22225 1709
20 14 7962 612
20 15 16004 1231
20 16 15708 1208
20 17 1909 146
20 18 17616 1355
20 19 22285 1714
20 20 0 0
20 21 13723 1055
20 22 27218 2093
20 23 2090 160
20 24 1005 77
20 25 22422 1724
20 26 24615 1893
20 27 18036 1387
20 28 16850 1296
20 29 21012 1616
20 30 22493 1730
20 31 6679 513
20 32 10254 788
20 33 13947 1072
20 34 16611 1277
20 35 2907 223
20 36 18852 1450
20 37 2249 173
20 38 29828 2294
20 39 5450 419
20 40 11581 890
20 41 2018 155
20 42 11175 859
20 43 26590 2045
20 44 14980 1152
20 45 12203 938
20 46 1274 98
20 47 264 20
20 48 15916 1224
20 49 27546 2118
21 0 14111 1085
21 1 25140 1933
21 2 22924 1763
21 3 28819 2216
21 4 28711 2208
21 5 25127 1932
21 6 21053 1619
21 7 29563 2274
21 8 25854 1988
21 9 15143 1164
21 10 7279 559
21 11 24970 1920
21 12 1814 139
21 13 10570 813
21 14 27330 2102
21 15 20293 1561
21 16 28662 2204
21 17 26932 2071
21 18 5810 446
21 19 17244 1326
21 20 3048 234
21 21 0 0
21 22 7486 575
21 23 9223 709
21 24 28389 2183
21 25 14061 1081
21 26 25996 1999
21 27 939 72
21 28 3573 274
21 29 4164 320
21 30 291 22
21 31 1168 89
21 32 640 49
21 33 17773 1367
21 34 25389 1953
21 35 28409 2185
21 36 1274 98
21 37 11513 885
21 38 22476 1728
21 39 3129 240
21 40 10253 788
21 41 7621 586
21 42 7262 558
21 43 8129 625
21 44 6353 488
21 45 8834 679
21 46 25593 1968
21 47 11646 895
21 48 8800 676
21 49 12514 962
22 0 13682 1052
22 1 2750 211
22 2 18143 1395
22 3 4905 377
22 4 740 56
22 5 29856 2296
22 6 12926 994
22 7 13175 1013
22 8 11402 877
22 9 7178 552
22 10 24810 1908
22 11 19724 1517
22 12 12207 939
22 13 16844 1295
22 14 12446 957
22 15 26349 2026
22 16 14823 1140
22 17 19569 1505
22 18 11001 846
22 19 5785 445
22 20 27039 2079
22 21 5431 417
22 22 0 0
22 23 10654 819
22 24 9571 736
22 25 20349 1565
22 26 10987 845
22 27 24721 1901
22 28 21149 1626
22 29 6392 491
22 30 16082 1237
22 31 14527 1117
22 32 3104 238
22 33 18532 1425
22 34 17980 1383
22 35 20266 1558
22 36 19341 1487
22 37 1702 130
22 38 8313 639
22 39 29938 2302
22 40 28089 2160
22 41 4783 367
22 42 7630 586
22 43 7345 565
22 44 4821 370
22 45 10926 840
22 46 11404 877
22 47 8022 617
22 48 7732 594
22 49 13106 1008
23 0 28161 2166
23 1 16368 1259
23 2 4718 362
23 3 8601 661
23 4 3921 301
23 5 21132 1625
23 6 15567 1197
23 7 844 64
23 8 6200 476
23 9 201 15
23 10 20028 1540
23 11 25533 1964
23 12 11493 884
23 13 14909 1146
23 14 12141 933
23 15 8543 657
23 16 8026 617
23 17 24825 1909
23 18 21419 1647
23 19 11441 880
23 20 6248 480
23 21 11721 901
23 22 23810 1831
23 23 0 0
23 24 19964 1535
23 25 6357 489
23 26 7402 569
23 27 1178 90
23 28 18613 1431
23 29 26137 2010
23 30 17634 1356
23 31 7770 597
23 32 2947 226
23 33 13264 1020
23 34 14600 1123
23 35 11789 906
23 36 11442 880
23 37 14933 1148
23 38 3816 293
23 39 21735 1671
23 40 9333 717
23 41 7628 586
23 42 4894 376
23 43 16123 1240
23 44 25877 1990
23 45 17619 1355
23 46 29918 2301
23 47 4447 342
23 48 2507 192
23 49 1731 133
24 0 29989 2306
24 1 21186 1629
24 2 3662 281
24 3 19976 1536
24 4 26319 2024
24 5 16401 1261
24 6 14155 1088
24 7 6800 523
24 8 29133 2241
24 9 21873 1682
24 10 20169 1551
24 11 14368 1105
24 12 9291 714
24 13 15494 1191
24 14 22632 1740
24 15 3432 264
24 16 3294 253
24 17 27972 2151
24 18 20827 1602
24 19 7151 550
24 20 28953 2227
24 21 10633 817
24 22 2211 170
24 23 28121 2163
24 24 0 0
24 25 871 67
24 26 29702 2284
24 27 27685 2129
24 28 27741 2133
24 29 4538 349
24 30 29398 2261
24 31 13500 1038
24 32 21210 1631
24 33 12066 928
24 34 28178 2167
24 35 4476 344
24 36 27975 2151
24 37 13332 1025
24 38 5106 392
24 39 6132 471
24 40 927 71
24 41 13789 1060
24 42 28140 2164
24 43 10326 794
24 44 29291 2253
24 45 4743 364
24 46 3272 251
24 47 24352 1873
24 48 29655 2281
24 49 23524 1809
25 0 23506 1808
25 1 6438 495
25 2 20940 1610
25 3 17068 1312
25 4 9714 747
25 5 15754 1211
25 6 6624 509
25 7 8969 689
25 8 20367 1566
25 9 21488 1652
25 10 17895 1376
25 11 25276 1944
25 12 15560 1196
25 13 8385 645
25 14 18542 1426
25 15 17263 1327
25 16 26529 2040
25 17 24712 1900
25 18 23826 1832
25 19 26572 2044
25 20 16122 1240
25 21 22795 1753
25 22 28903 2223
25 23 11986 922
25 24 5003 384
25 25 0 0
25 26 28615 2201
25 27 27068 2082
25 28 4112 316
25 29 18179 1398
25 30 29813 2293
25 31 17162 1320
25 32 17234 1325
25 33 6213 477
25 34 19633 1510
25 35 20333 1564
25 36 6143 472
25 37 15011 1154
25 38 21043 1618
25 39 25665 1974
25 40 16665 1281
25 41 10369 797
25 42 26124 2009
25 43 21183 1629
25 44 18496 1422
25 45 24735 1902
25 46 29695 2284
25 47 20618 1586
25 48 27404 2108
25 49 8907 685
26 0 13317 1024
26 1 23052 1773
26 2 13061 1004
26 3 21262 1635
26 4 21610 1662
26 5 9798 753
26 6 21547 1657
26 7 6087 468
26 8 25004 1923
26 9 25697 1976
26 10 20259 1558
26 11 14072 1082
26 12 1839 141
26 13 27824 2140
26 14 1520 116
26 15 12626 971
26 16 24398 1876
26 17 17185 1321
26 18 17217 1324
26 19 24968 1920
26 20 13942 1072
26 21 17338 1333
26 22 17620 1355
26 23 7999 615
26 24 3041 233
26 25 17856 1373
26 26 0 0
26 27 8449 649
26 28 5613 431
26 29 29562 2274
26 30 3163 243
26 31 14765 1135
26 32 2044 157
26 33 14727 1132
26 34 14415 1108
26 35 23624 1817
26 36 17527 1348
26 37 21596 1661
26 38 11347 872
26 39 10880 836
26 40 20418 1570
26 41 19331 1487
26 42 16037 1233
26 43 15203 1169
26 44 10582 814
26 45 14978 1152
26 46 9955 765
26 47 10632 817
26 48 20558 1581
26 49 17606 1354
27 0 23688 1822
27 1 16209 1246
27 2 15672 1205
27 3 11252 865
27 4 27785 2137
27 5 14935 1148
27 6 6849 526
27 7 2250 173
27 8 19035 1464
27 9 8533 656
27 10 21980 1690
27 11 29237 2249
27 12 29816 2293
27 13 25132 1933
27 14 20404 1569
27 15 27391 2107
27 16 12119 932
27 17 16388 1260
27 18 12829 986
27 19 16121 1240
27 20 22405 1723
27 21 7666 589
27 22 27894 2145
27 23 21395 1645
27 24 21185 1629
27 25 29619 2278
27 26 25964 1997
27 27 0 0
27 28 22107 1700
27 29 920 70
27 30 8081 621
27 31 25464 1958
27 32 18531 1425
27 33 17443 1341
27 34 18232 1402
27 35 25782 1983
27 36 5584 429
27 37 12736 979
27 38 29463 2266
27 39 25643 1972
27 40 12514 962
27 41 9170 705
27 42 7806 600
27 43 25895 1991
27 44 16997 1307
27 45 14793 1137
27 46 29387 2260
27 47 18099 1392
27 48 21719 1670
27 49 5069 389
28 0 10121 778
28 1 4426 340
28 2 23475 1805
28 3 18476 1421
28 4 17045 1311
28 5 27766 2135
28 6 27238 2095
28 7 28562 2197
28 8 17784 1368
28 9 26163 2012
28 10 21525 1655
28 11 18038 1387
28 12 24378 1875
28 13 20559 1581
28 14 3055 235
28 15 18682 1437
28 16 5863 451
28 17 9799 753
28 18 21716 1670
28 19 17154 1319
28 20 24378 1875
28 21 2377 182
28 22 2552 196
28 23 16210 1246
28 24 10840 833
28 25 25688 1976
28 26 11981 921
28 27 27602 2123
28 28 0 0
28 29 8090 622
28 30 27038 2079
28 31 4185 321
28 32 16672 1282
28 33 26431 2033
28 34 6961 535
28 35 5141 395
28 36 10911 839
28 37 23721 1824
28 38 29009 2231
28 39 19819 1524
28 40 27045 2080
28 41 12897 992
28 42 16041 1233
28 43 20983 1614
28 44 11397 876
28 45 19224 1478
28 46 23219 1786
28 47 19126 1471
28 48 862 66
28 49 22327 1717
29 0 11781 906
29 1 3910 300
29 2 8644 664
29 3 20352 1565
29 4 21130 1625
29 5 18016 1385
29 6 12549 965
29 7 16315 1255
29 8 19785 1521
29 9 8448 649
29 10 13547 1042
29 11 4357 335
29 12 23906 1838
29 13 10073 774
29 14 21334 1641
29 15 1358 104
29 16 2627 202
29 17 25821 1986
29 18 29312 2254
29 19 23527 1809
29 20 5395 415
29 21 10309 793
29 22 12088 929
29 23 29792 2291
29 24 1101 84
29 25 27375 2105
29 26 5316 408
29 27 121 9
29 28 11701 900
29 29 0 0
29 30 20835 1602
29 31 25240 1941
29 32 4469 343
29 33 16732 1287
29 34 10480 806
29 35 15322 1178
29 36 1921 147
29 37 25147 1934
29 38 24026 1848
29 39 16810 1293
29 40 3654 281
29 41 21631 1663
29 42 29160 2243
29 43 25977 1998
29 44 26425 2032
29 45 23460 1804
29 46 13329 1025
29 47 27078 2082
29 48 22331 1717
29 49 23806 1831
30 0 27514 2116
30 1 29836 2295
30 2 22119 1701
30 3 3252 250
30 4 14582 1121
30 5 5900 453
30 6 13212 1016
30 7 7308 562
30 8 10544 811
30 9 17285 1329
30 10 25090 1930
30 11 5415 416
30 12 22741 1749
30 13 11781 906
30 14 14552 1119
30 15 26751 2057
30 16 19823 1524
30 17 17126 1317
30 18 8713 670
30 19 11814 908
30 20 17469 1343
30 21 17603 1354
30 22 7740 595
30 23 16277 1252
30 24 27723 2132
30 25 16555 1273
30 26 445 34
30 27 21168 1628
30 28 27135 2087
30 29 19702 1515
30 30 0 0
30 31 1177 90
30 32 26650 2050
30 33 10981 844
30 34 27409 2108
30 35 28539 2195
30 36 14264 1097
30 37 27561 2120
30 38 4586 352
30 39 13344 1026
30 40 15355 1181
30 41 1905 146
30 42 25430 1956
30 43 11349 873
30 44 10620 816
30 45 20241 1557
30 46 19947 1534
30 47 25451 1957
30 48 8832 679
30 49 19578 1506
31 0 5505 423
31 1 16997 1307
31 2 18411 1416
31 3 29789 2291
31 4 3825 294
31 5 10941 841
31 6 19916 1532
31 7 22362 1720
31 8 20112 1547
31 9 1423 109
31 10 19032 1464
31 11 18580 1429
31 12 15962 1227
31 13 22280 1713
31 14 16290 1253
31 15 29022 2232
31 16 2120 163
31 17 16538 1272
31 18 17094 1314
31 19 17567 1351
31 20 11617 893
31 21 19021 1463
31 22 27406 2108
31 23 14445 1111
31 24 5563 427
31 25 9231 710
31 26 27323 2101
31 27 11731 902
31 28 9967 766
31 29 10954 842
31 30 3258 250
31 31 0 0
31 32 519 39
31 33 19332 1487
31 34 8474 651
31 35 27765 2135
31 36 6640 510
31 37 15653 1204
31 38 26006 2000
31 39 474 36
31 40 16394 1261
31 41 24989 1922
31 42 16930 1302
31 43 17692 1360
31 44 25979 1998
31 45 8585 660
31 46 2439 187
31 47 21598 1661
31 48 26248 2019
31 49 18941 1457
32 0 12222 940
32 1 24817 1909
32 2 13715 1055
32 3 8664 666
32 4 11475 882
32 5 23170 1782
32 6 5067 389
32 7 2686 206
32 8 24910 1916
32 9 22101 1700
32 10 24055 1850
32 11 11580 890
32 12 4246 326
32 13 2598 199
32 14 2465 189
32 15 19613 1508
32 16 16389 1260
32 17 7493 576
32 18 7792 599
32 19 20406 1569
32 20 9511 731
32 21 3962 304
32 22 24256 1865
32 23 22073 1697
32 24 25883 1991
32 25 20538 1579
32 26 14864 1143
32 27 17861 1373
32 28 17547 1349
32 29 29110 2239
32 30 21000 1615
32 31 17834 1371
32 32 0 0
32 33 22489 1729
32 34 23727 1825
32 35 5115 393
32 36 26477 2036
32 37 17327 1332
32 38 8320 640
32 39 19799 1523
32 40 29981 2306
32 41 21901 1684
32 42 2191 168
32 43 26683 2052
32 44 1947 149
32 45 28290 2176
32 46 23931 1840
32 47 8046 618
32 48 24234 1864
32 49 7458 573
33 0 23571 1813
33 1 14416 1108
33 2 28322 2178
33 3 6713 516
33 4 23613 1816
33 5 12134 933
33 6 29077 2236
33 7 9423 724
33 8 14506 1115
33 9 1292 99
33 10 6834 525
33 11 26392 2030
33 12 4185 321
33 13 12861 989
33 14 11851 911
33 15 14835 1141
33 16 12337 949
33 17 21917 1685
33 18 21592 1660
33 19 11863 912
33 20 28220 2170
33 21 24235 1864
33 22 4527 348
33 23 25957 1996
33 24 27071 2082
33 25 6559 504
33 26 2215 170
33 27 10490 806
33 28 29106 2238
33 29 28433 2187
33 30 10240 787
33 31 19961 1535
33 32 5590 430
33 33 0 0
33 34 21019 1616
33 35 3602 277
33 36 5270 405
33 37 22435 1725
33 38 13705 1054
33 39 25858 1989
33 40 25372 1951
33 41 14156 1088
33 42 4959 381
33 43 1422 109
33 44 18847 1449
33 45 15463 1189
33 46 26345 2026
33 47 9055 696
33 48 7697 592
33 49 13212 1016
34 0 19385 1491
34 1 1615 124
34 2 9800 753
34 3 6340 487
34 4 28327 2179
34 5 18519 1424
34 6 8049 619
34 7 22647 1742
34 8 28237 2172
34 9 25510 1962
34 10 22266 1712
34 11 26950 2073
34 12 1612 124
34 13 16018 1232
34 14 1661 127
34 15 4856 373
34 16 299 23
34 17 8832 679
34 18 10633 817
34 19 8281 637
34 20 15957 1227
34 21 7791 599
34 22 9952 765
34 23 26972 2074
34 24 13688 1052
34 25 10681 821
34 26 26184 2014
34 27 9649 742
34 28 17397 1338
34 29 7046 542
34 30 8384 644
34 31 13670 1051
34 32 29515 2270
34 33 28049 2157
34 34 0 0
34 35 21428 1648
34 36 29099 2238
34 37 22561 1735
34 38 16268 1251
34 39 3646 280
34 40 17467 1343
34 41 602 46
34 42 2806 215
34 43 21691 1668
34 44 25294 1945
34 45 5519 424
34 46 9282 714
34 47 26471 2036
34 48 18111 1393
34 49 1344 103
35 0 11998 922
35 1 9591 737
35 2 10384 798
35 3 17114 1316
35 4 15179 1167
35 5 13077 1005
35 6 4296 330
35 7 22319 1716
35 8 9228 709
35 9 19154 1473
35 10 19918 1532
35 11 6431 494
35 12 24584 1891
35 13 17769 1366
35 14 15661 1204
35 15 15890 1222
35 16 16194 1245
35 17 20956 1612
35 18 12701 977
35 19 5191 399
35 20 792 60
35 21 21331 1640
35 22 7655 588
35 23 4559 350
35 24 2264 174
35 25 23062 1774
35 26 20677 1590
35 27 18890 1453
35 28 25196 1938
35 29 4791 368
35 30 18729 1440
35 31 13667 1051
35 32 27446 2111
35 33 29367 2259
35 34 28135 2164
35 35 0 0
35 36 2662 204
35 37 14029 1079
35 38 17719 1363
35 39 25976 1998
35 40 20730 1594
35 41 18900 1453
35 42 28509 2193
35 43 15847 1219
35 44 9210 708
35 45 16996 1307
35 46 12207 939
35 47 27548 2119
35 48 12782 983
35 49 19546 1503
36 0 1351 103
36 1 21443 1649
36 2 24866 1912
36 3 29662 2281
36 4 27269 2097
36 5 22202 1707
36 6 1809 139
36 7 27683 2129
36 8 26522 2040
36 9 4701 361
36 10 20525 1578
36 11 10679 821
36 12 3982 306
36 13 14126 1086
36 14 1468 112
36 15 17133 1317
36 16 15179 1167
36 17 12101 930
36 18 19916 1532
36 19 25170 1936
36 20 5322 409
36 21 17890 1376
36 22 26511 2039
36 23 27766 2135
36 24 23850 1834
36 25 7690 591
36 26 20580 1583
36 27 4727 363
36 28 3836 295
36 29 13180 1013
36 30 6030 463
36 31 16688 1283
36 32 23168 1782
36 33 26229 2017
36 34 12246 942
36 35 20963 1612
36 36 0 0
36 37 21272 1636
36 38 10794 830
36 39 11942 918
36 40 8018 616
36 41 25205 1938
36 42 25207 1939
36 43 22642 1741
36 44 28275 2175
36 45 11575 890
36 46 10291 791
36 47 29428 2263
36 48 1376 105
36 49 19539 1503
37 0 10331 794
37 1 5930 456
37 2 6441 495
37 3 6124 471
37 4 29824 2294
37 5 10002 769
37 6 18297 1407
37 7 9919 763
37 8 3892 299
37 9 20508 1577
37 10 12983 998
37 11 28085 2160
37 12 5632 433
37 13 8161 627
37 14 10956 842
37 15 10026 771
37 16 4546 349
37 17 8649 665
37 18 16684 1283
37 19 15653 1204
37 20 24588 1891
37 21 29144 2241
37 22 24514 1885
37 23 15858 1219
37 24 7290 560
37 25 3492 268
37 26 20281 1560
37 27 8507 654
37 28 11508 885
37 29 23944 1841
37 30 25096 1930
37 31 14058 1081
37 32 13693 1053
37 33 7570 582
37 34 11526 886
37 35 26517 2039
37 36 249 19
37 37 0 0
37 38 1293 99
37 39 10894 838
37 40 7270 559
37 41 2591 199
37 42 28793 2214
37 43 26663 2051
37 44 15522 1194
37 45 29962 2304
37 46 26645 2049
37 47 14991 1153
37 48 24184 1860
37 49 28208 2169
38 0 26513 2039
38 1 20276 1559
38 2 21046 1618
38 3 20132 1548
38 4 21626 1663
38 5 24764 1904
38 6 22251 1711
38 7 5777 444
38 8 9611 739
38 9 19186 1475
38 10 18505 1423
38 11 2114 162
38 12 16759 1289
38 13 19580 1506
38 14 2409 185
38 15 29608 2277
38 16 29715 2285
38 17 11204 861
38 18 2685 206
38 19 20924 1609
38 20 26422 2032
38 21 22458 1727
38 22 26197 2015
38 23 10092 776
38 24 2644 203
38 25 11385 875
38 26 13936 1072
38 27 15562 1197
38 28 22604 1738
38 29 20355 1565
38 30 10292 791
38 31 3689 283
38 32 5332 410
38 33 23448 1803
38 34 11542 887
38 35 1071 82
38 36 24151 1857
38 37 13483 1037
38 38 0 0
38 39 22474 1728
38 40 6443 495
38 41 20631 1587
38 42 18532 1425
38 43 20348 1565
38 44 11038 849
38 45 28631 2202
38 46 25576 1967
38 47 10893 837
38 48 9129 702
38 49 4474 344
39 0 18567 1428
39 1 5966 458
39 2 15005 1154
39 3 29059 2235
39 4 17797 1369
39 5 19235 1479
39 6 1062 81
39 7 17412 1339
39 8 25590 1968
39 9 22486 1729
39 10 22530 1733
39 11 21286 1637
39 12 13473 1036
39 13 12285 945
39 14 5179 398
39 15 20184 1552
39 16 5116 393
39 17 4078 313
39 18 4941 380
39 19 26312 2024
39 20 26280 2021
39 21 12967 997
39 22 17386 1337
39 23 2941 226
39 24 661 50
39 25 19021 1463
39 26 12711 977
39 27 5650 434
39 28 20185 1552
39 29 24840 1910
39 30 23184 1783
39 31 18430 1417
39 32 17405 1338
39 33 10520 809
39 34 25442 1957
39 35 10885 837
39 36 11393 876
39 37 7081 544
39 38 6947 534
39 39 0 0
39 40 7752 596
39 41 8839 679
39 42 23869 1836
39 43 1456 112
39 44 15518 1193
39 45 9773 751
39 46 16425 1263
39 47 20629 1586
39 48 4217 324
39 49 11167 859
40 0 7420 570
40 1 18471 1420
40 2 17966 1382
40 3 17701 1361
40 4 1120 86
40 5 13605 1046
40 6 24998 1922
40 7 29672 2282
40 8 6542 503
40 9 24853 1911
40 10 11358 873
40 11 4673 359
40 12 17229 1325
40 13 16120 1240
40 14 3274 251
40 15 292 22
40 16 11754 904
40 17 7645 588
40 18 8956 688
40 19 23671 1820
40 20 13723 1055
40 21 6409 493
40 22 8078 621
40 23 29241 2249
40 24 11748 903
40 25 23761 1827
40 26 4623 355
40 27 4121 317
40 28 688 52
40 29 2505 192
40 30 825 63
40 31 11974 921
40 32 28636 2202
40 33 29618 2278
40 34 697 53
40 35 2391 183
40 36 12475 959
40 37 23448 1803
40 38 14087 1083
40 39 7206 554
40 40 0 0
40 41 7692 591
40 42 11573 890
40 43 918 70
40 44 24453 1881
40 45 8957 689
40 46 29106 2238
40 47 17375 1336
40 48 19779 1521
40 49 27327 2102
41 0 9356 719
41 1 19286 1483
41 2 2471 190
41 3 9896 761
41 4 24297 1869
41 5 16395 1261
41 6 27044 2080
41 7 9966 766
41 8 21761 1673
41 9 4276 328
41 10 19058 1466
41 11 28170 2166
41 12 24423 1878
41 13 15002 1154
41 14 28784 2214
41 15 23193 1784
41 16 12859 989
41 17 26415 2031
41 18 15621 1201
41 19 21901 1684
41 20 22905 1761
41 21 17720 1363
41 22 9050 696
41 23 11428 879
41 24 28099 2161
41 25 20633 1587
41 26 2791 214
41 27 8265 635
41 28 16640 1280
41 29 20051 1542
41 30 278 21
41 31 22361 1720
41 32 16662 1281
41 33 29763 2289
41 34 20594 1584
41 35 2016 155
41 36 15741 1210
41 37 17084 1314
41 38 7497 576
41 39 14035 1079
41 40 25247 1942
41 41 0 0
41 42 18820 1447
41 43 8110 623
41 44 1483 114
41 45 9006 692
41 46 9214 708
41 47 6621 509
41 48 27222 2094
41 49 21833 1679
42 0 25473 1959
42 1 29814 2293
42 2 2219 170
42 3 5645 434
42 4 593 45
42 5 21036 1618
42 6 14742 1134
42 7 2363 181
42 8 20448 1572
42 9 25312 1947
42 10 3715 285
42 11 8220 632
42 12 18116 1393
42 13 25655 1973
42 14 18010 1385
42 15 14869 1143
42 16 18227 1402
42 17 20790 1599
42 18 22057 1696
42 19 20595 1584
42 20 674 51
42 21 4756 365
42 22 4608 354
42 23 16438 1264
42 24 21258 1635
42 25 8337 641
42 26 7378 567
42 27 12053 927
42 28 25026 1925
42 29 3103 238
42 30 25840 1987
42 31 23728 1825
42 32 27542 2118
42 33 26123 2009
42 34 10050 773
42 35 17930 1379
42 36 8362 643
42 37 8431 648
42 38 27167 2089
42 39 28552 2196
42 40 20678 1590
42 41 16178 1244
42 42 0 0
42 43 12044 926
42 44 14712 1131
42 45 28511 2193
42 46 24770 1905
42 47 20521 1578
42 48 28028 2156
42 49 13695 1053
43 0 890 68
43 1 16393 1261
43 2 2980 229
43 3 29751 2288
43 4 14256 1096
43 5 12993 999
43 6 2265 174
43 7 6564 504
43 8 11309 869
43 9 26601 2046
43 10 23454 1804
43 11 21332 1640
43 12 22003 1692
43 13 14071 1082
43 14 24611 1893
43 15 21711 1670
43 16 22263 1712
43 17 19613 1508
43 18 19420 1493
43 19 2513 193
43 20 14103 1084
43 21 6867 528
43 22 4071 313
43 23 2961 227
43 24 12253 942
43 25 15538 1195
43 26 10227 786
43 27 18383 1414
43 28 10262 789
43 29 27384 2106
43 30 11502 884
43 31 26559 2043
43 32 11749 903
43 33 28525 2194
43 34 15399 1184
43 35 28409 2185
43 36 8553 657
43 37 794 61
43 38 27574 2121
43 39 19965 1535
43 40 12031 925
43 41 12286 945
43 42 1901 146
43 43 0 0
43 44 11377 875
43 45 5483 421
43 46 26224 2017
43 47 24543 1887
43 48 25458 1958
43 49 27876 2144
44 0 20664 1589
44 1 18439 1418
44 2 18468 1420
44 3 6463 497
44 4 13197 1015
44 5 6480 498
44 6 14098 1084
44 7 26494 2038
44 8 2343 180
44 9 9794 753
44 10 5862 450
44 11 28097 2161
44 12 12195 938
44 13 867 66
44 14 21645 1665
44 15 15836 1218
44 16 18626 1432
44 17 24018 1847
44 18 2800 215
44 19 7071 543
44 20 21293 1637
44 21 17516 1347
44 22 7268 559
44 23 8059 619
44 24 9645 741
44 25 13881 1067
44 26 21764 1674
44 27 2408 185
44 28 2614 201
44 29 26597 2045
44 30 581 44
44 31 4490 345
44 32 5038 387
44 33 8938 687
44 34 5011 385
44 35 1674 128
44 36 11187 860
44 37 16789 1291
44 38 19138 1472
44 39 15222 1170
44 40 17287 1329
44 41 19853 1527
44 42 17466 1343
44 43 17002 1307
44 44 0 0
44 45 10962 843
44 46 888 68
44 47 19212 1477
44 48 5117 393
44 49 2293 176
45 0 15085 1160
45 1 26189 2014
45 2 19307 1485
45 3 27674 2128
45 4 7768 597
45 5 18997 1461
45 6 10845 834
45 7 12606 969
45 8 13575 1044
45 9 152 11
45 10 12028 925
45 11 8544 657
45 12 17021 1309
45 13 24729 1902
45 14 8186 629
45 15 106 8
45 16 14020 1078
45 17 2097 161
45 18 22769 1751
45 19 23512 1808
45 20 27511 2116
45 21 17134 1318
45 22 16900 1300
45 23 27277 2098
45 24 13512 1039
45 25 6340 487
45 26 23478 1806
45 27 5550 426
45 28 13591 1045
45 29 22071 1697
45 30 202 15
45 31 8429 648
45 32 20775 1598
45 33 12868 989
45 34 23639 1818
45 35 22217 1709
45 36 19417 1493
45 37 10593 814
45 38 27212 2093
45 39 26385 2029
45 40 21765 1674
45 41 16454 1265
45 42 8112 624
45 43 5736 441
45 44 3522 270
45 45 0 0
45 46 25861 1989
45 47 26720 2055
45 48 12793 984
45 49 10394 799
46 0 12130 933
46 1 8281 637
46 2 20002 1538
46 3 9652 742
46 4 14347 1103
46 5 19931 1533
46 6 1719 132
46 7 11160 858
46 8 17968 1382
46 9 10820 832
46 10 8964 689
46 11 3194 245
46 12 1282 98
46 13 28273 2174
46 14 13065 1005
46 15 14984 1152
46 16 12235 941
46 17 5703 438
46 18 26615 2047
46 19 22368 1720
46 20 16157 1242
46 21 13800 1061
46 22 16727 1286
46 23 10199 784
46 24 26524 2040
46 25 23872 1836
46 26 1588 122
46 27 3169 243
46 28 25809 1985
46 29 15007 1154
46 30 2846 218
46 31 24432 1879
46 32 10534 810
46 33 15649 1203
46 34 15517 1193
46 35 4373 336
46 36 28258 2173
46 37 3354 258
46 38 5355 411
46 39 9637 741
46 40 13371 1028
46 41 29077 2236
46 42 2892 222
46 43 21051 1619
46 44 16485 1268
46 45 20915 1608
46 46 0 0
46 47 26204 2015
46 48 7936 610
46 49 10987 845
47 0 8346 642
47 1 18476 1421
47 2 13892 1068
47 3 13661 1050
47 4 253 19
47 5 25037 1925
47 6 6607 508
47 7 20508 1577
47 8 19226 1478
47 9 21960 1689
47 10 20286 1560
47 11 28586 2198
47 12 8768 674
47 13 4802 369
47 14 25853 1988
47 15 8365 643
47 16 9342 718
47 17 17703 1361
47 18 25752 1980
47 19 25447 1957
47 20 8324 640
47 21 9332 717
47 22 787 60
47 23 9363 720
47 24 26445 2034
47 25 8530 656
47 26 10721 824
47 27 9675 744
47 28 6148 472
47 29 11277 867
47 30 21829 1679
47 31 8609 662
47 32 6816 524
47 33 18318 1409
47 34 25932 1994
47 35 11037 849
47 36 2706 208
47 37 25308 1946
47 38 28543 2195
47 39 16571 1274
47 40 3343 257
47 41 2434 187
47 42 26057 2004
47 43 20490 1576
47 44 21837 1679
47 45 9224 709
47 46 25316 1947
47 47 0 0
47 48 28373 2182
47 49 29422 2263
48 0 9576 736
48 1 11670 897
48 2 25725 1978
48 3 21631 1663
48 4 6762 520
48 5 17495 1345
48 6 24825 1909
48 7 17796 1368
48 8 11901 915
48 9 10829 833
48 10 2846 218
48 11 7151 550
48 12 2573 197
48 13 10941 841
48 14 18712 1439
48 15 25930 1994
48 16 5241 403
48 17 21991 1691
48 18 3355 258
48 19 11062 850
48 20 15726 1209
48 21 15254 1173
48 22 10006 769
48 23 22642 1741
48 24 2029 156
48 25 928 71
48 26 1240 95
48 27 10726 825
48 28 18008 1385
48 29 17283 1329
48 30 407 31
48 31 25505 1961
48 32 6750 519
48 33 25222 1940
48 34 15289 1176
48 35 29633 2279
48 36 13770 1059
48 37 1833 141
48 38 15446 1188
48 39 22727 1748
48 40 27910 2146
48 41 20648 1588
48 42 17537 1349
48 43 6120 470
48 44 11605 892
48 45 21873 1682
48 46 14969 1151
48 47 2705 208
48 48 0 0
48 49 1177 90
49 0 27013 2077
49 1 18409 1416
49 2 19088 1468
49 3 13697 1053
49 4 20255 1558
49 5 1509 116
49 6 14207 1092
49 7 6346 488
49 8 24981 1921
49 9 22036 1695
49 10 3819 293
49 11 3419 263
49 12 5589 429
49 13 687 52
49 14 502 38
49 15 457 35
49 16 5168 397
49 17 18060 1389
49 18 27534 2118
49 19 26996 2076
49 20 18030 1386
49 21 28639 2203
49 22 20796 1599
49 23 15020 1155
49 24 26422 2032
49 25 20844 1603
49 26 22872 1759
49 27 12107 931
49 28 16294 1253
49 29 12613 970
49 30 15973 1228
49 31 9157 704
49 32 11782 906
49 33 13771 1059
49 34 23378 1798
49 35 10772 828
49 36 11607 892
49 37 10385 798
49 38 20666 1589
49 39 10102 777
49 40 26378 2029
49 41 1332 102
49 42 20298 1561
49 43 4183 321
49 44 8444 649
49 45 10381 798
49 46 2698 207
49 47 28150 2165
49 48 3118 239
49 49 0 0
