75
876 9620
789 7831
972 9705
946 7243
893 5445
869 6330
818 6535
628 8601
806 6234
1193 8505
991 7493
1123 5938
1011 9792
769 5731
685 7822
747 6179
1176 6815
1170 6451
1118 6630
1006 5577
959 8943
1134 7506
666 5949
783 9607
898 8513
695 6091
652 8677
1097 7225
844 8133
1003 6151
672 8217
799 8670
618 5433
895 5505
689 8223
955 7621
674 7491
1146 5681
724 7968
777 6175
879 5292
622 9059
813 5422
677 5434
885 5594
1176 6125
868 5484
640 8649
768 6155
1089 9453
961 8731
981 8678
869 8504
1094 8738
715 5704
775 6018
826 9701
844 5657
691 8177
1103 5510
888 8309
1167 8193
1174 8295
811 7351
997 6833
849 9377
703 7166
915 8418
1177 8814
650 8533
799 5137
891 7089
630 5805
1048 5549
1119 7820
0 0 0 0
0 1 13143 1011
0 2 29288 2252
0 3 19228 1479
0 4 25407 1954
0 5 19871 1528
0 6 9127 702
0 7 15422 1186
0 8 1267 97
0 9 3749 288
0 10 13422 1032
0 11 27650 2126
0 12 18966 1458
0 13 24360 1873
0 14 13418 1032
0 15 26144 2011
0 16 1472 113
0 17 19421 1493
0 18 9764 751
0 19 12664 974
0 20 3583 275
0 21 26971 2074
0 22 27765 2135
0 23 23342 1795
0 24 28649 2203
0 25 27782 2137
0 26 14657 1127
0 27 29361 2258
0 28 1421 109
0 29 1020 78
0 30 3492 268
0 31 11197 861
0 32 21964 1689
0 33 24909 1916
0 34 2981 229
0 35 27298 2099
0 36 27438 2110
0 37 2866 220
0 38 3081 237
0 39 26194 2014
0 40 19709 1516
0 41 19531 1502
0 42 20396 1568
0 43 4305 331
0 44 10348 796
0 45 18053 1388
0 46 11973 921
0 47 28415 2185
0 48 21822 1678
0 49 11450 880
0 50 5196 399
0 51 14526 1117
0 52 18490 1422
0 53 7244 557
0 54 21594 1661
0 55 28634 2202
0 56 18383 1414
0 57 28073 2159
0 58 5740 441
0 59 7539 579
0 60 6873 528
0 61 23009 1769
0 62 461 35
0 63 24450 1880
0 64 28635 2202
0 65 8688 668
0 66 21401 1646
0 67 26747 2057
0 68 4316 332
0 69 1858 142
0 70 3489 268
0 71 16046 1234
0 72 26894 2068
0 73 24822 1909
0 74 16084 1237
1 0 24853 1911
1 1 0 0
1 2 29740 2287
1 3 4708 362
1 4 19197 1476
1 5 17084 1314
1 6 24106 1854
1 7 13044 1003
1 8 1958 150
1 9 24782 1906
1 10 9296 715
1 11 11039 849
1 12 13642 1049
1 13 27348 2103
1 14 28309 2177
1 15 23807 1831
1 16 28409 2185
1 17 26928 2071
1 18 27580 2121
1 19 15229 1171
1 20 10977 844
1 21 19321 1486
1 22 7602 584
1 23 6640 510
1 24 21152 1627
1 25 16549 1273
1 26 5353 411
1 27 18178 1398
1 28 8473 651
1 29 9724 748
1 30 23745 1826
1 31 26415 2031
1 32 19220 1478
1 33 3990 306
1 34 12501 961
1 35 3939 303
1 36 21738 1672
1 37 12890 991
1 38 16313 1254
1 39 16633 1279
1 40 4402 338
1 41 2416 185
1 42 10364 797
1 43 13784 1060
1 44 4121 317
1 45 12396 953
1 46 15129 1163
1 47 16412 1262
1 48 16453 1265
1 49 21403 1646
1 50 16412 1262
1 51 28101 2161
1 52 7608 585
1 53 24435 1879
1 54 29442 2264
1 55 6059 466
1 56 16963 1304
1 57 26633 2048
1 58 21259 1635
1 59 22260 1712
1 60 7514 578
1 61 15004 1154
1 62 22757 1750
1 63 14172 1090
1 64 27339 2103
1 65 22913 1762
1 66 6353 488
1 67 6848 526
1 68 26107 2008
1 69 4558 350
1 70 28038 2156
1 71 8538 656
1 72 25632 1971
1 73 4762 366
1 74 17648 1357
2 0 6360 489
2 1 22325 1717
2 2 0 0
2 3 9084 698
2 4 28501 2192
2 5 3801 292
2 6 15977 1229
2 7 9377 721
2 8 5114 393
2 9 25737 1979
2 10 7793 599
2 11 27839 2141
2 12 10479 806
2 13 14653 1127
2 14 21385 1645
2 15 5326 409
2 16 13472 1036
2 17 23124 1778
2 18 10412 800
2 19 12859 989
2 20 15975 1228
2 21 3970 305
2 22 25784 1983
2 23 1247 95
2 24 9333 717
2 25 2619 201
2 26 16128 1240
2 27 22652 1742
2 28 28677 2205
2 29 9118 701
2 30 10808 831
2 31 4175 321
2 32 4630 356
2 33 4775 367
2 34 11812 908
2 35 144 11
2 36 22542 1734
2 37 10496 807
2 38 8955 688
2 39 10888 837
2 40 2445 188
2 41 7357 565
2 42 23540 1810
2 43 16132 1240
2 44 29118 2239
2 45 8571 659
2 46 14904 1146
2 47 9166 705
2 48 26650 2050
2 49 10648 819
2 50 16194 1245
2 51 25270 1943
2 52 27545 2118
2 53 20304 1561
2 54 1150 88
2 55 6859 527
2 56 14877 1144
2 57 21954 1688
2 58 3150 242
2 59 19962 1535
2 60 19249 1480
2 61 12831 987
2 62 14860 1143
2 63 18809 1446
2 64 26534 2041
2 65 6585 506
2 66 28874 2221
2 67 15936 1225
2 68 26816 2062
2 69 17829 1371
2 70 9756 750
2 71 12838 987
2 72 8686 668
2 73 28995 2230
2 74 8872 682
3 0 13854 1065
3 1 2945 226
3 2 16967 1305
3 3 0 0
3 4 6732 517
3 5 11314 870
3 6 23500 1807
3 7 14739 1133
3 8 23063 1774
3 9 24494 1884
3 10 28626 2202
3 11 18864 1451
3 12 2020 155
3 13 27018 2078
3 14 15137 1164
3 15 13172 1013
3 16 1174 90
3 17 9668 743
3 18 14323 1101
3 19 25285 1945
3 20 19854 1527
3 21 25553 1965
3 22 11098 853
3 23 28533 2194
3 24 15851 1219
3 25 21035 1618
3 26 9754 750
3 27 9302 715
3 28 15321 1178
3 29 14160 1089
3 30 24198 1861
3 31 28183 2167
3 32 21109 1623
3 33 22451 1727
3 34 274 21
3 35 9715 747
3 36 7060 543
3 37 888 68
3 38 20708 1592
3 39 27816 2139
3 40 17569 1351
3 41 2935 225
3 42 21753 1673
3 43 165 12
3 44 23312 1793
3 45 8795 676
3 46 12725 978
3 47 26436 2033
3 48 21277 1636
3 49 14515 1116
3 50 22631 1740
3 51 4106 315
3 52 25349 1949
3 53 6890 530
3 54 15501 1192
3 55 21708 1669
3 56 15678 1206
3 57 17721 1363
3 58 1071 82
3 59 12715 978
3 60 25331 1948
3 61 25260 1943
3 62 6582 506
3 63 4182 321
3 64 9993 768
3 65 22381 1721
3 66 14071 1082
3 67 28352 2180
3 68 16636 1279
3 69 26199 2015
3 70 15855 1219
3 71 7651 588
3 72 20136 1548
3 73 18505 1423
3 74 12409 954
4 0 27172 2090
4 1 9765 751
4 2 29211 2247
4 3 26473 2036
4 4 0 0
4 5 27967 2151
4 6 29679 2283
4 7 12055 927
4 8 24492 1884
4 9 565 43
4 10 1821 140
4 11 24386 1875
4 12 21257 1635
4 13 16063 1235
4 14 25851 1988
4 15 24372 1874
4 16 2527 194
4 17 27220 2093
4 18 6896 530
4 19 28668 2205
4 20 14489 1114
4 21 28176 2167
4 22 15632 1202
4 23 1305 100
4 24 2343 180
4 25 18328 1409
4 26 19372 1490
4 27 4347 334
4 28 10368 797
4 29 25285 1945
4 30 14597 1122
4 31 3303 254
4 32 785 60
4 33 15175 1167
4 34 20986 1614
4 35 8413 647
4 36 9340 718
4 37 3309 254
4 38 9546 734
4 39 17587 1352
4 40 28770 2213
4 41 6851 527
4 42 23537 1810
4 43 26699 2053
4 44 9737 749
4 45 21484 1652
4 46 8910 685
4 47 15871 1220
4 48 22651 1742
4 49 26766 2058
4 50 21965 1689
4 51 13381 1029
4 52 26838 2064
4 53 1527 117
4 54 29669 2282
4 55 27504 2115
4 56 3822 294
4 57 18149 1396
4 58 6809 523
4 59 27942 2149
4 60 8672 667
4 61 3418 262
4 62 21812 1677
4 63 26936 2072
4 64 28901 2223
4 65 11069 851
4 66 21531 1656
4 67 17169 1320
4 68 20749 1596
4 69 14248 1096
4 70 26638 2049
4 71 17013 1308
4 72 23863 1835
4 73 19426 1494
4 74 29027 2232
5 0 16636 1279
5 1 17827 1371
5 2 1115 85
5 3 18922 1455
5 4 11945 918
5 5 0 0
5 6 24917 1916
5 7 5304 408
5 8 18713 1439
5 9 28308 2177
5 10 26065 2005
5 11 7884 606
5 12 22922 1763
5 13 10188 783
5 14 17295 1330
5 15 5785 445
5 16 17167 1320
5 17 5847 449
5 18 13450 1034
5 19 25668 1974
5 20 17663 1358
5 21 3291 253
5 22 7713 593
5 23 11134 856
5 24 2821 217
5 25 16780 1290
5 26 14731 1133
5 27 9919 763
5 28 6032 464
5 29 17593 1353
5 30 18332 1410
5 31 3851 296
5 32 9836 756
5 33 2102 161
5 34 7528 579
5 35 20314 1562
5 36 10812 831
5 37 26028 2002
5 38 23748 1826
5 39 22666 1743
5 40 28356 2181
5 41 13437 1033
5 42 19102 1469
5 43 12432 956
5 44 24359 1873
5 45 15676 1205
5 46 17962 1381
5 47 20055 1542
5 48 10877 836
5 49 11901 915
5 50 1635 125
5 51 5398 415
5 52 22794 1753
5 53 10122 778
5 54 15779 1213
5 55 12209 939
5 56 29518 2270
5 57 7033 541
5 58 26938 2072
5 59 3885 298
5 60 24801 1907
5 61 7022 540
5 62 15274 1174
5 63 2079 159
5 64 17565 1351
5 65 15813 1216
5 66 8002 615
5 67 20843 1603
5 68 24147 1857
5 69 29648 2280
5 70 12749 980
5 71 413 31
5 72 16202 1246
5 73 9821 755
5 74 1536 118
6 0 3305 254
6 1 8810 677
6 2 3691 283
6 3 24245 1865
6 4 28876 2221
6 5 6904 531
6 6 0 0
6 7 8525 655
6 8 16987 1306
6 9 12344 949
6 10 134 10
6 11 16981 1306
6 12 14213 1093
6 13 1535 118
6 14 1303 100
6 15 10105 777
6 16 3431 263
6 17 8419 647
6 18 8913 685
6 19 10282 790
6 20 6681 513
6 21 27299 2099
6 22 1910 146
6 23 14763 1135
6 24 6581 506
6 25 17342 1334
6 26 14684 1129
6 27 26381 2029
6 28 3799 292
6 29 26339 2026
6 30 29011 2231
6 31 25163 1935
6 32 3660 281
6 33 22666 1743
6 34 9157 704
6 35 12136 933
6 36 23104 1777
6 37 3446 265
6 38 11572 890
6 39 275 21
6 40 1872 144
6 41 4046 311
6 42 6380 490
6 43 25563 1966
6 44 6784 521
6 45 7503 577
6 46 18581 1429
6 47 23338 1795
6 48 15420 1186
6 49 29252 2250
6 50 15045 1157
6 51 11447 880
6 52 5381 413
6 53 23958 1842
6 54 11934 918
6 55 10782 829
6 56 29796 2292
6 57 12981 998
6 58 16080 1236
6 59 20658 1589
6 60 26319 2024
6 61 18841 1449
6 62 16262 1250
6 63 29977 2305
6 64 7373 567
6 65 13469 1036
6 66 11649 896
6 67 18721 1440
6 68 28594 2199
6 69 26483 2037
6 70 16728 1286
6 71 22337 1718
6 72 25655 1973
6 73 19401 1492
6 74 28981 2229
7 0 29377 2259
7 1 12306 946
7 2 1706 131
7 3 18998 1461
7 4 28676 2205
7 5 12690 976
7 6 28890 2222
7 7 0 0
7 8 27255 2096
7 9 11399 876
7 10 15310 1177
7 11 9088 699
7 12 27230 2094
7 13 14064 1081
7 14 19861 1527
7 15 18243 1403
7 16 11214 862
7 17 5228 402
7 18 25498 1961
7 19 19943 1534
7 20 13025 1001
7 21 2290 176
7 22 19211 1477
7 23 18041 1387
7 24 12961 997
7 25 20260 1558
7 26 25707 1977
7 27 27058 2081
7 28 28407 2185
7 29 28804 2215
7 30 25995 1999
7 31 29833 2294
7 32 13863 1066
7 33 8347 642
7 34 12914 993
7 35 5457 419
7 36 16750 1288
7 37 21283 1637
7 38 3231 248
7 39 27597 2122
7 40 24462 1881
7 41 2435 187
7 42 23654 1819
7 43 7319 563
7 44 24516 1885
7 45 19580 1506
7 46 25368 1951
7 47 15251 1173
7 48 28724 2209
7 49 27674 2128
7 50 20405 1569
7 51 8994 691
7 52 3601 277
7 53 16660 1281
7 54 10472 805
7 55 1043 80
7 56 23301 1792
7 57 364 28
7 58 25447 1957
7 59 29340 2256
7 60 3348 257
7 61 19011 1462
7 62 5234 402
7 63 1651 127
7 64 7583 583
7 65 20386 1568
7 66 12808 985
7 67 18153 1396
7 68 21931 1687
7 69 4889 376
7 70 25874 1990
7 71 2856 219
7 72 23138 1779
7 73 18787 1445
7 74 15831 1217
8 0 10747 826
8 1 8601 661
8 2 5195 399
8 3 20028 1540
8 4 18201 1400
8 5 16500 1269
8 6 13910 1070
8 7 12015 924
8 8 0 0
8 9 16386 1260
8 10 11500 884
8 11 20262 1558
8 12 27211 2093
8 13 4271 328
8 14 3665 281
8 15 8945 688
8 16 7516 578
8 17 8270 636
8 18 5467 420
8 19 15044 1157
8 20 8238 633
8 21 15584 1198
8 22 20642 1587
8 23 29206 2246
8 24 26699 2053
8 25 17738 1364
8 26 9691 745
8 27 7283 560
8 28 6634 510
8 29 2498 192
8 30 3662 281
8 31 19709 1516
8 32 9982 767
8 33 27911 2147
8 34 16319 1255
8 35 3327 255
8 36 12826 986
8 37 27178 2090
8 38 16696 1284
8 39 19948 1534
8 40 12028 925
8 41 4244 326
8 42 20660 1589
8 43 3509 269
8 44 19678 1513
8 45 7440 572
8 46 23036 1772
8 47 19739 1518
8 48 2035 156
8 49 4413 339
8 50 10528 809
8 51 16463 1266
8 52 256 19
8 53 24685 1898
8 54 5798 446
8 55 788 60
8 56 9485 729
8 57 1829 140
8 58 8364 643
8 59 10371 797
8 60 8313 639
8 61 4958 381
8 62 17476 1344
8 63 12547 965
8 64 19286 1483
8 65 7064 543
8 66 3194 245
8 67 20683 1591
8 68 9341 718
8 69 2611 200
8 70 5245 403
8 71 15025 1155
8 72 445 34
8 73 29919 2301
8 74 1363 104
9 0 29229 2248
9 1 8493 653
9 2 3633 279
9 3 9163 704
9 4 6091 468
9 5 1654 127
9 6 5466 420
9 7 9479 729
9 8 15512 1193
9 9 0 0
9 10 12670 974
9 11 27019 2078
9 12 10197 784
9 13 15799 1215
9 14 10346 795
9 15 24853 1911
9 16 300 23
9 17 25158 1935
9 18 20045 1541
9 19 3064 235
9 20 9007 692
9 21 18269 1405
9 22 22460 1727
9 23 25317 1947
9 24 12887 991
9 25 2449 188
9 26 9187 706
9 27 13262 1020
9 28 29746 2288
9 29 27804 2138
9 30 13510 1039
9 31 8668 666
9 32 19571 1505
9 33 23858 1835
9 34 25188 1937
9 35 559 43
9 36 29516 2270
9 37 13795 1061
9 38 20160 1550
9 39 3766 289
9 40 21776 1675
9 41 9566 735
9 42 15309 1177
9 43 20296 1561
9 44 10557 812
9 45 10329 794
9 46 24586 1891
9 47 21800 1676
9 48 24292 1868
9 49 15644 1203
9 50 11965 920
9 51 14251 1096
9 52 12921 993
9 53 3612 277
9 54 22971 1767
9 55 17369 1336
9 56 7239 556
9 57 4315 331
9 58 10938 841
9 59 1617 124
9 60 24821 1909
9 61 13809 1062
9 62 5693 437
9 63 7850 603
9 64 860 66
9 65 18302 1407
9 66 8971 690
9 67 26064 2004
9 68 23734 1825
9 69 23621 1817
9 70 26452 2034
9 71 23255 1788
9 72 6107 469
9 73 28084 2160
9 74 12963 997
10 0 2572 197
10 1 1540 118
10 2 517 39
10 3 8362 643
10 4 13401 1030
10 5 1159 89
10 6 13649 1049
10 7 27472 2113
10 8 12274 944
10 9 10562 812
10 10 0 0
10 11 9901 761
10 12 10070 774
10 13 29860 2296
10 14 10468 805
10 15 26540 2041
10 16 21335 1641
10 17 15314 1178
10 18 7214 554
10 19 22887 1760
10 20 9406 723
10 21 28775 2213
10 22 18080 1390
10 23 11211 862
10 24 17110 1316
10 25 27503 2115
10 26 22221 1709
10 27 929 71
10 28 21739 1672
10 29 24889 1914
10 30 18426 1417
10 31 26429 2033
10 32 17079 1313
10 33 198 15
10 34 19751 1519
10 35 7786 598
10 36 2623 201
10 37 10329 794
10 38 21533 1656
10 39 15214 1170
10 40 25664 1974
10 41 27674 2128
10 42 2704 208
10 43 27401 2107
10 44 17885 1375
10 45 10083 775
10 46 17189 1322
10 47 15802 1215
10 48 22987 1768
10 49 11776 905
10 50 11616 893
10 51 17248 1326
10 52 9012 693
10 53 23487 1806
10 54 26484 2037
10 55 13541 1041
10 56 20090 1545
10 57 21671 1667
10 58 15672 1205
10 59 13136 1010
10 60 6495 499
10 61 6518 501
10 62 5668 436
10 63 15824 1217
10 64 17316 1332
10 65 25904 1992
10 66 14301 1100
10 67 1263 97
10 68 13824 1063
10 69 19074 1467
10 70 4600 353
10 71 22425 1725
10 72 23378 1798
10 73 3836 295
10 74 2074 159
11 0 23454 1804
11 1 11788 906
11 2 8346 642
11 3 26290 2022
11 4 15687 1206
11 5 20676 1590
11 6 29786 2291
11 7 15954 1227
11 8 5515 424
11 9 18263 1404
11 10 11427 879
11 11 0 0
11 12 8314 639
11 13 8641 664
11 14 4746 365
11 15 18484 1421
11 16 27123 2086
11 17 18447 1419
11 18 7785 598
11 19 23849 1834
11 20 8487 652
11 21 19111 1470
11 22 28695 2207
11 23 11207 862
11 24 13859 1066
11 25 19443 1495
11 26 1820 140
11 27 28303 2177
11 28 5849 449
11 29 5128 394
11 30 13135 1010
11 31 10271 790
11 32 7343 564
11 33 22871 1759
11 34 281 21
11 35 10658 819
11 36 16359 1258
11 37 16881 1298
11 38 3339 256
11 39 18514 1424
11 40 2033 156
11 41 16771 1290
11 42 3630 279
11 43 29746 2288
11 44 21538 1656
11 45 16975 1305
11 46 28780 2213
11 47 26274 2021
11 48 13241 1018
11 49 22281 1713
11 50 11833 910
11 51 25100 1930
11 52 27704 2131
11 53 660 50
11 54 29335 2256
11 55 18712 1439
11 56 26739 2056
11 57 23433 1802
11 58 25524 1963
11 59 1825 140
11 60 15836 1218
11 61 17593 1353
11 62 15224 1171
11 63 5547 426
11 64 23542 1810
11 65 13497 1038
11 66 20369 1566
11 67 5981 460
11 68 4066 312
11 69 29803 2292
11 70 3061 235
11 71 1876 144
11 72 22040 1695
11 73 19374 1490
11 74 20380 1567
12 0 29199 2246
12 1 28523 2194
12 2 27325 2101
12 3 12349 949
12 4 12777 982
12 5 27698 2130
12 6 1955 150
12 7 3513 270
12 8 24726 1902
12 9 3216 247
12 10 15963 1227
12 11 5839 449
12 12 0 0
12 13 26673 2051
12 14 17231 1325
12 15 25344 1949
12 16 16636 1279
12 17 4693 361
12 18 4474 344
12 19 5643 434
12 20 26437 2033
12 21 5268 405
12 22 10168 782
12 23 28459 2189
12 24 12065 928
12 25 7785 598
12 26 6037 464
12 27 1139 87
12 28 22141 1703
12 29 21467 1651
12 30 28452 2188
12 31 6096 468
12 32 23484 1806
12 33 972 74
12 34 17311 1331
12 35 10896 838
12 36 28399 2184
12 37 13638 1049
12 38 10811 831
12 39 16024 1232
12 40 6766 520
12 41 16407 1262
12 42 24373 1874
12 43 18633 1433
12 44 1610 123
12 45 19176 1475
12 46 14481 1113
12 47 16440 1264
12 48 29152 2242
12 49 11284 868
12 50 19665 1512
12 51 4388 337
12 52 675 51
12 53 19358 1489
12 54 27563 2120
12 55 13540 1041
12 56 19281 1483
12 57 22854 1758
12 58 28406 2185
12 59 13648 1049
12 60 6619 509
12 61 28411 2185
12 62 7790 599
12 63 29408 2262
12 64 11848 911
12 65 16343 1257
12 66 4970 382
12 67 19084 1468
12 68 16417 1262
12 69 26758 2058
12 70 129 9
12 71 19078 1467
12 72 17358 1335
12 73 24703 1900
12 74 4408 339
13 0 4852 373
13 1 847 65
13 2 13043 1003
13 3 15588 1199
13 4 16509 1269
13 5 9301 715
13 6 27217 2093
13 7 7234 556
13 8 6291 483
13 9 5161 397
13 10 13410 1031
13 11 13840 1064
13 12 10949 842
13 13 0 0
13 14 2504 192
13 15 21737 1672
13 16 29627 2279
13 17 7800 600
13 18 14827 1140
13 19 26038 2002
13 20 306 23
13 21 14965 1151
13 22 13617 1047
13 23 19340 1487
13 24 25148 1934
13 25 23508 1808
13 26 3982 306
13 27 19638 1510
13 28 11112 854
13 29 15399 1184
13 30 23101 1777
13 31 247 19
13 32 12940 995
13 33 25642 1972
13 34 15167 1166
13 35 15597 1199
13 36 591 45
13 37 5615 431
13 38 10442 803
13 39 24759 1904
13 40 21700 1669
13 41 7237 556
13 42 1133 87
13 43 18825 1448
13 44 9963 766
13 45 15695 1207
13 46 11581 890
13 47 17215 1324
13 48 11368 874
13 49 25793 1984
13 50 10424 801
13 51 14853 1142
13 52 17449 1342
13 53 2188 168
13 54 198 15
13 55 10382 798
13 56 20759 1596
13 57 24121 1855
13 58 1860 143
13 59 8787 675
13 60 14411 1108
13 61 8874 682
13 62 29939 2303
13 63 21810 1677
13 64 18325 1409
13 65 9710 746
13 66 8737 672
13 67 481 37
13 68 7087 545
13 69 4339 333
13 70 16250 1250
13 71 20383 1567
13 72 26896 2068
13 73 2745 211
13 74 21981 1690
14 0 8550 657
14 1 8157 627
14 2 16420 1263
14 3 3996 307
14 4 9553 734
14 5 2328 179
14 6 22406 1723
14 7 9093 699
14 8 3602 277
14 9 11517 885
14 10 21170 1628
14 11 19396 1492
14 12 23585 1814
14 13 2242 172
14 14 0 0
14 15 9551 734
14 16 17959 1381
14 17 14039 1079
14 18 13707 1054
14 19 4186 322
14 20 468 36
14 21 23170 1782
14 22 28951 2227
14 23 14727 1132
14 24 26907 2069
14 25 16135 1241
14 26 10417 801
14 27 29183 2244
14 28 13502 1038
14 29 6356 488
14 30 12981 998
14 31 8180 629
14 32 18020 1386
14 33 448 34
14 34 8112 624
14 35 16114 1239
14 36 23768 1828
14 37 26888 2068
14 38 20776 1598
14 39 29623 2278
14 40 17312 1331
14 41 1553 119
14 42 1929 148
14 43 18145 1395
14 44 23963 1843
14 45 828 63
14 46 17493 1345
14 47 261 20
14 48 17105 1315
14 49 16816 1293
14 50 27181 2090
14 51 9974 767
14 52 12014 924
14 53 2511 193
14 54 13410 1031
14 55 14714 1131
14 56 27116 2085
14 57 1622 124
14 58 4071 313
14 59 21210 1631
14 60 10012 770
14 61 3198 246
14 62 1103 84
14 63 7129 548
14 64 25662 1974
14 65 7238 556
14 66 7340 564
14 67 5650 434
14 68 5151 396
14 69 15887 1222
14 70 838 64
14 71 9940 764
14 72 9580 736
14 73 20361 1566
14 74 10666 820
15 0 28985 2229
15 1 25133 1933
15 2 3950 303
15 3 28172 2167
15 4 5406 415
15 5 7728 594
15 6 26966 2074
15 7 9562 735
15 8 3418 262
15 9 4577 352
15 10 18445 1418
15 11 25187 1937
15 12 17466 1343
15 13 19074 1467
15 14 16073 1236
15 15 0 0
15 16 19152 1473
15 17 20281 1560
15 18 3755 288
15 19 20040 1541
15 20 21360 1643
15 21 9609 739
15 22 11041 849
15 23 22762 1750
15 24 28653 2204
15 25 9188 706
15 26 29274 2251
15 27 1655 127
15 28 21152 1627
15 29 13538 1041
15 30 25845 1988
15 31 29165 2243
15 32 8560 658
15 33 6526 502
15 34 11502 884
15 35 5501 423
15 36 381 29
15 37 19734 1518
15 38 12982 998
15 39 16505 1269
15 40 20450 1573
15 41 6653 511
15 42 8436 648
15 43 26024 2001
15 44 19467 1497
15 45 2053 157
15 46 20453 1573
15 47 21256 1635
15 48 12555 965
15 49 28841 2218
15 50 11937 918
15 51 5178 398
15 52 22220 1709
15 53 29152 2242
15 54 20266 1558
15 55 27781 2137
15 56 13276 1021
15 57 24754 1904
15 58 13446 1034
15 59 20642 1587
15 60 1369 105
15 61 14058 1081
15 62 24364 1874
15 63 7587 583
15 64 6593 507
15 65 6459 496
15 66 3736 287
15 67 14434 1110
15 68 575 44
15 69 11019 847
15 70 6028 463
15 71 20880 1606
15 72 3022 232
15 73 5104 392
15 74 17866 1374
16 0 6624 509
16 1 12419 955
16 2 716 55
16 3 21681 1667
16 4 13416 1032
16 5 6819 524
16 6 4919 378
16 7 28229 2171
16 8 1907 146
16 9 20478 1575
16 10 12332 948
16 11 12267 943
16 12 21194 1630
16 13 19852 1527
16 14 10127 779
16 15 26987 2075
16 16 0 0
16 17 12496 961
16 18 14364 1104
16 19 5813 447
16 20 23328 1794
16 21 20694 1591
16 22 8897 684
16 23 24465 1881
16 24 8234 633
16 25 10751 827
16 26 26523 2040
16 27 9838 756
16 28 20535 1579
16 29 6076 467
16 30 9062 697
16 31 22981 1767
16 32 19071 1467
16 33 29278 2252
16 34 29436 2264
16 35 7183 552
16 36 19685 1514
16 37 17057 1312
16 38 24187 1860
16 39 10849 834
16 40 9222 709
16 41 12429 956
16 42 22857 1758
16 43 26835 2064
16 44 7125 548
16 45 7979 613
16 46 3277 252
16 47 29870 2297
16 48 25886 1991
16 49 25359 1950
16 50 2072 159
16 51 25190 1937
16 52 1943 149
16 53 25384 1952
16 54 12293 945
16 55 19174 1474
16 56 4936 379
16 57 16832 1294
16 58 21477 1652
16 59 27747 2134
16 60 29446 2265
16 61 5200 400
16 62 21799 1676
16 63 13847 1065
16 64 9953 765
16 65 21719 1670
16 66 10862 835
16 67 12780 983
16 68 18501 1423
16 69 7032 540
16 70 20690 1591
16 71 29803 2292
16 72 5193 399
16 73 14256 1096
16 74 19826 1525
17 0 13455 1035
17 1 25047 1926
17 2 20197 1553
17 3 27848 2142
17 4 18922 1455
17 5 6367 489
17 6 16697 1284
17 7 10970 843
17 8 29066 2235
17 9 29844 2295
17 10 17327 1332
17 11 19551 1503
17 12 28657 2204
17 13 8031 617
17 14 13285 1021
17 15 2626 202
17 16 27929 2148
17 17 0 0
17 18 20772 1597
17 19 17605 1354
17 20 3925 301
17 21 16822 1294
17 22 17733 1364
17 23 1540 118
17 24 20365 1566
17 25 8525 655
17 26 20453 1573
17 27 21099 1623
17 28 23724 1824
17 29 19574 1505
17 30 4477 344
17 31 1211 93
17 32 16720 1286
17 33 20950 1611
17 34 7288 560
17 35 12767 982
17 36 13661 1050
17 37 15446 1188
17 38 9581 737
17 39 23792 1830
17 40 21890 1683
17 41 22272 1713
17 42 28630 2202
17 43 13477 1036
17 44 7369 566
17 45 5221 401
17 46 4198 322
17 47 18743 1441
17 48 22885 1760
17 49 22931 1763
17 50 26661 2050
17 51 14796 1138
17 52 27182 2090
17 53 23955 1842
17 54 8503 654
17 55 25243 1941
17 56 1771 136
17 57 9255 711
17 58 29191 2245
17 59 19411 1493
17 60 17665 1358
17 61 9723 747
17 62 22520 1732
17 63 11595 891
17 64 26752 2057
17 65 7991 614
17 66 12725 978
17 67 29718 2286
17 68 2963 227
17 69 6698 515
17 70 23280 1790
17 71 22023 1694
17 72 5155 396
17 73 29316 2255
17 74 2952 227
18 0 27691 2130
18 1 6650 511
18 2 12096 930
18 3 29906 2300
18 4 3180 244
18 5 21181 1629
18 6 16593 1276
18 7 26692 2053
18 8 8100 623
18 9 12325 948
18 10 8563 658
18 11 9692 745
18 12 25158 1935
18 13 9670 743
18 14 27739 2133
18 15 12127 932
18 16 9392 722
18 17 25382 1952
18 18 0 0
18 19 10057 773
18 20 6015 462
18 21 8813 677
18 22 9403 723
18 23 24435 1879
18 24 22932 1764
18 25 10191 783
18 26 21878 1682
18 27 9876 759
18 28 24851 1911
18 29 7028 540
18 30 1302 100
18 31 23107 1777
18 32 2988 229
18 33 25492 1960
18 34 8646 665
18 35 15372 1182
18 36 26074 2005
18 37 2805 215
18 38 16884 1298
18 39 10667 820
18 40 9969 766
18 41 3286 252
18 42 27330 2102
18 43 27098 2084
18 44 13326 1025
18 45 9799 753
18 46 20572 1582
18 47 8111 623
18 48 13023 1001
18 49 3783 291
18 50 27764 2135
18 51 11126 855
18 52 2604 200
18 53 14817 1139
18 54 17592 1353
18 55 8664 666
18 56 11646 895
18 57 29384 2260
18 58 9023 694
18 59 16469 1266
18 60 4867 374
18 61 18995 1461
18 62 16269 1251
18 63 19811 1523
18 64 17892 1376
18 65 26300 2023
18 66 7783 598
18 67 7864 604
18 68 23708 1823
18 69 23927 1840
18 70 24964 1920
18 71 6973 536
18 72 16540 1272
18 73 16697 1284
18 74 27920 2147
19 0 27581 2121
19 1 11246 865
19 2 21193 1630
19 3 17733 1364
19 4 11993 922
19 5 11400 876
19 6 25302 1946
19 7 28211 2170
19 8 22119 1701
19 9 2102 161
19 10 26923 2071
19 11 1924 148
19 12 25275 1944
19 13 16746 1288
19 14 2943 226
19 15 4852 373
19 16 4822 370
19 17 15475 1190
19 18 14428 1109
19 19 0 0
19 20 12733 979
19 21 12220 940
19 22 15776 1213
19 23 18075 1390
19 24 21841 1680
19 25 25652 1973
19 26 10877 836
19 27 22009 1693
19 28 12136 933
19 29 16716 1285
19 30 22362 1720
19 31 1796 138
19 32 18084 1391
19 33 25406 1954
19 34 23572 1813
19 35 8838 679
19 36 2764 212
19 37 8724 671
19 38 15470 1190
19 39 20044 1541
19 40 12835 987
19 41 18913 1454
19 42 28413 2185
19 43 11374 874
19 44 11585 891
19 45 12252 942
19 46 17265 1328
19 47 8530 656
19 48 16070 1236
19 49 27823 2140
19 50 13489 1037
19 51 24565 1889
19 52 780 60
19 53 12000 923
19 54 22490 1730
19 55 25069 1928
19 56 27078 2082
19 57 1834 141
19 58 22783 1752
19 59 7845 603
19 60 19690 1514
19 61 18039 1387
19 62 27647 2126
19 63 25958 1996
19 64 17473 1344
19 65 10657 819
19 66 10327 794
19 67 27692 2130
19 68 23314 1793
19 69 5510 423
19 70 25296 1945
19 71 4759 366
19 72 27741 2133
19 73 21923 1686
19 74 26798 2061
20 0 25666 1974
20 1 27762 2135
20 2 27438 2110
20 3 18894 1453
20 4 17664 1358
20 5 18966 1458
20 6 10675 821
20 7 26727 2055
20 8 25949 1996
20 9 22124 1701
20 10 19468 1497
20 11 24636 1895
20 12 25972 1997
20 13 26306 2023
20 14 20049 1542
20 15 10703 823
20 16 20408 1569
20 17 2761 212
20 18 28091 2160
20 19 1618 124
20 20 0 0
20 21 27391 2107
20 22 21367 1643
20 23 7280 560
20 24 9611 739
20 25 29504 2269
20 26 5814 447
20 27 9447 726
20 28 10275 790
20 29 25738 1979
20 30 12008 923
20 31 9592 737
20 32 1806 138
20 33 1935 148
20 34 21006 1615
20 35 13044 1003
20 36 20560 1581
20 37 27020 2078
20 38 10407 800
20 39 734 56
20 40 4787 368
20 41 2460 189
20 42 23917 1839
20 43 4899 376
20 44 7763 597
20 45 23879 1836
20 46 20399 1569
20 47 2382 183
20 48 21069 1620
20 49 15105 1161
20 50 3004 231
20 51 14847 1142
20 52 8254 634
20 53 3279 252
20 54 14870 1143
20 55 9508 731
20 56 26370 2028
20 57 28561 2197
20 58 23209 1785
20 59 11740 903
20 60 12418 955
20 61 12651 973
20 62 24666 1897
20 63 22744 1749
20 64 10922 840
20 65 952 73
20 66 8021 617
20 67 5632 433
20 68 6590 506
20 69 11310 870
20 70 19472 1497
20 71 28216 2170
20 72 16580 1275
20 73 2709 208
20 74 29510 2270
21 0 19820 1524
21 1 12532 964
21 2 8303 638
21 3 21528 1656
21 4 14069 1082
21 5 2630 202
21 6 10121 778
21 7 4082 314
21 8 26582 2044
21 9 18784 1444
21 10 13681 1052
21 11 6405 492
21 12 2037 156
21 13 10493 807
21 14 1670 128
21 15 655 50
21 16 1642 126
21 17 25946 1995
21 18 9880 760
21 19 19913 1531
21 20 16839 1295
21 21 0 0
21 22 6067 466
21 23 2778 213
21 24 17957 1381
21 25 13730 1056
21 26 12100 930
21 27 18931 1456
21 28 27454 2111
21 29 3022 232
21 30 29340 2256
21 31 2698 207
21 32 16466 1266
21 33 9158 704
21 34 25106 1931
21 35 26900 2069
21 36 1035 79
21 37 5473 421
21 38 12636 972
21 39 2083 160
21 40 9886 760
21 41 26190 2014
21 42 22706 1746
21 43 18746 1442
21 44 564 43
21 45 8592 660
21 46 19604 1508
21 47 4343 334
21 48 6949 534
21 49 27985 2152
21 50 28578 2198
21 51 11588 891
21 52 18575 1428
21 53 28043 2157
21 54 19625 1509
21 55 26077 2005
21 56 17460 1343
21 57 3171 243
21 58 24528 1886
21 59 18487 1422
21 60 7493 576
21 61 6656 512
21 62 14623 1124
21 63 20852 1604
21 64 5919 455
21 65 1938 149
21 66 13930 1071
21 67 23879 1836
21 68 22824 1755
21 69 11020 847
21 70 14212 1093
21 71 22444 1726
21 72 15898 1222
21 73 16671 1282
21 74 21323 1640
22 0 11241 864
22 1 19738 1518
22 2 27195 2091
22 3 11124 855
22 4 2238 172
22 5 15601 1200
22 6 5542 426
22 7 26167 2012
22 8 24184 1860
22 9 23216 1785
22 10 6560 504
22 11 23450 1803
22 12 18978 1459
22 13 22837 1756
22 14 14592 1122
22 15 17939 1379
22 16 8377 644
22 17 9082 698
22 18 26253 2019
22 19 25072 1928
22 20 23402 1800
22 21 27573 2121
22 22 0 0
22 23 15109 1162
22 24 10324 794
22 25 29364 2258
22 26 7415 570
22 27 27712 2131
22 28 1772 136
22 29 7802 600
22 30 528 40
22 31 7780 598
22 32 23896 1838
22 33 274 21
22 34 3310 254
22 35 26045 2003
22 36 29818 2293
22 37 27026 2078
22 38 14503 1115
22 39 13910 1070
22 40 1148 88
22 41 18086 1391
22 42 26632 2048
22 43 23931 1840
22 44 1627 125
22 45 17345 1334
22 46 20032 1540
22 47 9702 746
22 48 18445 1418
22 49 12901 992
22 50 8552 657
22 51 23411 1800
22 52 1897 145
22 53 1544 118
22 54 5299 407
22 55 17213 1324
22 56 28778 2213
22 57 23792 1830
22 58 26865 2066
22 59 9069 697
22 60 23570 1813
22 61 29634 2279
22 62 10676 821
22 63 8295 638
22 64 23859 1835
22 65 12843 987
22 66 377 29
22 67 13800 1061
22 68 22397 1722
22 69 1850 142
22 70 26000 2000
22 71 11448 880
22 72 5668 436
22 73 5579 429
22 74 6956 535
23 0 6754 519
23 1 22712 1747
23 2 2525 194
23 3 20248 1557
23 4 6987 537
23 5 22985 1768
23 6 20841 1603
23 7 26635 2048
23 8 6100 469
23 9 19785 1521
23 10 29013 2231
23 11 21231 1633
23 12 28131 2163
23 13 21381 1644
23 14 1360 104
23 15 17537 1349
23 16 10050 773
23 17 3431 263
23 18 22534 1733
23 19 7432 571
23 20 21240 1633
23 21 20156 1550
23 22 26029 2002
23 23 0 0
23 24 904 69
23 25 28082 2160
23 26 20829 1602
23 27 22802 1754
23 28 20396 1568
23 29 27506 2115
23 30 7671 590
23 31 8215 631
23 32 25851 1988
23 33 24956 1919
23 34 697 53
23 35 15238 1172
23 36 18164 1397
23 37 24709 1900
23 38 28428 2186
23 39 25573 1967
23 40 8394 645
23 41 3506 269
23 42 13842 1064
23 43 120 9
23 44 5568 428
23 45 23856 1835
23 46 16424 1263
23 47 25416 1955
23 48 13818 1062
23 49 23029 1771
23 50 3560 273
23 51 12821 986
23 52 1979 152
23 53 3796 292
23 54 18001 1384
23 55 7797 599
23 56 29761 2289
23 57 3753 288
23 58 12427 955
23 59 26037 2002
23 60 27631 2125
23 61 1721 132
23 62 14505 1115
23 63 8706 669
23 64 15693 1207
23 65 17996 1384
23 66 14017 1078
23 67 4092 314
23 68 29290 2253
23 69 19435 1495
23 70 22971 1767
23 71 25652 1973
23 72 17437 1341
23 73 15711 1208
23 74 7186 552
24 0 12093 930
24 1 2567 197
24 2 6960 535
24 3 3400 261
24 4 29242 2249
24 5 23192 1784
24 6 11304 869
24 7 14028 1079
24 8 12863 989
24 9 11359 873
24 10 5323 409
24 11 25267 1943
24 12 18639 1433
24 13 26294 2022
24 14 25264 1943
24 15 22464 1728
24 16 22017 1693
24 17 11782 906
24 18 24955 1919
24 19 6396 492
24 20 23881 1837
24 21 13633 1048
24 22 28973 2228
24 23 25238 1941
24 24 0 0
24 25 222 17
24 26 21905 1685
24 27 23807 1831
24 28 861 66
24 29 29207 2246
24 30 16477 1267
24 31 17337 1333
24 32 1387 106
24 33 21832 1679
24 34 23105 1777
24 35 18623 1432
24 36 9599 738
24 37 8785 675
24 38 916 70
24 39 25024 1924
24 40 29173 2244
24 41 24797 1907
24 42 23981 1844
24 43 23248 1788
24 44 21498 1653
24 45 24128 1856
24 46 18931 1456
24 47 5169 397
24 48 12477 959
24 49 9099 699
24 50 27112 2085
24 51 22650 1742
24 52 12071 928
24 53 866 66
24 54 16562 1274
24 55 29807 2292
24 56 24965 1920
24 57 16446 1265
24 58 22452 1727
24 59 5346 411
24 60 18907 1454
24 61 7229 556
24 62 20839 1603
24 63 23429 1802
24 64 18420 1416
24 65 517 39
24 66 26705 2054
24 67 24275 1867
24 68 22976 1767
24 69 27325 2101
24 70 9603 738
24 71 1598 122
24 72 10526 809
24 73 20070 1543
24 74 6138 472
25 0 8297 638
25 1 28676 2205
25 2 28479 2190
25 3 11737 902
25 4 19119 1470
25 5 20586 1583
25 6 23685 1821
25 7 21458 1650
25 8 25159 1935
25 9 2600 200
25 10 7911 608
25 11 14433 1110
25 12 18094 1391
25 13 2798 215
25 14 275 21
25 15 26480 2036
25 16 10292 791
25 17 802 61
25 18 18241 1403
25 19 13651 1050
25 20 2965 228
25 21 28129 2163
25 22 13121 1009
25 23 1877 144
25 24 17834 1371
25 25 0 0
25 26 17952 1380
25 27 8045 618
25 28 26612 2047
25 29 6398 492
25 30 3511 270
25 31 29440 2264
25 32 24500 1884
25 33 862 66
25 34 8357 642
25 35 16359 1258
25 36 20439 1572
25 37 26004 2000
25 38 1308 100
25 39 1373 105
25 40 19577 1505
25 41 9152 704
25 42 10227 786
25 43 2633 202
25 44 8754 673
25 45 10274 790
25 46 16418 1262
25 47 27358 2104
25 48 22902 1761
25 49 2455 188
25 50 535 41
25 51 20880 1606
25 52 4965 381
25 53 29060 2235
25 54 24563 1889
25 55 922 70
25 56 20590 1583
25 57 2258 173
25 58 12515 962
25 59 18089 1391
25 60 11058 850
25 61 6815 524
25 62 11848 911
25 63 1242 95
25 64 22789 1753
25 65 25911 1993
25 66 6226 478
25 67 11555 888
25 68 21986 1691
25 69 27372 2105
25 70 7670 590
25 71 9091 699
25 72 13453 1034
25 73 16086 1237
25 74 9315 716
26 0 4878 375
26 1 8546 657
26 2 28441 2187
26 3 2247 172
26 4 19406 1492
26 5 2946 226
26 6 762 58
26 7 19000 1461
26 8 19851 1527
26 9 26174 2013
26 10 6056 465
26 11 1299 99
26 12 8246 634
26 13 19127 1471
26 14 12600 969
26 15 7139 549
26 16 689 53
26 17 22692 1745
26 18 12218 939
26 19 20711 1593
26 20 26816 2062
26 21 13875 1067
26 22 2854 219
26 23 22183 1706
26 24 8352 642
26 25 13693 1053
26 26 0 0
26 27 431 33
26 28 27887 2145
26 29 5933 456
26 30 2288 176
26 31 5092 391
26 32 22090 1699
26 33 5812 447
26 34 2072 159
26 35 22121 1701
26 36 29647 2280
26 37 7470 574
26 38 6163 474
26 39 7367 566
26 40 9917 762
26 41 5617 432
26 42 11120 855
26 43 23678 1821
26 44 1626 125
26 45 27525 2117
26 46 12527 963
26 47 9255 711
26 48 2406 185
26 49 5505 423
26 50 27414 2108
26 51 25871 1990
26 52 5372 413
26 53 615 47
26 54 4430 340
26 55 7457 573
26 56 14385 1106
26 57 13755 1058
26 58 4388 337
26 59 21019 1616
26 60 574 44
26 61 13868 1066
26 62 29893 2299
26 63 23394 1799
26 64 16582 1275
26 65 6959 535
26 66 17752 1365
26 67 28304 2177
26 68 1754 134
26 69 3737 287
26 70 23905 1838
26 71 22827 1755
26 72 24888 1914
26 73 15364 1181
26 74 11231 863
27 0 12452 957
27 1 15336 1179
27 2 4948 380
27 3 17128 1317
27 4 10593 814
27 5 28575 2198
27 6 1537 118
27 7 17185 1321
27 8 9338 718
27 9 17902 1377
27 10 26459 2035
27 11 1987 152
27 12 8280 636
27 13 9782 752
27 14 22411 1723
27 15 24626 1894
27 16 14124 1086
27 17 7615 585
27 18 1104 84
27 19 12389 953
27 20 25954 1996
27 21 16343 1257
27 22 2591 199
27 23 25486 1960
27 24 25371 1951
27 25 1464 112
27 26 1209 93
27 27 0 0
27 28 5022 386
27 29 23028 1771
27 30 27419 2109
27 31 8332 640
27 32 6444 495
27 33 9351 719
27 34 13239 1018
27 35 16428 1263
27 36 20987 1614
27 37 19289 1483
27 38 3934 302
27 39 19193 1476
27 40 19984 1537
27 41 8763 674
27 42 11433 879
27 43 17419 1339
27 44 25023 1924
27 45 20625 1586
27 46 6358 489
27 47 6969 536
27 48 1842 141
27 49 12016 924
27 50 22683 1744
27 51 24824 1909
27 52 14695 1130
27 53 7213 554
27 54 4828 371
27 55 15974 1228
27 56 12655 973
27 57 21550 1657
27 58 1690 130
27 59 28244 2172
27 60 18810 1446
27 61 9284 714
27 62 28047 2157
27 63 3043 234
27 64 28740 2210
27 65 23117 1778
27 66 19488 1499
27 67 13114 1008
27 68 29539 2272
27 69 22731 1748
27 70 17973 1382
27 71 20834 1602
27 72 11292 868
27 73 13920 1070
27 74 2289 176
28 0 24212 1862
28 1 11497 884
28 2 9945 765
28 3 4318 332
28 4 22706 1746
28 5 15799 1215
28 6 16750 1288
28 7 1918 147
28 8 6394 491
28 9 15404 1184
28 10 23597 1815
28 11 28634 2202
28 12 8810 677
28 13 23368 1797
28 14 18937 1456
28 15 7669 589
28 16 24446 1880
28 17 8989 691
28 18 13638 1049
28 19 17673 1359
28 20 16662 1281
28 21 2914 224
28 22 13549 1042
28 23 21524 1655
28 24 22663 1743
28 25 18187 1399
28 26 21365 1643
28 27 165 12
28 28 0 0
28 29 6301 484
28 30 18625 1432
28 31 5860 450
28 32 29302 2254
28 33 19430 1494
28 34 8966 689
28 35 4871 374
28 36 24455 1881
28 37 20660 1589
28 38 23018 1770
28 39 21710 1670
28 40 7833 602
28 41 27762 2135
28 42 28653 2204
28 43 507 39
28 44 4404 338
28 45 12411 954
28 46 16326 1255
28 47 13285 1021
28 48 14088 1083
28 49 22032 1694
28 50 24956 1919
28 51 25333 1948
28 52 27154 2088
28 53 22687 1745
28 54 18631 1433
28 55 14559 1119
28 56 24795 1907
28 57 21260 1635
28 58 21643 1664
28 59 29866 2297
28 60 10481 806
28 61 18738 1441
28 62 10063 774
28 63 21211 1631
28 64 21184 1629
28 65 7225 555
28 66 15574 1198
28 67 3813 293
28 68 13056 1004
28 69 26624 2048
28 70 14417 1109
28 71 6927 532
28 72 22582 1737
28 73 6598 507
28 74 20462 1574
29 0 3473 267
29 1 16237 1249
29 2 18983 1460
29 3 23035 1771
29 4 6703 515
29 5 10538 810
29 6 22737 1749
29 7 24388 1876
29 8 20552 1580
29 9 22789 1753
29 10 25118 1932
29 11 4782 367
29 12 23346 1795
29 13 9492 730
29 14 14330 1102
29 15 14190 1091
29 16 17461 1343
29 17 29152 2242
29 18 5119 393
29 19 6758 519
29 20 12342 949
29 21 4826 371
29 22 26532 2040
29 23 18950 1457
29 24 7134 548
29 25 20463 1574
29 26 472 36
29 27 5810 446
29 28 28628 2202
29 29 0 0
29 30 6201 477
29 31 15381 1183
29 32 11757 904
29 33 8277 636
29 34 22665 1743
29 35 12635 971
29 36 17378 1336
29 37 6084 468
29 38 2586 198
29 39 12869 989
29 40 19497 1499
29 41 21763 1674
29 42 1537 118
29 43 15552 1196
29 44 16641 1280
29 45 15371 1182
29 46 17795 1368
29 47 17474 1344
29 48 2284 175
29 49 15137 1164
29 50 21749 1673
29 51 7683 591
29 52 9007 692
29 53 3674 282
29 54 25900 1992
29 55 21392 1645
29 56 17264 1328
29 57 1947 149
29 58 20061 1543
29 59 12475 959
29 60 11973 921
29 61 29579 2275
29 62 6570 505
29 63 25111 1931
29 64 24088 1852
29 65 5241 403
29 66 3218 247
29 67 8889 683
29 68 26094 2007
29 69 15879 1221
29 70 8200 630
29 71 11162 858
29 72 6257 481
29 73 22882 1760
29 74 28583 2198
30 0 6034 464
30 1 4881 375
30 2 12454 958
30 3 3221 247
30 4 9683 744
30 5 17433 1341
30 6 28198 2169
30 7 22085 1698
30 8 7025 540
30 9 19861 1527
30 10 12217 939
30 11 12110 931
30 12 25399 1953
30 13 24735 1902
30 14 25042 1926
30 15 14206 1092
30 16 5654 434
30 17 10898 838
30 18 17530 1348
30 19 24132 1856
30 20 11648 896
30 21 18123 1394
30 22 29285 2252
30 23 4411 339
30 24 8707 669
30 25 4618 355
30 26 5548 426
30 27 9467 728
30 28 27948 2149
30 29 27211 2093
30 30 0 0
30 31 24913 1916
30 32 27523 2117
30 33 16499 1269
30 34 10494 807
30 35 18908 1454
30 36 2437 187
30 37 21054 1619
30 38 19891 1530
30 39 24465 1881
30 40 25891 1991
30 41 27406 2108
30 42 4199 323
30 43 28161 2166
30 44 4748 365
30 45 22921 1763
30 46 16443 1264
30 47 18782 1444
30 48 16492 1268
30 49 19435 1495
30 50 21286 1637
30 51 9678 744
30 52 5811 447
30 53 21062 1620
30 54 11335 871
30 55 657 50
30 56 25438 1956
30 57 601 46
30 58 22346 1718
30 59 11372 874
30 60 21006 1615
30 61 29476 2267
30 62 6829 525
30 63 7689 591
30 64 9033 694
30 65 22584 1737
30 66 25551 1965
30 67 12639 972
30 68 17339 1333
30 69 20260 1558
30 70 484 37
30 71 9255 711
30 72 20780 1598
30 73 8238 633
30 74 6113 470
31 0 19702 1515
31 1 18167 1397
31 2 17433 1341
31 3 22563 1735
31 4 27320 2101
31 5 22157 1704
31 6 24978 1921
31 7 25294 1945
31 8 26284 2021
31 9 18708 1439
31 10 17310 1331
31 11 27094 2084
31 12 25176 1936
31 13 15001 1153
31 14 18806 1446
31 15 7207 554
31 16 14090 1083
31 17 15242 1172
31 18 6633 510
31 19 26382 2029
31 20 29249 2249
31 21 11193 861
31 22 22500 1730
31 23 1211 93
31 24 6128 471
31 25 20460 1573
31 26 25176 1936
31 27 11479 883
31 28 25173 1936
31 29 27025 2078
31 30 8529 656
31 31 0 0
31 32 6118 470
31 33 19953 1534
31 34 2685 206
31 35 23103 1777
31 36 4570 351
31 37 7868 605
31 38 6486 498
31 39 16724 1286
31 40 25015 1924
31 41 10724 824
31 42 18485 1421
31 43 29942 2303
31 44 17981 1383
31 45 15171 1167
31 46 20216 1555
31 47 18755 1442
31 48 10681 821
31 49 6113 470
31 50 6339 487
31 51 13372 1028
31 52 27949 2149
31 53 3778 290
31 54 28002 2154
31 55 3557 273
31 56 28403 2184
31 57 10561 812
31 58 4578 352
31 59 7311 562
31 60 14877 1144
31 61 6479 498
31 62 4085 314
31 63 17038 1310
31 64 10051 773
31 65 7673 590
31 66 5799 446
31 67 4455 342
31 68 8168 628
31 69 8796 676
31 70 14973 1151
31 71 22200 1707
31 72 3207 246
31 73 16571 1274
31 74 933 71
32 0 16635 1279
32 1 1023 78
32 2 25756 1981
32 3 9279 713
32 4 22956 1765
32 5 28827 2217
32 6 10318 793
32 7 28412 2185
32 8 29296 2253
32 9 13022 1001
32 10 10066 774
32 11 13594 1045
32 12 11608 892
32 13 23386 1798
32 14 6896 530
32 15 29901 2300
32 16 898 69
32 17 12379 952
32 18 12296 945
32 19 23408 1800
32 20 10072 774
32 21 11377 875
32 22 24571 1890
32 23 14945 1149
32 24 8882 683
32 25 22157 1704
32 26 2587 199
32 27 11807 908
32 28 26978 2075
32 29 3126 240
32 30 16880 1298
32 31 23376 1798
32 32 0 0
32 33 7794 599
32 34 1138 87
32 35 4406 338
32 36 9819 755
32 37 22286 1714
32 38 2222 170
32 39 29487 2268
32 40 12854 988
32 41 19972 1536
32 42 8437 649
32 43 23297 1792
32 44 430 33
32 45 6534 502
32 46 29844 2295
32 47 4771 367
32 48 3217 247
32 49 8255 635
32 50 11251 865
32 51 11840 910
32 52 13531 1040
32 53 11098 853
32 54 7784 598
32 55 12091 930
32 56 12129 933
32 57 9627 740
32 58 28150 2165
32 59 28722 2209
32 60 14605 1123
32 61 3000 230
32 62 19486 1498
32 63 14080 1083
32 64 16722 1286
32 65 11218 862
32 66 3745 288
32 67 27001 2077
32 68 19609 1508
32 69 24599 1892
32 70 1919 147
32 71 1923 147
32 72 11952 919
32 73 27376 2105
32 74 22514 1731
33 0 14470 1113
33 1 19092 1468
33 2 10196 784
33 3 26749 2057
33 4 5119 393
33 5 7208 554
33 6 26438 2033
33 7 23413 1801
33 8 9276 713
33 9 20292 1560
33 10 8202 630
33 11 15985 1229
33 12 24327 1871
33 13 15394 1184
33 14 6825 525
33 15 17351 1334
33 16 8088 622
33 17 20218 1555
33 18 7624 586
33 19 585 45
33 20 5341 410
33 21 8344 641
33 22 29947 2303
33 23 3008 231
33 24 1000 76
33 25 19248 1480
33 26 4092 314
33 27 12187 937
33 28 26948 2072
33 29 20910 1608
33 30 258 19
33 31 28580 2198
33 32 27507 2115
33 33 0 0
33 34 26634 2048
33 35 20339 1564
33 36 6720 516
33 37 6276 482
33 38 26957 2073
33 39 9437 725
33 40 26138 2010
33 41 16441 1264
33 42 9180 706
33 43 20931 1610
33 44 4760 366
33 45 20440 1572
33 46 20173 1551
33 47 4804 369
33 48 2915 224
33 49 5724 440
33 50 3283 252
33 51 26112 2008
33 52 29038 2233
33 53 23975 1844
33 54 6305 485
33 55 11817 909
33 56 27122 2086
33 57 20601 1584
33 58 10435 802
33 59 25463 1958
33 60 17563 1351
33 61 1216 93
33 62 29287 2252
33 63 8335 641
33 64 24735 1902
33 65 1125 86
33 66 15194 1168
33 67 23637 1818
33 68 10349 796
33 69 22473 1728
33 70 25929 1994
33 71 4324 332
33 72 15096 1161
33 73 4206 323
33 74 9577 736
34 0 19010 1462
34 1 10991 845
34 2 26380 2029
34 3 11866 912
34 4 13656 1050
34 5 10220 786
34 6 5931 456
34 7 29100 2238
34 8 20399 1569
34 9 5288 406
34 10 18055 1388
34 11 20580 1583
34 12 9478 729
34 13 23114 1778
34 14 11861 912
34 15 20389 1568
34 16 25571 1967
34 17 895 68
34 18 16259 1250
34 19 24360 1873
34 20 10322 794
34 21 4244 326
34 22 16075 1236
34 23 18754 1442
34 24 24145 1857
34 25 14664 1128
34 26 10837 833
34 27 19856 1527
34 28 21840 1680
34 29 14581 1121
34 30 10105 777
34 31 10008 769
34 32 12905 992
34 33 7806 600
34 34 0 0
34 35 6297 484
34 36 9321 717
34 37 347 26
34 38 4629 356
34 39 14770 1136
34 40 14195 1091
34 41 1185 91
34 42 4198 322
34 43 1818 139
34 44 125 9
34 45 5629 433
34 46 22471 1728
34 47 5503 423
34 48 4245 326
34 49 19706 1515
34 50 6104 469
34 51 21573 1659
34 52 19199 1476
34 53 7567 582
34 54 19983 1537
34 55 25143 1934
34 56 28229 2171
34 57 27075 2082
34 58 25291 1945
34 59 13988 1076
34 60 4268 328
34 61 13977 1075
34 62 13579 1044
34 63 27332 2102
34 64 21315 1639
34 65 10668 820
34 66 19558 1504
34 67 12044 926
34 68 28920 2224
34 69 2088 160
34 70 24746 1903
34 71 15285 1175
34 72 18073 1390
34 73 1108 85
34 74 29936 2302
35 0 3373 259
35 1 22963 1766
35 2 7766 597
35 3 23116 1778
35 4 7095 545
35 5 17753 1365
35 6 10887 837
35 7 15001 1153
35 8 25837 1987
35 9 17771 1367
35 10 8213 631
35 11 4506 346
35 12 19013 1462
35 13 23013 1770
35 14 20561 1581
35 15 13537 1041
35 16 29647 2280
35 17 16477 1267
35 18 11161 858
35 19 5509 423
35 20 8881 683
35 21 26056 2004
35 22 13178 1013
35 23 26542 2041
35 24 11178 859
35 25 28307 2177
35 26 12738 979
35 27 3886 298
35 28 16727 1286
35 29 22418 1724
35 30 11849 911
35 31 26435 2033
35 32 16242 1249
35 33 4196 322
35 34 2983 229
35 35 0 0
35 36 1741 133
35 37 15759 1212
35 38 19571 1505
35 39 16094 1238
35 40 22176 1705
35 41 11076 852
35 42 11649 896
35 43 2335 179
35 44 5740 441
35 45 19296 1484
35 46 8093 622
35 47 29754 2288
35 48 10823 832
35 49 25109 1931
35 50 4502 346
35 51 25592 1968
35 52 28242 2172
35 53 26481 2037
35 54 15797 1215
35 55 3937 302
35 56 22393 1722
35 57 15565 1197
35 58 18734 1441
35 59 18129 1394
35 60 18261 1404
35 61 27443 2111
35 62 21302 1638
35 63 683 52
35 64 20439 1572
35 65 5290 406
35 66 25598 1969
35 67 8434 648
35 68 4424 340
35 69 20098 1546
35 70 26903 2069
35 71 22085 1698
35 72 28589 2199
35 73 1226 94
35 74 26092 2007
36 0 18706 1438
36 1 20167 1551
36 2 10833 833
36 3 19941 1533
36 4 17174 1321
36 5 4932 379
36 6 8211 631
36 7 6306 485
36 8 10852 834
36 9 6831 525
36 10 11785 906
36 11 28077 2159
36 12 3435 264
36 13 8872 682
36 14 13600 1046
36 15 19381 1490
36 16 27948 2149
36 17 14774 1136
36 18 17035 1310
36 19 24675 1898
36 20 20557 1581
36 21 7761 597
36 22 11363 874
36 23 10370 797
36 24 12829 986
36 25 22427 1725
36 26 19343 1487
36 27 7332 564
36 28 15031 1156
36 29 12855 988
36 30 20959 1612
36 31 18725 1440
36 32 6288 483
36 33 10507 808
36 34 9425 725
36 35 25897 1992
36 36 0 0
36 37 21954 1688
36 38 22647 1742
36 39 2727 209
36 40 19464 1497
36 41 9165 705
36 42 3266 251
36 43 5154 396
36 44 28831 2217
36 45 12683 975
36 46 16578 1275
36 47 6883 529
36 48 8433 648
36 49 14324 1101
36 50 29974 2305
36 51 3096 238
36 52 9125 701
36 53 3436 264
36 54 7765 597
36 55 1312 100
36 56 22079 1698
36 57 21653 1665
36 58 20661 1589
36 59 24001 1846
36 60 28988 2229
36 61 1029 79
36 62 25050 1926
36 63 6562 504
36 64 28864 2220
36 65 28434 2187
36 66 27536 2118
36 67 14005 1077
36 68 28289 2176
36 69 8595 661
36 70 2472 190
36 71 13467 1035
36 72 18483 1421
36 73 1918 147
36 74 23876 1836
37 0 13685 1052
37 1 18111 1393
37 2 19180 1475
37 3 28568 2197
37 4 18236 1402
37 5 26996 2076
37 6 22230 1710
37 7 306 23
37 8 1401 107
37 9 11195 861
37 10 5149 396
37 11 21867 1682
37 12 23566 1812
37 13 24512 1885
37 14 3444 264
37 15 21939 1687
37 16 14634 1125
37 17 2802 215
37 18 967 74
37 19 10509 808
37 20 25872 1990
37 21 9945 765
37 22 2714 208
37 23 17221 1324
37 24 10616 816
37 25 13103 1007
37 26 16917 1301
37 27 9721 747
37 28 5810 446
37 29 19495 1499
37 30 17689 1360
37 31 16374 1259
37 32 26431 2033
37 33 7916 608
37 34 2301 177
37 35 2433 187
37 36 29130 2240
37 37 0 0
37 38 1453 111
37 39 3623 278
37 40 3076 236
37 41 2667 205
37 42 17512 1347
37 43 6135 471
37 44 19738 1518
37 45 9395 722
37 46 10667 820
37 47 13481 1037
37 48 3274 251
37 49 20941 1610
37 50 28477 2190
37 51 23730 1825
37 52 10482 806
37 53 17062 1312
37 54 27806 2138
37 55 20019 1539
37 56 5124 394
37 57 21518 1655
37 58 3477 267
37 59 9018 693
37 60 28707 2208
37 61 22605 1738
37 62 17477 1344
37 63 11545 888
37 64 4028 309
37 65 10767 828
37 66 8561 658
37 67 10347 795
37 68 12246 942
37 69 4209 323
37 70 22617 1739
37 71 2588 199
37 72 17467 1343
37 73 3022 232
37 74 16593 1276
38 0 28869 2220
38 1 20360 1566
38 2 8941 687
38 3 18802 1446
38 4 6480 498
38 5 25174 1936
38 6 16641 1280
38 7 20769 1597
38 8 24419 1878
38 9 26990 2076
38 10 26233 2017
38 11 5352 411
38 12 1599 123
38 13 16263 1251
38 14 28503 2192
38 15 23789 1829
38 16 6937 533
38 17 11068 851
38 18 4365 335
38 19 24845 1911
38 20 20342 1564
38 21 25892 1991
38 22 11215 862
38 23 10604 815
38 24 800 61
38 25 7650 588
38 26 27549 2119
38 27 17058 1312
38 28 4445 341
38 29 29498 2269
38 30 8457 650
38 31 13360 1027
38 32 25570 1966
38 33 24930 1917
38 34 6967 535
38 35 10878 836
38 36 16089 1237
38 37 10195 784
38 38 0 0
38 39 21110 1623
38 40 16282 1252
38 41 20731 1594
38 42 12778 982
38 43 15078 1159
38 44 15525 1194
38 45 3966 305
38 46 28229 2171
38 47 14490 1114
38 48 26433 2033
38 49 16133 1241
38 50 1377 105
38 51 3686 283
38 52 9731 748
38 53 21294 1638
38 54 189 14
38 55 18045 1388
38 56 15138 1164
38 57 20426 1571
38 58 10546 811
38 59 26294 2022
38 60 16857 1296
38 61 1698 130
38 62 5727 440
38 63 2311 177
38 64 5112 393
38 65 25799 1984
38 66 18414 1416
38 67 10822 832
38 68 19519 1501
38 69 10671 820
38 70 28795 2215
38 71 9943 764
38 72 19297 1484
38 73 21377 1644
38 74 17577 1352
39 0 29030 2233
39 1 8960 689
39 2 27822 2140
39 3 1880 144
39 4 6585 506
39 5 29614 2278
39 6 14460 1112
39 7 4084 314
39 8 2154 165
39 9 7337 564
39 10 29831 2294
39 11 25946 1995
39 12 19778 1521
39 13 2050 157
39 14 16733 1287
39 15 6984 537
39 16 5308 408
39 17 17778 1367
39 18 16785 1291
39 19 14371 1105
39 20 13195 1015
39 21 28584 2198
39 22 7934 610
39 23 3772 290
39 24 18269 1405
39 25 27545 2118
39 26 11114 854
39 27 23320 1793
39 28 3090 237
39 29 20885 1606
39 30 14875 1144
39 31 11200 861
39 32 19788 1522
39 33 21524 1655
39 34 2826 217
39 35 23015 1770
39 36 27816 2139
39 37 21651 1665
39 38 22772 1751
39 39 0 0
39 40 3746 288
39 41 13677 1052
39 42 7916 608
39 43 1092 84
39 44 12186 937
39 45 5909 454
39 46 5015 385
39 47 743 57
39 48 6820 524
39 49 3711 285
39 50 20108 1546
39 51 7259 558
39 52 27146 2088
39 53 28151 2165
39 54 28384 2183
39 55 4364 335
39 56 24264 1866
39 57 17152 1319
39 58 14799 1138
39 59 16868 1297
39 60 27748 2134
39 61 888 68
39 62 26240 2018
39 63 11620 893
39 64 2544 195
39 65 16864 1297
39 66 28898 2222
39 67 26128 2009
39 68 1325 101
39 69 29852 2296
39 70 2226 171
39 71 21663 1666
39 72 15376 1182
39 73 713 54
39 74 20292 1560
40 0 5427 417
40 1 5369 413
40 2 24325 1871
40 3 24464 1881
40 4 5040 387
40 5 16176 1244
40 6 8561 658
40 7 15091 1160
40 8 18627 1432
40 9 17064 1312
40 10 28337 2179
40 11 10732 825
40 12 12071 928
40 13 14064 1081
40 14 3709 285
40 15 24466 1882
40 16 24800 1907
40 17 17428 1340
40 18 867 66
40 19 9374 721
40 20 456 35
40 21 5751 442
40 22 13782 1060
40 23 14002 1077
40 24 11035 848
40 25 18736 1441
40 26 6119 470
40 27 5776 444
40 28 17935 1379
40 29 2920 224
40 30 9823 755
40 31 2414 185
40 32 11040 849
40 33 14929 1148
40 34 2985 229
40 35 10384 798
40 36 9108 700
40 37 8240 633
40 38 645 49
40 39 2238 172
40 40 0 0
40 41 11564 889
40 42 10648 819
40 43 6402 492
40 44 26717 2055
40 45 19171 1474
40 46 27651 2127
40 47 10186 783
40 48 25194 1938
40 49 28980 2229
40 50 2033 156
40 51 20471 1574
40 52 23104 1777
40 53 22780 1752
40 54 2821 217
40 55 5793 445
40 56 7840 603
40 57 8590 660
40 58 12042 926
40 59 8096 622
40 60 2617 201
40 61 9200 707
40 62 11835 910
40 63 7249 557
40 64 19745 1518
40 65 11760 904
40 66 29062 2235
40 67 5250 403
40 68 4030 310
40 69 13610 1046
40 70 2307 177
40 71 18471 1420
40 72 28917 2224
40 73 8443 649
40 74 21508 1654
41 0 12637 972
41 1 8867 682
41 2 27387 2106
41 3 11404 877
41 4 7551 580
41 5 16381 1260
41 6 967 74
41 7 23007 1769
41 8 29569 2274
41 9 27521 2117
41 10 6483 498
41 11 13370 1028
41 12 23097 1776
41 13 3406 262
41 14 26364 2028
41 15 17392 1337
41 16 17516 1347
41 17 14914 1147
41 18 27952 2150
41 19 25443 1957
41 20 26072 2005
41 21 13027 1002
41 22 6928 532
41 23 4732 364
41 24 693 53
41 25 11268 866
41 26 23722 1824
41 27 19961 1535
41 28 22300 1715
41 29 23896 1838
41 30 18814 1447
41 31 1185 91
41 32 1822 140
41 33 28694 2207
41 34 24756 1904
41 35 20819 1601
41 36 22073 1697
41 37 2343 180
41 38 5657 435
41 39 5388 414
41 40 605 46
41 41 0 0
41 42 23727 1825
41 43 2622 201
41 44 26671 2051
41 45 9579 736
41 46 13651 1050
41 47 8471 651
41 48 11961 920
41 49 17110 1316
41 50 3689 283
41 51 20717 1593
41 52 9857 758
41 53 1966 151
41 54 6377 490
41 55 20396 1568
41 56 4106 315
41 57 3671 282
41 58 20467 1574
41 59 4271 328
41 60 18558 1427
41 61 2830 217
41 62 19172 1474
41 63 7068 543
41 64 17601 1353
41 65 19651 1511
41 66 29346 2257
41 67 25078 1929
41 68 3466 266
41 69 18183 1398
41 70 15369 1182
41 71 13538 1041
41 72 3292 253
41 73 6285 483
41 74 18315 1408
42 0 7893 607
42 1 7991 614
42 2 22196 1707
42 3 10302 792
42 4 22852 1757
42 5 23669 1820
42 6 28210 2170
42 7 2070 159
42 8 25697 1976
42 9 19563 1504
42 10 1484 114
42 11 8810 677
42 12 8361 643
42 13 24473 1882
42 14 8975 690
42 15 19477 1498
42 16 28313 2177
42 17 28543 2195
42 18 10353 796
42 19 14325 1101
42 20 23140 1780
42 21 10879 836
42 22 3874 298
42 23 15555 1196
42 24 22991 1768
42 25 2721 209
42 26 28611 2200
42 27 14854 1142
42 28 16849 1296
42 29 23545 1811
42 30 26680 2052
42 31 27801 2138
42 32 6679 513
42 33 27751 2134
42 34 17513 1347
42 35 20958 1612
42 36 23735 1825
42 37 8479 652
42 38 13143 1011
42 39 26317 2024
42 40 17952 1380
42 41 571 43
42 42 0 0
42 43 13411 1031
42 44 21366 1643
42 45 23184 1783
42 46 29943 2303
42 47 17952 1380
42 48 6498 499
42 49 6310 485
42 50 19918 1532
42 51 150 11
42 52 26760 2058
42 53 7196 553
42 54 25633 1971
42 55 17323 1332
42 56 491 37
42 57 3050 234
42 58 13748 1057
42 59 14833 1141
42 60 25288 1945
42 61 26986 2075
42 62 25815 1985
42 63 27260 2096
42 64 19448 1496
42 65 24442 1880
42 66 8341 641
42 67 801 61
42 68 18227 1402
42 69 2433 187
42 70 28790 2214
42 71 307 23
42 72 8819 678
42 73 14739 1133
42 74 19066 1466
43 0 1900 146
43 1 19939 1533
43 2 4414 339
43 3 14201 1092
43 4 25219 1939
43 5 29868 2297
43 6 14433 1110
43 7 27483 2114
43 8 16543 1272
43 9 11838 910
43 10 15941 1226
43 11 29272 2251
43 12 23885 1837
43 13 9726 748
43 14 7552 580
43 15 29286 2252
43 16 16397 1261
43 17 7323 563
43 18 21658 1666
43 19 9430 725
43 20 16181 1244
43 21 18447 1419
43 22 1904 146
43 23 18354 1411
43 24 27984 2152
43 25 13097 1007
43 26 19791 1522
43 27 12431 956
43 28 10334 794
43 29 18069 1389
43 30 15309 1177
43 31 20807 1600
43 32 23415 1801
43 33 22084 1698
43 34 13415 1031
43 35 22054 1696
43 36 13541 1041
43 37 6559 504
43 38 11176 859
43 39 3476 267
43 40 29772 2290
43 41 3444 264
43 42 4998 384
43 43 0 0
43 44 27362 2104
43 45 16316 1255
43 46 25836 1987
43 47 3191 245
43 48 26095 2007
43 49 15898 1222
43 50 17120 1316
43 51 14513 1116
43 52 12424 955
43 53 15501 1192
43 54 6126 471
43 55 8604 661
43 56 14090 1083
43 57 12111 931
43 58 1330 102
43 59 19991 1537
43 60 14050 1080
43 61 11490 883
43 62 6642 510
43 63 24487 1883
43 64 10903 838
43 65 8484 652
43 66 21167 1628
43 67 8354 642
43 68 29193 2245
43 69 23277 1790
43 70 3422 263
43 71 10561 812
43 72 5780 444
43 73 19820 1524
43 74 14593 1122
44 0 20549 1580
44 1 12255 942
44 2 17303 1331
44 3 11979 921
44 4 17886 1375
44 5 19518 1501
44 6 7757 596
44 7 9736 748
44 8 26319 2024
44 9 15620 1201
44 10 25625 1971
44 11 6986 537
44 12 24014 1847
44 13 5715 439
44 14 16345 1257
44 15 755 58
44 16 26041 2003
44 17 732 56
44 18 5639 433
44 19 2496 192
44 20 22055 1696
44 21 28213 2170
44 22 8267 635
44 23 10869 836
44 24 21236 1633
44 25 9329 717
44 26 28586 2198
44 27 1412 108
44 28 11943 918
44 29 19343 1487
44 30 6141 472
44 31 24414 1878
44 32 25114 1931
44 33 13078 1006
44 34 3267 251
44 35 18785 1445
44 36 6914 531
44 37 10719 824
44 38 19175 1475
44 39 20633 1587
44 40 10216 785
44 41 2561 197
44 42 7393 568
44 43 8363 643
44 44 0 0
44 45 6882 529
44 46 1651 127
44 47 2058 158
44 48 3521 270
44 49 16609 1277
44 50 7164 551
44 51 250 19
44 52 20939 1610
44 53 16327 1255
44 54 15800 1215
44 55 24613 1893
44 56 11133 856
44 57 22692 1745
44 58 6435 495
44 59 13417 1032
44 60 26149 2011
44 61 7801 600
44 62 8099 623
44 63 22622 1740
44 64 27004 2077
44 65 16308 1254
44 66 27590 2122
44 67 29827 2294
44 68 17102 1315
44 69 6091 468
44 70 25880 1990
44 71 7744 595
44 72 20067 1543
44 73 6053 465
44 74 18711 1439
45 0 24133 1856
45 1 29034 2233
45 2 1047 80
45 3 12596 968
45 4 24888 1914
45 5 20704 1592
45 6 2560 196
45 7 682 52
45 8 11843 911
45 9 29094 2238
45 10 19733 1517
45 11 24606 1892
45 12 29411 2262
45 13 1673 128
45 14 4552 350
45 15 5724 440
45 16 8420 647
45 17 12469 959
45 18 4686 360
45 19 17179 1321
45 20 17012 1308
45 21 28204 2169
45 22 16367 1259
45 23 26507 2039
45 24 9517 732
45 25 658 50
45 26 29827 2294
45 27 18542 1426
45 28 24078 1852
45 29 10638 818
45 30 8773 674
45 31 3409 262
45 32 24259 1866
45 33 23558 1812
45 34 18549 1426
45 35 10735 825
45 36 15756 1212
45 37 7607 585
45 38 13146 1011
45 39 22881 1760
45 40 28729 2209
45 41 1640 126
45 42 29981 2306
45 43 22374 1721
45 44 12932 994
45 45 0 0
45 46 25340 1949
45 47 19247 1480
45 48 4924 378
45 49 3635 279
45 50 12751 980
45 51 25008 1923
45 52 23386 1798
45 53 20435 1571
45 54 5652 434
45 55 17472 1344
45 56 28594 2199
45 57 21284 1637
45 58 11958 919
45 59 14142 1087
45 60 27094 2084
45 61 21657 1665
45 62 21635 1664
45 63 26868 2066
45 64 4324 332
45 65 12936 995
45 66 27344 2103
45 67 5988 460
45 68 6019 463
45 69 16092 1237
45 70 4943 380
45 71 23920 1840
45 72 16035 1233
45 73 25212 1939
45 74 8298 638
46 0 13922 1070
46 1 22277 1713
46 2 28929 2225
46 3 1240 95
46 4 27892 2145
46 5 18216 1401
46 6 25535 1964
46 7 2488 191
46 8 16547 1272
46 9 2028 156
46 10 22772 1751
46 11 20252 1557
46 12 8575 659
46 13 21403 1646
46 14 20119 1547
46 15 16037 1233
46 16 21342 1641
46 17 17388 1337
46 18 8415 647
46 19 6724 517
46 20 23098 1776
46 21 16485 1268
46 22 29470 2266
46 23 6916 532
46 24 21805 1677
46 25 18671 1436
46 26 14607 1123
46 27 12270 943
46 28 27356 2104
46 29 24294 1868
46 30 324 24
46 31 17216 1324
46 32 28489 2191
46 33 9494 730
46 34 8406 646
46 35 24310 1870
46 36 20981 1613
46 37 26663 2051
46 38 12783 983
46 39 3769 289
46 40 8149 626
46 41 9000 692
46 42 26039 2003
46 43 15345 1180
46 44 305 23
46 45 17052 1311
46 46 0 0
46 47 29818 2293
46 48 25707 1977
46 49 16779 1290
46 50 3302 254
46 51 7985 614
46 52 20484 1575
46 53 4559 350
46 54 11653 896
46 55 17008 1308
46 56 15298 1176
46 57 23931 1840
46 58 12128 932
46 59 28235 2171
46 60 26594 2045
46 61 22753 1750
46 62 27189 2091
46 63 1420 109
46 64 13424 1032
46 65 15071 1159
46 66 22329 1717
46 67 23983 1844
46 68 28203 2169
46 69 4074 313
46 70 5833 448
46 71 22525 1732
46 72 16917 1301
46 73 2980 229
46 74 19196 1476
47 0 4992 384
47 1 1503 115
47 2 13389 1029
47 3 9068 697
47 4 3110 239
47 5 5529 425
47 6 9231 710
47 7 15206 1169
47 8 3992 307
47 9 13286 1022
47 10 25843 1987
47 11 18883 1452
47 12 21197 1630
47 13 12875 990
47 14 18820 1447
47 15 10909 839
47 16 8201 630
47 17 12098 930
47 18 8083 621
47 19 22719 1747
47 20 21406 1646
47 21 25001 1923
47 22 18351 1411
47 23 318 24
47 24 14477 1113
47 25 902 69
47 26 4082 314
47 27 17124 1317
47 28 28062 2158
47 29 21278 1636
47 30 1472 113
47 31 25439 1956
47 32 5897 453
47 33 11151 857
47 34 28627 2202
47 35 12830 986
47 36 3068 236
47 37 29255 2250
47 38 2456 188
47 39 7055 542
47 40 9029 694
47 41 11035 848
47 42 5826 448
47 43 15444 1188
47 44 26976 2075
47 45 5289 406
47 46 1303 100
47 47 0 0
47 48 23634 1818
47 49 2490 191
47 50 19847 1526
47 51 15193 1168
47 52 1343 103
47 53 27093 2084
47 54 8010 616
47 55 20133 1548
47 56 24187 1860
47 57 18340 1410
47 58 1023 78
47 59 27057 2081
47 60 15104 1161
47 61 27604 2123
47 62 22553 1734
47 63 4357 335
47 64 2825 217
47 65 10706 823
47 66 20158 1550
47 67 12822 986
47 68 29223 2247
47 69 1533 117
47 70 5732 440
47 71 14837 1141
47 72 19316 1485
47 73 946 72
47 74 28068 2159
48 0 10115 778
48 1 11596 892
48 2 7165 551
48 3 12603 969
48 4 1520 116
48 5 19873 1528
48 6 25225 1940
48 7 11056 850
48 8 5824 448
48 9 25971 1997
48 10 12986 998
48 11 13948 1072
48 12 2559 196
48 13 642 49
48 14 25941 1995
48 15 27186 2091
48 16 9134 702
48 17 2589 199
48 18 18327 1409
48 19 11384 875
48 20 2435 187
48 21 11610 893
48 22 14293 1099
48 23 9497 730
48 24 24906 1915
48 25 26433 2033
48 26 2927 225
48 27 17434 1341
48 28 29837 2295
48 29 19976 1536
48 30 15368 1182
48 31 28767 2212
48 32 10685 821
48 33 25761 1981
48 34 22918 1762
48 35 9909 762
48 36 7482 575
48 37 12675 975
48 38 28326 2178
48 39 7464 574
48 40 20841 1603
48 41 21563 1658
48 42 5709 439
48 43 8543 657
48 44 19588 1506
48 45 23892 1837
48 46 23065 1774
48 47 15693 1207
48 48 0 0
48 49 11375 875
48 50 20806 1600
48 51 9857 758
48 52 18880 1452
48 53 9778 752
48 54 4799 369
48 55 10363 797
48 56 7991 614
48 57 17388 1337
48 58 18062 1389
48 59 9026 694
48 60 21812 1677
48 61 5782 444
48 62 4135 318
48 63 27729 2133
48 64 22525 1732
48 65 1959 150
48 66 9772 751
48 67 13266 1020
48 68 8549 657
48 69 26329 2025
48 70 15221 1170
48 71 5194 399
48 72 1864 143
48 73 25508 1962
48 74 21161 1627
49 0 29345 2257
49 1 18338 1410
49 2 317 24
49 3 17962 1381
49 4 12394 953
49 5 14803 1138
49 6 15759 1212
49 7 1055 81
49 8 13784 1060
49 9 18021 1386
49 10 5747 442
49 11 11039 849
49 12 4026 309
49 13 4725 363
49 14 20912 1608
49 15 9053 696
49 16 12604 969
49 17 10899 838
49 18 6954 534
49 19 20077 1544
49 20 9262 712
49 21 25508 1962
49 22 25455 1958
49 23 28008 2154
49 24 26058 2004
49 25 25961 1997
49 26 19790 1522
49 27 28607 2200
49 28 24432 1879
49 29 14132 1087
49 30 11660 896
49 31 9552 734
49 32 11458 881
49 33 25746 1980
49 34 24607 1892
49 35 13818 1062
49 36 19040 1464
49 37 25069 1928
49 38 26731 2056
49 39 16238 1249
49 40 8171 628
49 41 9000 692
49 42 3042 234
49 43 25887 1991
49 44 5198 399
49 45 27552 2119
49 46 5888 452
49 47 12482 960
49 48 4633 356
49 49 0 0
49 50 5915 455
49 51 4322 332
49 52 9055 696
49 53 5188 399
49 54 22193 1707
49 55 28140 2164
49 56 19226 1478
49 57 15333 1179
49 58 6000 461
49 59 14961 1150
49 60 18115 1393
49 61 7959 612
49 62 3413 262
49 63 10020 770
49 64 6394 491
49 65 24679 1898
49 66 29744 2288
49 67 3674 282
49 68 3469 266
49 69 16433 1264
49 70 9185 706
49 71 10969 843
49 72 26038 2002
49 73 5647 434
49 74 6767 520
50 0 3703 284
50 1 25737 1979
50 2 9182 706
50 3 6601 507
50 4 9118 701
50 5 21915 1685
50 6 6384 491
50 7 24456 1881
50 8 7677 590
50 9 2470 190
50 10 7808 600
50 11 5015 385
50 12 14915 1147
50 13 16699 1284
50 14 21704 1669
50 15 884 68
50 16 25120 1932
50 17 29583 2275
50 18 6966 535
50 19 26929 2071
50 20 13596 1045
50 21 1388 106
50 22 25842 1987
50 23 21126 1625
50 24 15821 1217
50 25 2510 193
50 26 16582 1275
50 27 18536 1425
50 28 3861 297
50 29 22230 1710
50 30 8269 636
50 31 6654 511
50 32 27132 2087
50 33 13736 1056
50 34 17578 1352
50 35 16135 1241
50 36 28360 2181
50 37 21616 1662
50 38 21272 1636
50 39 11587 891
50 40 22755 1750
50 41 12408 954
50 42 17058 1312
50 43 22550 1734
50 44 20502 1577
50 45 22051 1696
50 46 10088 776
50 47 29318 2255
50 48 5679 436
50 49 12639 972
50 50 0 0
50 51 8504 654
50 52 435 33
50 53 14987 1152
50 54 1253 96
50 55 6204 477
50 56 26655 2050
50 57 8217 632
50 58 17105 1315
50 59 20587 1583
50 60 16345 1257
50 61 18904 1454
50 62 1276 98
50 63 14063 1081
50 64 24618 1893
50 65 27945 2149
50 66 28213 2170
50 67 28346 2180
50 68 2285 175
50 69 13598 1046
50 70 23862 1835
50 71 22389 1722
50 72 8367 643
50 73 8790 676
50 74 24203 1861
51 0 668 51
51 1 10638 818
51 2 28688 2206
51 3 29472 2267
51 4 19171 1474
51 5 16258 1250
51 6 2904 223
51 7 18014 1385
51 8 24311 1870
51 9 25118 1932
51 10 21751 1673
51 11 11098 853
51 12 21553 1657
51 13 24679 1898
51 14 26211 2016
51 15 5981 460
51 16 19746 1518
51 17 21070 1620
51 18 8723 671
51 19 237 18
51 20 10314 793
51 21 14952 1150
51 22 25715 1978
51 23 19476 1498
51 24 21529 1656
51 25 18177 1398
51 26 23418 1801
51 27 821 63
51 28 28351 2180
51 29 1557 119
51 30 26940 2072
51 31 5038 387
51 32 18995 1461
51 33 9232 710
51 34 8588 660
51 35 16278 1252
51 36 2699 207
51 37 16342 1257
51 38 28527 2194
51 39 13138 1010
51 40 15109 1162
51 41 27204 2092
51 42 15626 1202
51 43 28495 2191
51 44 28213 2170
51 45 29291 2253
51 46 5098 392
51 47 11484 883
51 48 3548 272
51 49 26390 2030
51 50 14888 1145
51 51 0 0
51 52 3613 277
51 53 29984 2306
51 54 6538 502
51 55 22078 1698
51 56 5035 387
51 57 25260 1943
51 58 28452 2188
51 59 27948 2149
51 60 23561 1812
51 61 6871 528
51 62 5929 456
51 63 15044 1157
51 64 13353 1027
51 65 151 11
51 66 18736 1441
51 67 23790 1830
51 68 5587 429
51 69 26852 2065
51 70 27223 2094
51 71 14450 1111
51 72 4962 381
51 73 9249 711
51 74 18354 1411
52 0 14211 1093
52 1 18442 1418
52 2 11326 871
52 3 25020 1924
52 4 16607 1277
52 5 16039 1233
52 6 3426 263
52 7 21553 1657
52 8 17795 1368
52 9 16133 1241
52 10 12725 978
52 11 22206 1708
52 12 11572 890
52 13 2926 225
52 14 29494 2268
52 15 14222 1094
52 16 16452 1265
52 17 5470 420
52 18 504 38
52 19 7138 549
52 20 4168 320
52 21 18465 1420
52 22 23646 1818
52 23 4691 360
52 24 26594 2045
52 25 10938 841
52 26 18044 1388
52 27 26318 2024
52 28 26657 2050
52 29 2448 188
52 30 23749 1826
52 31 17127 1317
52 32 8895 684
52 33 18640 1433
52 34 27277 2098
52 35 14906 1146
52 36 23686 1822
52 37 4787 368
52 38 1746 134
52 39 17769 1366
52 40 16849 1296
52 41 28166 2166
52 42 854 65
52 43 20844 1603
52 44 3370 259
52 45 21960 1689
52 46 23926 1840
52 47 2553 196
52 48 22593 1737
52 49 29136 2241
52 50 28616 2201
52 51 10455 804
52 52 0 0
52 53 9362 720
52 54 28099 2161
52 55 2294 176
52 56 10372 797
52 57 1565 120
52 58 16453 1265
52 59 25380 1952
52 60 21583 1660
52 61 392 30
52 62 28301 2177
52 63 27762 2135
52 64 4818 370
52 65 19171 1474
52 66 25706 1977
52 67 11733 902
52 68 13162 1012
52 69 13506 1038
52 70 5164 397
52 71 24404 1877
52 72 27740 2133
52 73 26139 2010
52 74 20569 1582
53 0 25286 1945
53 1 12507 962
53 2 20616 1585
53 3 29079 2236
53 4 19530 1502
53 5 4927 379
53 6 9882 760
53 7 23394 1799
53 8 25644 1972
53 9 21595 1661
53 10 19594 1507
53 11 23386 1798
53 12 12660 973
53 13 17301 1330
53 14 10987 845
53 15 26742 2057
53 16 20806 1600
53 17 6541 503
53 18 9488 729
53 19 15478 1190
53 20 12072 928
53 21 2698 207
53 22 11406 877
53 23 3765 289
53 24 19394 1491
53 25 20768 1597
53 26 13568 1043
53 27 7472 574
53 28 19248 1480
53 29 5737 441
53 30 27680 2129
53 31 28541 2195
53 32 28601 2200
53 33 8820 678
53 34 22280 1713
53 35 26190 2014
53 36 4945 380
53 37 15087 1160
53 38 7730 594
53 39 10012 770
53 40 24252 1865
53 41 25950 1996
53 42 21537 1656
53 43 27989 2153
53 44 18612 1431
53 45 14701 1130
53 46 21560 1658
53 47 29672 2282
53 48 2928 225
53 49 17847 1372
53 50 28493 2191
53 51 3182 244
53 52 19441 1495
53 53 0 0
53 54 28488 2191
53 55 14305 1100
53 56 2644 203
53 57 11982 921
53 58 26486 2037
53 59 7236 556
53 60 11349 873
53 61 1954 150
53 62 3847 295
53 63 27748 2134
53 64 22355 1719
53 65 7887 606
53 66 8392 645
53 67 19206 1477
53 68 15206 1169
53 69 24210 1862
53 70 3521 270
53 71 2443 187
53 72 15759 1212
53 73 2598 199
53 74 410 31
54 0 6241 480
54 1 8668 666
54 2 21992 1691
54 3 11068 851
54 4 25013 1924
54 5 22147 1703
54 6 14174 1090
54 7 22657 1742
54 8 20501 1577
54 9 23659 1819
54 10 16451 1265
54 11 9722 747
54 12 26380 2029
54 13 12475 959
54 14 22458 1727
54 15 6260 481
54 16 555 42
54 17 18489 1422
54 18 27171 2090
54 19 2003 154
54 20 21164 1628
54 21 22483 1729
54 22 6511 500
54 23 14289 1099
54 24 27363 2104
54 25 19708 1516
54 26 13724 1055
54 27 22318 1716
54 28 17791 1368
54 29 15233 1171
54 30 21202 1630
54 31 3795 291
54 32 16264 1251
54 33 20708 1592
54 34 20031 1540
54 35 24886 1914
54 36 25374 1951
54 37 14279 1098
54 38 15317 1178
54 39 10648 819
54 40 18365 1412
54 41 17480 1344
54 42 15547 1195
54 43 2390 183
54 44 27250 2096
54 45 10123 778
54 46 4235 325
54 47 27762 2135
54 48 27207 2092
54 49 16823 1294
54 50 21143 1626
54 51 14411 1108
54 52 4943 380
54 53 7688 591
54 54 0 0
54 55 10950 842
54 56 2269 174
54 57 16934 1302
54 58 9975 767
54 59 3843 295
54 60 22788 1752
54 61 16885 1298
54 62 28590 2199
54 63 13446 1034
54 64 29243 2249
54 65 19382 1490
54 66 23823 1832
54 67 15238 1172
54 68 20219 1555
54 69 17706 1362
54 70 22170 1705
54 71 25761 1981
54 72 27549 2119
54 73 7588 583
54 74 634 48
55 0 11600 892
55 1 18722 1440
55 2 9393 722
55 3 17025 1309
55 4 16314 1254
55 5 8514 654
55 6 13676 1052
55 7 26096 2007
55 8 21824 1678
55 9 26830 2063
55 10 12113 931
55 11 23370 1797
55 12 20971 1613
55 13 13250 1019
55 14 3806 292
55 15 11216 862
55 16 20125 1548
55 17 10151 780
55 18 16594 1276
55 19 2775 213
55 20 28075 2159
55 21 4241 326
55 22 8223 632
55 23 13618 1047
55 24 7594 584
55 25 6508 500
55 26 4147 319
55 27 5409 416
55 28 17845 1372
55 29 611 47
55 30 7467 574
55 31 15384 1183
55 32 15195 1168
55 33 14969 1151
55 34 13322 1024
55 35 25999 1999
55 36 17374 1336
55 37 19812 1524
55 38 3198 246
55 39 15647 1203
55 40 20940 1610
55 41 25766 1982
55 42 19824 1524
55 43 14694 1130
55 44 13699 1053
55 45 25446 1957
55 46 14833 1141
55 47 9860 758
55 48 13742 1057
55 49 15003 1154
55 50 16704 1284
55 51 7845 603
55 52 23678 1821
55 53 22164 1704
55 54 4153 319
55 55 0 0
55 56 23896 1838
55 57 5800 446
55 58 10488 806
55 59 1104 84
55 60 26831 2063
55 61 28331 2179
55 62 3622 278
55 63 16499 1269
55 64 26945 2072
55 65 14430 1110
55 66 12745 980
55 67 26078 2006
55 68 12999 999
55 69 11628 894
55 70 25481 1960
55 71 5218 401
55 72 1797 138
55 73 29638 2279
55 74 6898 530
56 0 14416 1108
56 1 9749 749
56 2 6189 476
56 3 23429 1802
56 4 10342 795
56 5 13250 1019
56 6 26430 2033
56 7 28373 2182
56 8 20003 1538
56 9 5503 423
56 10 10681 821
56 11 24958 1919
56 12 27432 2110
56 13 12527 963
56 14 16554 1273
56 15 28185 2168
56 16 1498 115
56 17 24445 1880
56 18 436 33
56 19 15276 1175
56 20 26500 2038
56 21 22295 1715
56 22 22437 1725
56 23 981 75
56 24 19145 1472
56 25 4304 331
56 26 26569 2043
56 27 9186 706
56 28 4525 348
56 29 22029 1694
56 30 24736 1902
56 31 5597 430
56 32 8148 626
56 33 27524 2117
56 34 3460 266
56 35 22885 1760
56 36 16360 1258
56 37 2799 215
56 38 9235 710
56 39 14823 1140
56 40 978 75
56 41 5463 420
56 42 5253 404
56 43 9615 739
56 44 19172 1474
56 45 28546 2195
56 46 21814 1678
56 47 18060 1389
56 48 6842 526
56 49 1201 92
56 50 262 20
56 51 1230 94
56 52 7563 581
56 53 8320 640
56 54 15337 1179
56 55 18654 1434
56 56 0 0
56 57 11762 904
56 58 13486 1037
56 59 8485 652
56 60 18011 1385
56 61 10924 840
56 62 14005 1077
56 63 8714 670
56 64 21151 1627
56 65 4424 340
56 66 14996 1153
56 67 8638 664
56 68 19933 1533
56 69 22872 1759
56 70 16348 1257
56 71 27164 2089
56 72 25631 1971
56 73 27537 2118
56 74 19832 1525
57 0 7407 569
57 1 5320 409
57 2 21609 1662
57 3 13139 1010
57 4 29890 2299
57 5 438 33
57 6 1934 148
57 7 13565 1043
57 8 6476 498
57 9 9690 745
57 10 7117 547
57 11 24031 1848
57 12 23374 1798
57 13 16361 1258
57 14 15150 1165
57 15 3860 296
57 16 5665 435
57 17 25734 1979
57 18 13415 1031
57 19 7007 539
57 20 1535 118
57 21 17861 1373
57 22 5408 416
57 23 19379 1490
57 24 8513 654
57 25 22269 1713
57 26 8985 691
57 27 28736 2210
57 28 15325 1178
57 29 2382 183
57 30 21578 1659
57 31 18834 1448
57 32 27825 2140
57 33 13837 1064
57 34 28467 2189
57 35 27903 2146
57 36 21029 1617
57 37 12957 996
57 38 12761 981
57 39 1557 119
57 40 29041 2233
57 41 20017 1539
57 42 24462 1881
57 43 25703 1977
57 44 22122 1701
57 45 19622 1509
57 46 23012 1770
57 47 17876 1375
57 48 20233 1556
57 49 29518 2270
57 50 15821 1217
57 51 20504 1577
57 52 19645 1511
57 53 9989 768
57 54 14926 1148
57 55 26014 2001
57 56 17656 1358
57 57 0 0
57 58 1824 140
57 59 9718 747
57 60 23982 1844
57 61 4730 363
57 62 14137 1087
57 63 28314 2178
57 64 22855 1758
57 65 14754 1134
57 66 13048 1003
57 67 23249 1788
57 68 25178 1936
57 69 8211 631
57 70 24629 1894
57 71 19196 1476
57 72 27873 2144
57 73 19427 1494
57 74 26941 2072
58 0 3141 241
58 1 6258 481
58 2 22175 1705
58 3 7407 569
58 4 3395 261
58 5 21726 1671
58 6 9154 704
58 7 7519 578
58 8 18714 1439
58 9 17315 1331
58 10 19883 1529
58 11 12590 968
58 12 27300 2100
58 13 1621 124
58 14 378 29
58 15 18178 1398
58 16 7202 554
58 17 4913 377
58 18 255 19
58 19 7417 570
58 20 5545 426
58 21 1412 108
58 22 28419 2186
58 23 21059 1619
58 24 2443 187
58 25 27873 2144
58 26 6896 530
58 27 27948 2149
58 28 14439 1110
58 29 18151 1396
58 30 10922 840
58 31 28333 2179
58 32 11902 915
58 33 18411 1416
58 34 6447 495
58 35 10622 817
58 36 18869 1451
58 37 23773 1828
58 38 20650 1588
58 39 7648 588
58 40 24439 1879
58 41 13443 1034
58 42 10476 805
58 43 12337 949
58 44 22321 1717
58 45 29054 2234
58 46 7083 544
58 47 11953 919
58 48 20750 1596
58 49 15616 1201
58 50 14928 1148
58 51 5528 425
58 52 20434 1571
58 53 5736 441
58 54 29287 2252
58 55 16282 1252
58 56 27921 2147
58 57 14305 1100
58 58 0 0
58 59 19159 1473
58 60 15138 1164
58 61 7793 599
58 62 20801 1600
58 63 26712 2054
58 64 18315 1408
58 65 24220 1863
58 66 17721 1363
58 67 1683 129
58 68 25327 1948
58 69 6705 515
58 70 9769 751
58 71 3944 303
58 72 202 15
58 73 9838 756
58 74 3270 251
59 0 18025 1386
59 1 25807 1985
59 2 20543 1580
59 3 16539 1272
59 4 19725 1517
59 5 27149 2088
59 6 13804 1061
59 7 12419 955
59 8 16887 1299
59 9 25923 1994
59 10 3992 307
59 11 23213 1785
59 12 23814 1831
59 13 19880 1529
59 14 6249 480
59 15 10027 771
59 16 23941 1841
59 17 11005 846
59 18 4312 331
59 19 5914 454
59 20 1312 100
59 21 25301 1946
59 22 6763 520
59 23 26584 2044
59 24 27100 2084
59 25 24569 1889
59 26 2461 189
59 27 4065 312
59 28 15742 1210
59 29 8844 680
59 30 12425 955
59 31 15153 1165
59 32 22584 1737
59 33 9591 737
59 34 2740 210
59 35 11991 922
59 36 7988 614
59 37 19942 1534
59 38 14599 1123
59 39 27928 2148
59 40 26215 2016
59 41 25881 1990
59 42 3027 232
59 43 3301 253
59 44 10143 780
59 45 29662 2281
59 46 10258 789
59 47 19767 1520
59 48 5882 452
59 49 17916 1378
59 50 8947 688
59 51 12246 942
59 52 9236 710
59 53 11670 897
59 54 13959 1073
59 55 15309 1177
59 56 18872 1451
59 57 29823 2294
59 58 18878 1452
59 59 0 0
59 60 10211 785
59 61 22360 1720
59 62 9594 738
59 63 6595 507
59 64 26148 2011
59 65 9776 752
59 66 26510 2039
59 67 4910 377
59 68 4894 376
59 69 6550 503
59 70 3023 232
59 71 25448 1957
59 72 13770 1059
59 73 29731 2287
59 74 16913 1301
60 0 7570 582
60 1 6286 483
60 2 25657 1973
60 3 28293 2176
60 4 24621 1893
60 5 13078 1006
60 6 25323 1947
60 7 9851 757
60 8 5149 396
60 9 17739 1364
60 10 4083 314
60 11 18255 1404
60 12 22934 1764
60 13 350 26
60 14 3533 271
60 15 20807 1600
60 16 6261 481
60 17 11162 858
60 18 3200 246
60 19 29613 2277
60 20 8091 622
60 21 22783 1752
60 22 3845 295
60 23 18619 1432
60 24 13290 1022
60 25 20833 1602
60 26 1057 81
60 27 1714 131
60 28 740 56
60 29 6136 472
60 30 3004 231
60 31 20626 1586
60 32 5898 453
60 33 13960 1073
60 34 28697 2207
60 35 7027 540
60 36 7555 581
60 37 11371 874
60 38 6217 478
60 39 28013 2154
60 40 11106 854
60 41 1644 126
60 42 4008 308
60 43 28983 2229
60 44 12180 936
60 45 11141 857
60 46 18785 1445
60 47 15232 1171
60 48 29203 2246
60 49 18754 1442
60 50 1982 152
60 51 28357 2181
60 52 14621 1124
60 53 28935 2225
60 54 14376 1105
60 55 21408 1646
60 56 10251 788
60 57 26231 2017
60 58 6496 499
60 59 24500 1884
60 60 0 0
60 61 2139 164
60 62 14304 1100
60 63 7778 598
60 64 5676 436
60 65 17108 1316
60 66 25129 1933
60 67 11389 876
60 68 11398 876
60 69 23473 1805
60 70 29600 2276
60 71 21959 1689
60 72 24834 1910
60 73 25689 1976
60 74 11358 873
61 0 27329 2102
61 1 15108 1162
61 2 28753 2211
61 3 29905 2300
61 4 20021 1540
61 5 19302 1484
61 6 17210 1323
61 7 6345 488
61 8 3291 253
61 9 28575 2198
61 10 1507 115
61 11 11113 854
61 12 18293 1407
61 13 1602 123
61 14 9950 765
61 15 13849 1065
61 16 29809 2293
61 17 29554 2273
61 18 8183 629
61 19 8508 654
61 20 21440 1649
61 21 2365 181
61 22 12921 993
61 23 29448 2265
61 24 19717 1516
61 25 14025 1078
61 26 12792 984
61 27 3678 282
61 28 11799 907
61 29 15231 1171
61 30 24895 1915
61 31 18634 1433
61 32 9631 740
61 33 3828 294
61 34 102 7
61 35 23686 1822
61 36 6087 468
61 37 274 21
61 38 3792 291
61 39 16867 1297
61 40 10517 809
61 41 25875 1990
61 42 22501 1730
61 43 25504 1961
61 44 20709 1593
61 45 5228 402
61 46 16224 1248
61 47 16532 1271
61 48 4199 323
61 49 19752 1519
61 50 19159 1473
61 51 29682 2283
61 52 18164 1397
61 53 23439 1803
61 54 9633 741
61 55 28668 2205
61 56 7526 578
61 57 28083 2160
61 58 5524 424
61 59 22564 1735
61 60 5148 396
61 61 0 0
61 62 25006 1923
61 63 3045 234
61 64 26562 2043
61 65 29584 2275
61 66 18733 1441
61 67 1148 88
61 68 14689 1129
61 69 15713 1208
61 70 19194 1476
61 71 14076 1082
61 72 3820 293
61 73 29383 2260
61 74 29172 2244
62 0 21474 1651
62 1 4226 325
62 2 28733 2210
62 3 789 60
62 4 26902 2069
62 5 10973 844
62 6 19206 1477
62 7 8995 691
62 8 1741 133
62 9 9645 741
62 10 16723 1286
62 11 19576 1505
62 12 17377 1336
62 13 25296 1945
62 14 28308 2177
62 15 23727 1825
62 16 6712 516
62 17 16517 1270
62 18 24725 1901
62 19 20726 1594
62 20 18923 1455
62 21 16715 1285
62 22 6852 527
62 23 21005 1615
62 24 12767 982
62 25 16865 1297
62 26 24578 1890
62 27 3152 242
62 28 15676 1205
62 29 2173 167
62 30 5894 453
62 31 27703 2131
62 32 2078 159
62 33 3148 242
62 34 16010 1231
62 35 19874 1528
62 36 16690 1283
62 37 16524 1271
62 38 12333 948
62 39 23063 1774
62 40 10055 773
62 41 17414 1339
62 42 10903 838
62 43 16153 1242
62 44 29909 2300
62 45 2165 166
62 46 10559 812
62 47 15611 1200
62 48 10271 790
62 49 26431 2033
62 50 14191 1091
62 51 6369 489
62 52 21844 1680
62 53 7222 555
62 54 7647 588
62 55 28789 2214
62 56 8996 692
62 57 14185 1091
62 58 6713 516
62 59 16208 1246
62 60 23335 1795
62 61 27666 2128
62 62 0 0
62 63 669 51
62 64 12071 928
62 65 19475 1498
62 66 25953 1996
62 67 685 52
62 68 2346 180
62 69 12163 935
62 70 26981 2075
62 71 23870 1836
62 72 20083 1544
62 73 23178 1782
62 74 1100 84
63 0 29570 2274
63 1 18881 1452
63 2 9144 703
63 3 5040 387
63 4 27763 2135
63 5 5568 428
63 6 24283 1867
63 7 19254 1481
63 8 23784 1829
63 9 5603 431
63 10 5566 428
63 11 3126 240
63 12 4512 347
63 13 16034 1233
63 14 7003 538
63 15 27048 2080
63 16 3994 307
63 17 1934 148
63 18 2726 209
63 19 13952 1073
63 20 28139 2164
63 21 20598 1584
63 22 4309 331
63 23 7341 564
63 24 13014 1001
63 25 19028 1463
63 26 15044 1157
63 27 28978 2229
63 28 14277 1098
63 29 6169 474
63 30 2357 181
63 31 15034 1156
63 32 29983 2306
63 33 260 20
63 34 25352 1950
63 35 29596 2276
63 36 29106 2238
63 37 18712 1439
63 38 29015 2231
63 39 26754 2058
63 40 5744 441
63 41 2812 216
63 42 8840 680
63 43 23120 1778
63 44 29446 2265
63 45 9824 755
63 46 28351 2180
63 47 25345 1949
63 48 25493 1961
63 49 9081 698
63 50 15100 1161
63 51 18907 1454
63 52 24492 1884
63 53 2898 222
63 54 13744 1057
63 55 25178 1936
63 56 7183 552
63 57 23728 1825
63 58 18960 1458
63 59 27187 2091
63 60 26079 2006
63 61 19703 1515
63 62 27953 2150
63 63 0 0
63 64 26941 2072
63 65 8080 621
63 66 23807 1831
63 67 29489 2268
63 68 22690 1745
63 69 15633 1202
63 70 27516 2116
63 71 27092 2084
63 72 3237 249
63 73 327 25
63 74 10192 784
64 0 29045 2234
64 1 1640 126
64 2 12845 988
64 3 18874 1451
64 4 28319 2178
64 5 4936 379
64 6 784 60
64 7 18326 1409
64 8 15581 1198
64 9 26617 2047
64 10 6581 506
64 11 16671 1282
64 12 335 25
64 13 26110 2008
64 14 27962 2150
64 15 24182 1860
64 16 23604 1815
64 17 8495 653
64 18 29895 2299
64 19 7092 545
64 20 8058 619
64 21 1009 77
64 22 3003 231
64 23 24979 1921
64 24 29038 2233
64 25 27531 2117
64 26 12484 960
64 27 16265 1251
64 28 19960 1535
64 29 29622 2278
64 30 7083 544
64 31 19447 1495
64 32 7843 603
64 33 22157 1704
64 34 26131 2010
64 35 17306 1331
64 36 12315 947
64 37 4059 312
64 38 24686 1898
64 39 24449 1880
64 40 2773 213
64 41 29242 2249
64 42 2635 202
64 43 19189 1476
64 44 8628 663
64 45 12189 937
64 46 6971 536
64 47 29047 2234
64 48 8299 638
64 49 28374 2182
64 50 23385 1798
64 51 26583 2044
64 52 17726 1363
64 53 26457 2035
64 54 7569 582
64 55 21020 1616
64 56 12818 986
64 57 10961 843
64 58 2813 216
64 59 25301 1946
64 60 26547 2042
64 61 11750 903
64 62 13358 1027
64 63 21397 1645
64 64 0 0
64 65 671 51
64 66 28460 2189
64 67 28880 2221
64 68 18225 1401
64 69 26573 2044
64 70 3557 273
64 71 18053 1388
64 72 9469 728
64 73 2291 176
64 74 16877 1298
65 0 3312 254
65 1 15790 1214
65 2 18646 1434
65 3 23081 1775
65 4 5356 412
65 5 27102 2084
65 6 1324 101
65 7 14865 1143
65 8 5281 406
65 9 24010 1846
65 10 20046 1542
65 11 17288 1329
65 12 9613 739
65 13 3249 249
65 14 433 33
65 15 8330 640
65 16 5542 426
65 17 20179 1552
65 18 21878 1682
65 19 25828 1986
65 20 3575 275
65 21 29735 2287
65 22 8332 640
65 23 17996 1384
65 24 11525 886
65 25 12915 993
65 26 2825 217
65 27 24047 1849
65 28 20306 1562
65 29 22239 1710
65 30 792 60
65 31 24013 1847
65 32 9088 699
65 33 11202 861
65 34 10491 807
65 35 25786 1983
65 36 16641 1280
65 37 24704 1900
65 38 23586 1814
65 39 19584 1506
65 40 29990 2306
65 41 20546 1580
65 42 17171 1320
65 43 234 18
65 44 12803 984
65 45 15155 1165
65 46 21643 1664
65 47 28629 2202
65 48 28906 2223
65 49 29015 2231
65 50 18367 1412
65 51 28811 2216
65 52 24256 1865
65 53 21710 1670
65 54 11234 864
65 55 27411 2108
65 56 15255 1173
65 57 4649 357
65 58 12604 969
65 59 18531 1425
65 60 2031 156
65 61 27936 2148
65 62 7198 553
65 63 25006 1923
65 64 26676 2052
65 65 0 0
65 66 23507 1808
65 67 28775 2213
65 68 7615 585
65 69 338 26
65 70 27066 2082
65 71 17746 1365
65 72 15464 1189
65 73 409 31
65 74 14617 1124
66 0 1043 80
66 1 11292 868
66 2 29209 2246
66 3 19587 1506
66 4 29585 2275
66 5 29390 2260
66 6 21535 1656
66 7 7405 569
66 8 19027 1463
66 9 9029 694
66 10 11872 913
66 11 28401 2184
66 12 29293 2253
66 13 9813 754
66 14 11178 859
66 15 29272 2251
66 16 26800 2061
66 17 24130 1856
66 18 22429 1725
66 19 3077 236
66 20 1325 101
66 21 2252 173
66 22 20199 1553
66 23 10244 788
66 24 4278 329
66 25 3539 272
66 26 12567 966
66 27 4454 342
66 28 4805 369
66 29 15744 1211
66 30 28372 2182
66 31 228 17
66 32 9116 701
66 33 21765 1674
66 34 16250 1250
66 35 24226 1863
66 36 29375 2259
66 37 28627 2202
66 38 10281 790
66 39 22114 1701
66 40 20074 1544
66 41 1445 111
66 42 11142 857
66 43 2417 185
66 44 10587 814
66 45 23844 1834
66 46 27886 2145
66 47 21038 1618
66 48 1293 99
66 49 617 47
66 50 5687 437
66 51 3849 296
66 52 16293 1253
66 53 25452 1957
66 54 10336 795
66 55 13113 1008
66 56 17300 1330
66 57 18653 1434
66 58 26134 2010
66 59 15080 1160
66 60 27085 2083
66 61 16454 1265
66 62 24838 1910
66 63 10459 804
66 64 8482 652
66 65 26343 2026
66 66 0 0
66 67 11450 880
66 68 11791 907
66 69 11109 854
66 70 19934 1533
66 71 11568 889
66 72 2675 205
66 73 12354 950
66 74 13860 1066
67 0 7987 614
67 1 11900 915
67 2 2953 227
67 3 21913 1685
67 4 23854 1834
67 5 29362 2258
67 6 10694 822
67 7 19889 1529
67 8 5964 458
67 9 27471 2113
67 10 22683 1744
67 11 101 7
67 12 7846 603
67 13 8531 656
67 14 6187 475
67 15 20882 1606
67 16 26084 2006
67 17 12131 933
67 18 12986 998
67 19 19058 1466
67 20 26687 2052
67 21 18072 1390
67 22 23310 1793
67 23 10634 818
67 24 22347 1719
67 25 6558 504
67 26 11438 879
67 27 9176 705
67 28 4225 325
67 29 5530 425
67 30 4038 310
67 31 26810 2062
67 32 13163 1012
67 33 17635 1356
67 34 22972 1767
67 35 17830 1371
67 36 11579 890
67 37 18697 1438
67 38 25981 1998
67 39 18979 1459
67 40 25376 1952
67 41 23281 1790
67 42 12809 985
67 43 28041 2157
67 44 21067 1620
67 45 23612 1816
67 46 21656 1665
67 47 16973 1305
67 48 3127 240
67 49 13745 1057
67 50 3406 262
67 51 3010 231
67 52 8986 691
67 53 21834 1679
67 54 2380 183
67 55 2962 227
67 56 8620 663
67 57 18467 1420
67 58 8867 682
67 59 11012 847
67 60 14258 1096
67 61 5084 391
67 62 27192 2091
67 63 26563 2043
67 64 19970 1536
67 65 8871 682
67 66 10627 817
67 67 0 0
67 68 13668 1051
67 69 27970 2151
67 70 6778 521
67 71 9233 710
67 72 12910 993
67 73 17265 1328
67 74 29250 2250
68 0 14562 1120
68 1 23666 1820
68 2 3028 232
68 3 22052 1696
68 4 7628 586
68 5 12375 951
68 6 20125 1548
68 7 1130 86
68 8 22543 1734
68 9 25544 1964
68 10 5836 448
68 11 29294 2253
68 12 27417 2109
68 13 10669 820
68 14 2808 216
68 15 19761 1520
68 16 28148 2165
68 17 17132 1317
68 18 10176 782
68 19 6205 477
68 20 7551 580
68 21 1205 92
68 22 27458 2112
68 23 25740 1980
68 24 1369 105
68 25 15087 1160
68 26 1520 116
68 27 16508 1269
68 28 16992 1307
68 29 7220 555
68 30 7077 544
68 31 19204 1477
68 32 19446 1495
68 33 7439 572
68 34 17530 1348
68 35 18819 1447
68 36 18297 1407
68 37 29614 2278
68 38 9903 761
68 39 9721 747
68 40 7064 543
68 41 24278 1867
68 42 10042 772
68 43 16031 1233
68 44 29326 2255
68 45 10786 829
68 46 29383 2260
68 47 6713 516
68 48 3938 302
68 49 1687 129
68 50 1584 121
68 51 4174 321
68 52 6652 511
68 53 10800 830
68 54 7107 546
68 55 21167 1628
68 56 2092 160
68 57 4769 366
68 58 19066 1466
68 59 21225 1632
68 60 28393 2184
68 61 28081 2160
68 62 22447 1726
68 63 25260 1943
68 64 26847 2065
68 65 1300 100
68 66 26653 2050
68 67 8485 652
68 68 0 0
68 69 22910 1762
68 70 22388 1722
68 71 27968 2151
68 72 11733 902
68 73 5892 453
68 74 29163 2243
69 0 29759 2289
69 1 5100 392
69 2 15908 1223
69 3 1659 127
69 4 22836 1756
69 5 29051 2234
69 6 5507 423
69 7 5516 424
69 8 18364 1412
69 9 19066 1466
69 10 6929 533
69 11 27610 2123
69 12 439 33
69 13 17000 1307
69 14 19392 1491
69 15 6287 483
69 16 1815 139
69 17 6142 472
69 18 3785 291
69 19 3092 237
69 20 12773 982
69 21 28405 2185
69 22 4416 339
69 23 27085 2083
69 24 24573 1890
69 25 18317 1409
69 26 26031 2002
69 27 20865 1605
69 28 5070 390
69 29 17123 1317
69 30 19327 1486
69 31 27266 2097
69 32 27327 2102
69 33 2283 175
69 34 9268 712
69 35 21328 1640
69 36 8383 644
69 37 2098 161
69 38 14459 1112
69 39 13587 1045
69 40 12804 984
69 41 26302 2023
69 42 7280 560
69 43 26020 2001
69 44 10220 786
69 45 10791 830
69 46 16024 1232
69 47 14283 1098
69 48 6420 493
69 49 7680 590
69 50 2671 205
69 51 13416 1032
69 52 9245 711
69 53 14175 1090
69 54 22823 1755
69 55 23078 1775
69 56 11852 911
69 57 15372 1182
69 58 16239 1249
69 59 20099 1546
69 60 8176 628
69 61 5095 391
69 62 14613 1124
69 63 4527 348
69 64 6177 475
69 65 10322 794
69 66 10536 810
69 67 13060 1004
69 68 8404 646
69 69 0 0
69 70 938 72
69 71 29463 2266
69 72 10561 812
69 73 9939 764
69 74 26339 2026
70 0 13147 1011
70 1 24069 1851
70 2 14315 1101
70 3 22248 1711
70 4 21492 1653
70 5 2259 173
70 6 21094 1622
70 7 15655 1204
70 8 5382 414
70 9 3410 262
70 10 28126 2163
70 11 870 66
70 12 26785 2060
70 13 18305 1408
70 14 14839 1141
70 15 4425 340
70 16 23676 1821
70 17 20403 1569
70 18 9453 727
70 19 15529 1194
70 20 5063 389
70 21 8719 670
70 22 13746 1057
70 23 10190 783
70 24 25052 1927
70 25 17281 1329
70 26 15202 1169
70 27 5501 423
70 28 20895 1607
70 29 24114 1854
70 30 16046 1234
70 31 24123 1855
70 32 23501 1807
70 33 25507 1962
70 34 12556 965
70 35 20410 1570
70 36 2052 157
70 37 18898 1453
70 38 29702 2284
70 39 18962 1458
70 40 26042 2003
70 41 26462 2035
70 42 13704 1054
70 43 15810 1216
70 44 1533 117
70 45 2161 166
70 46 27007 2077
70 47 7435 571
70 48 4025 309
70 49 15272 1174
70 50 20131 1548
70 51 13507 1039
70 52 11955 919
70 53 18750 1442
70 54 22585 1737
70 55 29278 2252
70 56 22401 1723
70 57 13086 1006
70 58 2370 182
70 59 25480 1960
70 60 6952 534
70 61 15527 1194
70 62 24974 1921
70 63 8608 662
70 64 20632 1587
70 65 2258 173
70 66 13038 1002
70 67 25048 1926
70 68 2515 193
70 69 9754 750
70 70 0 0
70 71 17854 1373
70 72 17148 1319
70 73 15697 1207
70 74 18002 1384
71 0 5848 449
71 1 6012 462
71 2 15545 1195
71 3 14596 1122
71 4 2424 186
71 5 12636 972
71 6 21900 1684
71 7 15383 1183
71 8 2810 216
71 9 20508 1577
71 10 23749 1826
71 11 22866 1758
71 12 1879 144
71 13 12114 931
71 14 24790 1906
71 15 7670 590
71 16 19423 1494
71 17 16297 1253
71 18 10199 784
71 19 12477 959
71 20 5069 389
71 21 27194 2091
71 22 17215 1324
71 23 8146 626
71 24 16073 1236
71 25 234 18
71 26 2946 226
71 27 11673 897
71 28 4003 307
71 29 7968 612
71 30 7359 566
71 31 4947 380
71 32 25430 1956
71 33 15696 1207
71 34 22876 1759
71 35 26714 2054
71 36 17216 1324
71 37 26669 2051
71 38 5158 396
71 39 23285 1791
71 40 6656 512
71 41 12106 931
71 42 23114 1778
71 43 20875 1605
71 44 17259 1327
71 45 27021 2078
71 46 3377 259
71 47 12274 944
71 48 13816 1062
71 49 20291 1560
71 50 20197 1553
71 51 10108 777
71 52 20029 1540
71 53 7767 597
71 54 387 29
71 55 24031 1848
71 56 2730 210
71 57 16473 1267
71 58 12358 950
71 59 17645 1357
71 60 25786 1983
71 61 5533 425
71 62 9348 719
71 63 27315 2101
71 64 6044 464
71 65 18418 1416
71 66 8757 673
71 67 18254 1404
71 68 19792 1522
71 69 9065 697
71 70 6638 510
71 71 0 0
71 72 4624 355
71 73 7267 559
71 74 28945 2226
72 0 1301 100
72 1 23098 1776
72 2 5121 393
72 3 17658 1358
72 4 18117 1393
72 5 6419 493
72 6 19424 1494
72 7 12912 993
72 8 14676 1128
72 9 1042 80
72 10 12855 988
72 11 19225 1478
72 12 4869 374
72 13 12800 984
72 14 29462 2266
72 15 13563 1043
72 16 6617 509
72 17 25238 1941
72 18 18401 1415
72 19 10901 838
72 20 18100 1392
72 21 29145 2241
72 22 12773 982
72 23 28732 2210
72 24 20144 1549
72 25 5394 414
72 26 11939 918
72 27 2568 197
72 28 24428 1879
72 29 15328 1179
72 30 15935 1225
72 31 9817 755
72 32 6661 512
72 33 7124 548
72 34 16976 1305
72 35 28543 2195
72 36 21160 1627
72 37 27452 2111
72 38 7096 545
72 39 17206 1323
72 40 27354 2104
72 41 10756 827
72 42 27918 2147
72 43 947 72
72 44 8698 669
72 45 26858 2066
72 46 24134 1856
72 47 19082 1467
72 48 16849 1296
72 49 19419 1493
72 50 13169 1013
72 51 27824 2140
72 52 7858 604
72 53 7516 578
72 54 6212 477
72 55 24438 1879
72 56 6176 475
72 57 10034 771
72 58 3640 280
72 59 17536 1348
72 60 273 21
72 61 26980 2075
72 62 25301 1946
72 63 24078 1852
72 64 28887 2222
72 65 13307 1023
72 66 22301 1715
72 67 17690 1360
72 68 861 66
72 69 15025 1155
72 70 24298 1869
72 71 6195 476
72 72 0 0
72 73 2496 192
72 74 8696 668
73 0 3444 264
73 1 6319 486
73 2 5662 435
73 3 2247 172
73 4 19283 1483
73 5 17489 1345
73 6 7863 604
73 7 5839 449
73 8 15082 1160
73 9 24316 1870
73 10 5681 437
73 11 29730 2286
73 12 24217 1862
73 13 8843 680
73 14 7254 558
73 15 25146 1934
73 16 22755 1750
73 17 26647 2049
73 18 15691 1207
73 19 28059 2158
73 20 8389 645
73 21 15818 1216
73 22 21429 1648
73 23 29215 2247
73 24 21337 1641
73 25 28269 2174
73 26 26834 2064
73 27 17424 1340
73 28 3930 302
73 29 26985 2075
73 30 22133 1702
73 31 2149 165
73 32 16477 1267
73 33 1722 132
73 34 5275 405
73 35 6204 477
73 36 17669 1359
73 37 9075 698
73 38 4865 374
73 39 3929 302
73 40 7031 540
73 41 10494 807
73 42 22602 1738
73 43 20926 1609
73 44 23562 1812
73 45 20441 1572
73 46 7767 597
73 47 23101 1777
73 48 19452 1496
73 49 14849 1142
73 50 26683 2052
73 51 6236 479
73 52 18842 1449
73 53 27855 2142
73 54 26648 2049
73 55 14945 1149
73 56 10530 810
73 57 19514 1501
73 58 439 33
73 59 12267 943
73 60 10449 803
73 61 17770 1366
73 62 14601 1123
73 63 6951 534
73 64 10129 779
73 65 16505 1269
73 66 15072 1159
73 67 21743 1672
73 68 28113 2162
73 69 962 74
73 70 19498 1499
73 71 22342 1718
73 72 1728 132
73 73 0 0
73 74 18715 1439
74 0 16656 1281
74 1 1777 136
74 2 12144 934
74 3 18005 1385
74 4 884 68
74 5 8615 662
74 6 2508 192
74 7 13334 1025
74 8 25077 1929
74 9 10433 802
74 10 10413 801
74 11 23879 1836
74 12 25115 1931
74 13 25375 1951
74 14 29475 2267
74 15 18585 1429
74 16 11623 894
74 17 20288 1560
74 18 29232 2248
74 19 5227 402
74 20 25318 1947
74 21 13370 1028
74 22 12946 995
74 23 12763 981
74 24 28722 2209
74 25 9312 716
74 26 22857 1758
74 27 7671 590
74 28 21558 1658
74 29 27507 2115
74 30 5923 455
74 31 3353 257
74 32 6657 512
74 33 21300 1638
74 34 939 72
74 35 10456 804
74 36 22511 1731
74 37 24284 1868
74 38 13996 1076
74 39 13950 1073
74 40 15073 1159
74 41 18967 1459
74 42 9979 767
74 43 23850 1834
74 44 15795 1215
74 45 29792 2291
74 46 14514 1116
74 47 29562 2274
74 48 28230 2171
74 49 22385 1721
74 50 24653 1896
74 51 1581 121
74 52 7083 544
74 53 28672 2205
74 54 27848 2142
74 55 11058 850
74 56 23184 1783
74 57 23160 1781
74 58 5383 414
74 59 18811 1447
74 60 16267 1251
74 61 28845 2218
74 62 17038 1310
74 63 8274 636
74 64 26478 2036
74 65 26469 2036
74 66 1865 143
74 67 19227 1479
74 68 12015 924
74 69 3602 277
74 70 13173 1013
74 71 24083 1852
74 72 22515 1731
74 73 29989 2306
74 74 0 0
