75
954 5547
823 5634
654 6410
936 9887
615 8093
942 9047
1085 5114
1153 8245
876 9166
988 8650
1173 6808
768 5596
845 5985
612 5762
605 7717
940 5319
876 5620
1021 7714
777 9178
950 7954
896 5692
1179 6653
1069 6798
1122 7967
1133 5574
971 7312
954 9499
866 5285
940 5718
800 7239
1078 8687
1102 5291
685 9668
694 8769
610 7599
980 6558
1022 6550
721 7687
873 7475
735 9369
606 5178
959 6828
934 7992
1011 6387
926 7206
1158 5393
1031 8978
1041 6761
1176 8583
645 8208
1097 8139
1098 6345
912 6607
689 8889
1028 5683
1181 9829
849 7223
1133 8365
1046 5549
958 7526
875 9383
1118 7844
812 5311
904 6212
789 5005
1012 7429
1003 9905
984 5517
1051 6627
1149 5876
1015 8516
644 8810
699 6503
1180 6569
934 8072
0 0 0 0
0 1 18677 1436
0 2 5530 425
0 3 17380 1336
0 4 15252 1173
0 5 2127 163
0 6 26726 2055
0 7 13179 1013
0 8 15132 1164
0 9 2353 181
0 10 10768 828
0 11 26174 2013
0 12 17097 1315
0 13 10050 773
0 14 9042 695
0 15 17922 1378
0 16 17798 1369
0 17 22475 1728
0 18 6937 533
0 19 17530 1348
0 20 9777 752
0 21 25266 1943
0 22 22045 1695
0 23 23099 1776
0 24 20883 1606
0 25 939 72
0 26 17960 1381
0 27 20850 1603
0 28 22734 1748
0 29 25659 1973
0 30 5201 400
0 31 25596 1968
0 32 5926 455
0 33 10110 777
0 34 18872 1451
0 35 14630 1125
0 36 8136 625
0 37 28013 2154
0 38 14570 1120
0 39 6154 473
0 40 2691 207
0 41 24166 1858
0 42 22836 1756
0 43 1776 136
0 44 875 67
0 45 8525 655
0 46 4092 314
0 47 6709 516
0 48 25595 1968
0 49 25467 1959
0 50 19261 1481
0 51 12727 979
0 52 19240 1480
0 53 6085 468
0 54 10577 813
0 55 1267 97
0 56 15478 1190
0 57 14018 1078
0 58 12004 923
0 59 10827 832
0 60 22117 1701
0 61 19981 1537
0 62 26840 2064
0 63 6060 466
0 64 8515 655
0 65 29141 2241
0 66 25232 1940
0 67 23211 1785
0 68 23157 1781
0 69 8284 637
0 70 16065 1235
0 71 19913 1531
0 72 19595 1507
0 73 21321 1640
0 74 11546 888
1 0 17611 1354
1 1 0 0
1 2 4974 382
1 3 29807 2292
1 4 27351 2103
1 5 21437 1649
1 6 23217 1785
1 7 1493 114
1 8 2016 155
1 9 18790 1445
1 10 27501 2115
1 11 25582 1967
1 12 25362 1950
1 13 4339 333
1 14 27970 2151
1 15 26072 2005
1 16 21749 1673
1 17 23905 1838
1 18 24018 1847
1 19 10472 805
1 20 10883 837
1 21 2653 204
1 22 17963 1381
1 23 24255 1865
1 24 9995 768
1 25 4138 318
1 26 24130 1856
1 27 9284 714
1 28 9028 694
1 29 10389 799
1 30 4736 364
1 31 19643 1511
1 32 2649 203
1 33 10016 770
1 34 3777 290
1 35 4091 314
1 36 665 51
1 37 12805 985
1 38 7246 557
1 39 9304 715
1 40 13057 1004
1 41 2268 174
1 42 10170 782
1 43 7447 572
1 44 25990 1999
1 45 14163 1089
1 46 15054 1158
1 47 29117 2239
1 48 15911 1223
1 49 11138 856
1 50 10560 812
1 51 4611 354
1 52 4862 374
1 53 237 18
1 54 13555 1042
1 55 28252 2173
1 56 24655 1896
1 57 23343 1795
1 58 4912 377
1 59 19066 1466
1 60 18156 1396
1 61 29607 2277
1 62 15537 1195
1 63 15361 1181
1 64 13160 1012
1 65 24614 1893
1 66 24901 1915
1 67 19936 1533
1 68 28084 2160
1 69 21629 1663
1 70 15593 1199
1 71 6214 478
1 72 6375 490
1 73 29177 2244
1 74 28043 2157
2 0 7991 614
2 1 11563 889
2 2 0 0
2 3 7299 561
2 4 29476 2267
2 5 20888 1606
2 6 19639 1510
2 7 17704 1361
2 8 8958 689
2 9 23668 1820
2 10 26186 2014
2 11 2355 181
2 12 24759 1904
2 13 29807 2292
2 14 24703 1900
2 15 20047 1542
2 16 27982 2152
2 17 13664 1051
2 18 18546 1426
2 19 7876 605
2 20 20678 1590
2 21 25178 1936
2 22 29939 2303
2 23 24714 1901
2 24 5379 413
2 25 24612 1893
2 26 119 9
2 27 391 30
2 28 17241 1326
2 29 16366 1258
2 30 10437 802
2 31 11394 876
2 32 4288 329
2 33 12877 990
2 34 26207 2015
2 35 883 67
2 36 19840 1526
2 37 28887 2222
2 38 25135 1933
2 39 8175 628
2 40 1498 115
2 41 14050 1080
2 42 16331 1256
2 43 10428 802
2 44 539 41
2 45 14052 1080
2 46 3333 256
2 47 28952 2227
2 48 15936 1225
2 49 23077 1775
2 50 26262 2020
2 51 10058 773
2 52 21849 1680
2 53 18825 1448
2 54 9691 745
2 55 14920 1147
2 56 27925 2148
2 57 3798 292
2 58 29662 2281
2 59 1803 138
2 60 3520 270
2 61 12491 960
2 62 10534 810
2 63 3674 282
2 64 16901 1300
2 65 22956 1765
2 66 4838 372
2 67 17040 1310
2 68 22020 1693
2 69 20411 1570
2 70 21556 1658
2 71 15277 1175
2 72 16172 1244
2 73 18622 1432
2 74 17233 1325
3 0 27509 2116
3 1 7531 579
3 2 16923 1301
3 3 0 0
3 4 5957 458
3 5 6166 474
3 6 11069 851
3 7 16672 1282
3 8 23453 1804
3 9 10360 796
3 10 7427 571
3 11 446 34
3 12 17571 1351
3 13 6621 509
3 14 20910 1608
3 15 25147 1934
3 16 16607 1277
3 17 8290 637
3 18 17502 1346
3 19 26861 2066
3 20 1171 90
3 21 24660 1896
3 22 10310 793
3 23 19156 1473
3 24 22674 1744
3 25 29846 2295
3 26 21605 1661
3 27 27428 2109
3 28 2647 203
3 29 29276 2252
3 30 28471 2190
3 31 2675 205
3 32 25000 1923
3 33 29144 2241
3 34 13357 1027
3 35 26939 2072
3 36 20408 1569
3 37 18278 1406
3 38 3151 242
3 39 11004 846
3 40 19177 1475
3 41 6251 480
3 42 9894 761
3 43 26416 2032
3 44 20156 1550
3 45 7370 566
3 46 8175 628
3 47 29075 2236
3 48 10894 838
3 49 21227 1632
3 50 13804 1061
3 51 16260 1250
3 52 5239 403
3 53 21771 1674
3 54 12983 998
3 55 2644 203
3 56 15627 1202
3 57 4692 360
3 58 19712 1516
3 59 13705 1054
3 60 15277 1175
3 61 5694 438
3 62 29217 2247
3 63 27374 2105
3 64 25101 1930
3 65 14606 1123
3 66 29576 2275
3 67 547 42
3 68 28829 2217
3 69 28187 2168
3 70 11568 889
3 71 9542 734
3 72 14985 1152
3 73 4436 341
3 74 9546 734
4 0 21935 1687
4 1 28787 2214
4 2 8734 671
4 3 27905 2146
4 4 0 0
4 5 21172 1628
4 6 23625 1817
4 7 16072 1236
4 8 7595 584
4 9 4494 345
4 10 6872 528
4 11 14459 1112
4 12 13607 1046
4 13 11656 896
4 14 23914 1839
4 15 24673 1897
4 16 2244 172
4 17 12833 987
4 18 10877 836
4 19 1475 113
4 20 2697 207
4 21 17052 1311
4 22 1325 101
4 23 19719 1516
4 24 14542 1118
4 25 16073 1236
4 26 28589 2199
4 27 18840 1449
4 28 6221 478
4 29 29003 2231
4 30 17736 1364
4 31 4054 311
4 32 28368 2182
4 33 28399 2184
4 34 11111 854
4 35 28743 2211
4 36 14470 1113
4 37 2883 221
4 38 21329 1640
4 39 12903 992
4 40 29244 2249
4 41 6033 464
4 42 27616 2124
4 43 6595 507
4 44 15071 1159
4 45 7270 559
4 46 11327 871
4 47 28803 2215
4 48 9254 711
4 49 26762 2058
4 50 29895 2299
4 51 7861 604
4 52 25465 1958
4 53 1203 92
4 54 9019 693
4 55 8324 640
4 56 24416 1878
4 57 17165 1320
4 58 8498 653
4 59 14368 1105
4 60 5978 459
4 61 29359 2258
4 62 28772 2213
4 63 25656 1973
4 64 15653 1204
4 65 12191 937
4 66 25128 1932
4 67 1440 110
4 68 27075 2082
4 69 5042 387
4 70 4530 348
4 71 2102 161
4 72 9809 754
4 73 19314 1485
4 74 8796 676
5 0 8433 648
5 1 12208 939
5 2 12555 965
5 3 5602 430
5 4 5269 405
5 5 0 0
5 6 3388 260
5 7 5278 406
5 8 11286 868
5 9 1686 129
5 10 24993 1922
5 11 25689 1976
5 12 14512 1116
5 13 23358 1796
5 14 6277 482
5 15 28034 2156
5 16 29607 2277
5 17 26650 2050
5 18 11954 919
5 19 25035 1925
5 20 2707 208
5 21 12915 993
5 22 568 43
5 23 26531 2040
5 24 6963 535
5 25 9025 694
5 26 22806 1754
5 27 7947 611
5 28 9835 756
5 29 14050 1080
5 30 29696 2284
5 31 7254 558
5 32 20693 1591
5 33 4635 356
5 34 25367 1951
5 35 24617 1893
5 36 26909 2069
5 37 16026 1232
5 38 135 10
5 39 20222 1555
5 40 5430 417
5 41 8544 657
5 42 27535 2118
5 43 3317 255
5 44 14475 1113
5 45 3326 255
5 46 21646 1665
5 47 287 22
5 48 15775 1213
5 49 13985 1075
5 50 18199 1399
5 51 27397 2107
5 52 20505 1577
5 53 5018 386
5 54 3030 233
5 55 13803 1061
5 56 17147 1319
5 57 11132 856
5 58 5352 411
5 59 21168 1628
5 60 19400 1492
5 61 27690 2130
5 62 2007 154
5 63 17337 1333
5 64 23575 1813
5 65 175 13
5 66 15666 1205
5 67 13661 1050
5 68 2224 171
5 69 16562 1274
5 70 16004 1231
5 71 13867 1066
5 72 6734 518
5 73 22177 1705
5 74 10321 793
6 0 18370 1413
6 1 20960 1612
6 2 16061 1235
6 3 10748 826
6 4 9359 719
6 5 4564 351
6 6 0 0
6 7 22352 1719
6 8 11178 859
6 9 27281 2098
6 10 28792 2214
6 11 999 76
6 12 14519 1116
6 13 1590 122
6 14 8221 632
6 15 8660 666
6 16 12169 936
6 17 7321 563
6 18 12616 970
6 19 27084 2083
6 20 29051 2234
6 21 9979 767
6 22 7479 575
6 23 24374 1874
6 24 2856 219
6 25 6683 514
6 26 23596 1815
6 27 6916 532
6 28 4603 354
6 29 27706 2131
6 30 11444 880
6 31 7252 557
6 32 1353 104
6 33 3079 236
6 34 20417 1570
6 35 11176 859
6 36 4975 382
6 37 18321 1409
6 38 9725 748
6 39 28521 2193
6 40 19144 1472
6 41 21712 1670
6 42 11368 874
6 43 8369 643
6 44 27672 2128
6 45 20872 1605
6 46 1201 92
6 47 12414 954
6 48 11443 880
6 49 28647 2203
6 50 4609 354
6 51 13044 1003
6 52 17222 1324
6 53 16086 1237
6 54 9801 753
6 55 2055 158
6 56 19125 1471
6 57 15234 1171
6 58 17740 1364
6 59 18943 1457
6 60 17559 1350
6 61 17739 1364
6 62 16851 1296
6 63 17905 1377
6 64 3164 243
6 65 13645 1049
6 66 18720 1440
6 67 17250 1326
6 68 3053 234
6 69 4483 344
6 70 11199 861
6 71 2166 166
6 72 28285 2175
6 73 6406 492
6 74 15335 1179
7 0 12143 934
7 1 22872 1759
7 2 4640 356
7 3 2857 219
7 4 10179 783
7 5 27308 2100
7 6 26797 2061
7 7 0 0
7 8 15972 1228
7 9 15207 1169
7 10 22768 1751
7 11 11723 901
7 12 10114 778
7 13 8357 642
7 14 446 34
7 15 15570 1197
7 16 18296 1407
7 17 6064 466
7 18 15728 1209
7 19 15795 1215
7 20 6003 461
7 21 1300 100
7 22 13326 1025
7 23 29418 2262
7 24 9890 760
7 25 18535 1425
7 26 25745 1980
7 27 25739 1979
7 28 13270 1020
7 29 23441 1803
7 30 24725 1901
7 31 2632 202
7 32 28912 2224
7 33 531 40
7 34 11049 849
7 35 13179 1013
7 36 26586 2045
7 37 13116 1008
7 38 27019 2078
7 39 14899 1146
7 40 5521 424
7 41 10569 813
7 42 6596 507
7 43 27549 2119
7 44 16025 1232
7 45 16371 1259
7 46 29825 2294
7 47 28678 2206
7 48 8584 660
7 49 8974 690
7 50 18670 1436
7 51 25262 1943
7 52 26280 2021
7 53 12453 957
7 54 6284 483
7 55 11189 860
7 56 12441 957
7 57 16085 1237
7 58 4694 361
7 59 29183 2244
7 60 15725 1209
7 61 3774 290
7 62 2771 213
7 63 22187 1706
7 64 19802 1523
7 65 2732 210
7 66 22066 1697
7 67 15958 1227
7 68 1654 127
7 69 7500 576
7 70 10130 779
7 71 19913 1531
7 72 11379 875
7 73 8879 683
7 74 20572 1582
8 0 5876 452
8 1 23614 1816
8 2 17507 1346
8 3 25043 1926
8 4 7221 555
8 5 12202 938
8 6 23444 1803
8 7 18260 1404
8 8 0 0
8 9 7814 601
8 10 29870 2297
8 11 25655 1973
8 12 11018 847
8 13 3203 246
8 14 10221 786
8 15 15726 1209
8 16 14188 1091
8 17 14063 1081
8 18 24890 1914
8 19 9206 708
8 20 26662 2050
8 21 20807 1600
8 22 17001 1307
8 23 18498 1422
8 24 25364 1951
8 25 2607 200
8 26 21114 1624
8 27 25281 1944
8 28 936 72
8 29 2365 181
8 30 15480 1190
8 31 17177 1321
8 32 20993 1614
8 33 22016 1693
8 34 27371 2105
8 35 5701 438
8 36 29377 2259
8 37 19163 1474
8 38 542 41
8 39 20399 1569
8 40 11815 908
8 41 2149 165
8 42 23296 1792
8 43 22980 1767
8 44 12617 970
8 45 20935 1610
8 46 19512 1500
8 47 1472 113
8 48 13499 1038
8 49 1794 138
8 50 12711 977
8 51 21641 1664
8 52 2653 204
8 53 3739 287
8 54 6665 512
8 55 16131 1240
8 56 26684 2052
8 57 14426 1109
8 58 29558 2273
8 59 3019 232
8 60 24533 1887
8 61 12584 968
8 62 12198 938
8 63 13192 1014
8 64 23772 1828
8 65 760 58
8 66 23049 1773
8 67 28726 2209
8 68 5488 422
8 69 13988 1076
8 70 22378 1721
8 71 1990 153
8 72 3591 276
8 73 26323 2024
8 74 2001 153
9 0 28910 2223
9 1 29203 2246
9 2 15335 1179
9 3 27016 2078
9 4 26273 2021
9 5 2898 222
9 6 26768 2059
9 7 28975 2228
9 8 14996 1153
9 9 0 0
9 10 10665 820
9 11 17205 1323
9 12 15981 1229
9 13 22902 1761
9 14 27871 2143
9 15 29349 2257
9 16 25457 1958
9 17 14830 1140
9 18 27826 2140
9 19 9050 696
9 20 23697 1822
9 21 22775 1751
9 22 7344 564
9 23 19309 1485
9 24 2207 169
9 25 26131 2010
9 26 27778 2136
9 27 16273 1251
9 28 7041 541
9 29 9140 703
9 30 29441 2264
9 31 14207 1092
9 32 15843 1218
9 33 12757 981
9 34 14949 1149
9 35 22782 1752
9 36 4036 310
9 37 16226 1248
9 38 12851 988
9 39 2732 210
9 40 18036 1387
9 41 17188 1322
9 42 9765 751
9 43 17986 1383
9 44 9083 698
9 45 13147 1011
9 46 29433 2264
9 47 16117 1239
9 48 25279 1944
9 49 20207 1554
9 50 8549 657
9 51 23841 1833
9 52 27802 2138
9 53 11013 847
9 54 4251 327
9 55 8714 670
9 56 14817 1139
9 57 7378 567
9 58 12241 941
9 59 23506 1808
9 60 16753 1288
9 61 13554 1042
9 62 27712 2131
9 63 12491 960
9 64 12134 933
9 65 12908 992
9 66 15344 1180
9 67 10808 831
9 68 13227 1017
9 69 18667 1435
9 70 9260 712
9 71 29178 2244
9 72 23186 1783
9 73 16468 1266
9 74 10743 826
10 0 2591 199
10 1 28373 2182
10 2 16391 1260
10 3 20943 1611
10 4 19722 1517
10 5 14592 1122
10 6 28797 2215
10 7 13074 1005
10 8 21385 1645
10 9 5995 461
10 10 0 0
10 11 27480 2113
10 12 23786 1829
10 13 20117 1547
10 14 618 47
10 15 14938 1149
10 16 26371 2028
10 17 6450 496
10 18 9517 732
10 19 3436 264
10 20 28056 2158
10 21 25433 1956
10 22 18152 1396
10 23 26004 2000
10 24 3943 303
10 25 6216 478
10 26 4079 313
10 27 25902 1992
10 28 6816 524
10 29 18544 1426
10 30 28075 2159
10 31 3018 232
10 32 23668 1820
10 33 4873 374
10 34 7180 552
10 35 11478 882
10 36 23892 1837
10 37 19055 1465
10 38 11882 914
10 39 19165 1474
10 40 20877 1605
10 41 9518 732
10 42 24325 1871
10 43 22194 1707
10 44 4895 376
10 45 20382 1567
10 46 9917 762
10 47 5042 387
10 48 29180 2244
10 49 26351 2027
10 50 16117 1239
10 51 8476 652
10 52 28089 2160
10 53 27182 2090
10 54 10023 771
10 55 28216 2170
10 56 20852 1604
10 57 23439 1803
10 58 23123 1778
10 59 28381 2183
10 60 17416 1339
10 61 4493 345
10 62 22706 1746
10 63 11168 859
10 64 11342 872
10 65 19959 1535
10 66 3600 276
10 67 9885 760
10 68 26626 2048
10 69 7053 542
10 70 26369 2028
10 71 11052 850
10 72 27881 2144
10 73 24779 1906
10 74 16862 1297
11 0 278 21
11 1 22474 1728
11 2 13426 1032
11 3 3114 239
11 4 9193 707
11 5 7516 578
11 6 7121 547
11 7 27418 2109
11 8 6639 510
11 9 12836 987
11 10 14490 1114
11 11 0 0
11 12 995 76
11 13 4561 350
11 14 3376 259
11 15 21647 1665
11 16 20508 1577
11 17 9236 710
11 18 20693 1591
11 19 18615 1431
11 20 9289 714
11 21 15772 1213
11 22 19333 1487
11 23 21732 1671
11 24 12929 994
11 25 18755 1442
11 26 26472 2036
11 27 11480 883
11 28 3444 264
11 29 23885 1837
11 30 18411 1416
11 31 12271 943
11 32 8230 633
11 33 22293 1714
11 34 25811 1985
11 35 8989 691
11 36 15054 1158
11 37 21682 1667
11 38 29811 2293
11 39 13543 1041
11 40 17227 1325
11 41 12797 984
11 42 12724 978
11 43 7160 550
11 44 20962 1612
11 45 11317 870
11 46 29517 2270
11 47 21595 1661
11 48 26079 2006
11 49 3553 273
11 50 10382 798
11 51 29505 2269
11 52 3229 248
11 53 2805 215
11 54 12763 981
11 55 7081 544
11 56 22910 1762
11 57 23553 1811
11 58 26386 2029
11 59 23979 1844
11 60 29513 2270
11 61 26480 2036
11 62 6275 482
11 63 839 64
11 64 25813 1985
11 65 15685 1206
11 66 13675 1051
11 67 19705 1515
11 68 25317 1947
11 69 12543 964
11 70 15520 1193
11 71 2123 163
11 72 27486 2114
11 73 23695 1822
11 74 28966 2228
12 0 9483 729
12 1 19081 1467
12 2 8832 679
12 3 8731 671
12 4 9042 695
12 5 27005 2077
12 6 16591 1276
12 7 19111 1470
12 8 2171 167
12 9 2876 221
12 10 27802 2138
12 11 25527 1963
12 12 0 0
12 13 14825 1140
12 14 20609 1585
12 15 11314 870
12 16 12297 945
12 17 1362 104
12 18 2072 159
12 19 1865 143
12 20 20546 1580
12 21 3141 241
12 22 20318 1562
12 23 18200 1400
12 24 21054 1619
12 25 28788 2214
12 26 10421 801
12 27 28421 2186
12 28 22837 1756
12 29 18476 1421
12 30 12216 939
12 31 485 37
12 32 16754 1288
12 33 24777 1905
12 34 14141 1087
12 35 18212 1400
12 36 3037 233
12 37 12169 936
12 38 13125 1009
12 39 16252 1250
12 40 21074 1621
12 41 11346 872
12 42 1325 101
12 43 25813 1985
12 44 24072 1851
12 45 20747 1595
12 46 21087 1622
12 47 19986 1537
12 48 22788 1752
12 49 4069 313
12 50 19505 1500
12 51 16425 1263
12 52 29521 2270
12 53 5911 454
12 54 1587 122
12 55 22531 1733
12 56 12685 975
12 57 5773 444
12 58 27046 2080
12 59 29718 2286
12 60 1702 130
12 61 6518 501
12 62 15578 1198
12 63 11844 911
12 64 27763 2135
12 65 11507 885
12 66 7232 556
12 67 17993 1384
12 68 21162 1627
12 69 11924 917
12 70 14668 1128
12 71 22219 1709
12 72 11157 858
12 73 8208 631
12 74 29094 2238
13 0 11164 858
13 1 28946 2226
13 2 12488 960
13 3 13791 1060
13 4 19136 1472
13 5 21645 1665
13 6 11589 891
13 7 8597 661
13 8 25727 1979
13 9 25339 1949
13 10 20639 1587
13 11 2493 191
13 12 10141 780
13 13 0 0
13 14 24444 1880
13 15 19720 1516
13 16 20125 1548
13 17 8356 642
13 18 6312 485
13 19 11057 850
13 20 20584 1583
13 21 12399 953
13 22 21707 1669
13 23 7305 561
13 24 19954 1534
13 25 6731 517
13 26 11492 884
13 27 7371 567
13 28 15361 1181
13 29 1570 120
13 30 9338 718
13 31 22175 1705
13 32 4821 370
13 33 4110 316
13 34 7810 600
13 35 6303 484
13 36 18295 1407
13 37 13556 1042
13 38 20384 1568
13 39 6805 523
13 40 2632 202
13 41 13876 1067
13 42 9731 748
13 43 1666 128
13 44 17528 1348
13 45 20984 1614
13 46 8730 671
13 47 13627 1048
13 48 3073 236
13 49 20995 1615
13 50 25008 1923
13 51 3224 248
13 52 14389 1106
13 53 10141 780
13 54 8561 658
13 55 20671 1590
13 56 24948 1919
13 57 5883 452
13 58 7590 583
13 59 24055 1850
13 60 26839 2064
13 61 4095 315
13 62 20672 1590
13 63 15013 1154
13 64 21688 1668
13 65 13599 1046
13 66 28719 2209
13 67 6404 492
13 68 12473 959
13 69 2703 207
13 70 22189 1706
13 71 3600 276
13 72 11878 913
13 73 10018 770
13 74 1445 111
14 0 12598 969
14 1 6354 488
14 2 6548 503
14 3 28472 2190
14 4 18190 1399
14 5 21883 1683
14 6 22960 1766
14 7 25267 1943
14 8 15765 1212
14 9 10583 814
14 10 16381 1260
14 11 25959 1996
14 12 27348 2103
14 13 16161 1243
14 14 0 0
14 15 8457 650
14 16 4739 364
14 17 1321 101
14 18 11051 850
14 19 9867 759
14 20 5075 390
14 21 9184 706
14 22 20249 1557
14 23 20769 1597
14 24 28841 2218
14 25 19619 1509
14 26 8157 627
14 27 9714 747
14 28 2492 191
14 29 29960 2304
14 30 13187 1014
14 31 6718 516
14 32 16709 1285
14 33 2392 184
14 34 15068 1159
14 35 11285 868
14 36 750 57
14 37 26517 2039
14 38 8135 625
14 39 17653 1357
14 40 13203 1015
14 41 4741 364
14 42 29255 2250
14 43 2692 207
14 44 20625 1586
14 45 26022 2001
14 46 14779 1136
14 47 23922 1840
14 48 22269 1713
14 49 20408 1569
14 50 12381 952
14 51 19371 1490
14 52 28657 2204
14 53 26542 2041
14 54 25056 1927
14 55 17314 1331
14 56 12265 943
14 57 122 9
14 58 10819 832
14 59 16168 1243
14 60 16421 1263
14 61 13206 1015
14 62 8512 654
14 63 548 42
14 64 28076 2159
14 65 428 32
14 66 25566 1966
14 67 26932 2071
14 68 19872 1528
14 69 15883 1221
14 70 14130 1086
14 71 18297 1407
14 72 5611 431
14 73 2301 177
14 74 27232 2094
15 0 10080 775
15 1 25516 1962
15 2 23968 1843
15 3 17151 1319
15 4 24049 1849
15 5 18676 1436
15 6 15811 1216
15 7 12099 930
15 8 26618 2047
15 9 26043 2003
15 10 16541 1272
15 11 28117 2162
15 12 18442 1418
15 13 11103 854
15 14 21225 1632
15 15 0 0
15 16 14189 1091
15 17 4415 339
15 18 7604 584
15 19 12315 947
15 20 3369 259
15 21 17113 1316
15 22 1606 123
15 23 18990 1460
15 24 29944 2303
15 25 24280 1867
15 26 22587 1737
15 27 18006 1385
15 28 4468 343
15 29 15330 1179
15 30 27491 2114
15 31 1949 149
15 32 8402 646
15 33 18175 1398
15 34 3957 304
15 35 28079 2159
15 36 961 73
15 37 24660 1896
15 38 3675 282
15 39 21284 1637
15 40 22698 1746
15 41 3917 301
15 42 1382 106
15 43 9222 709
15 44 27236 2095
15 45 26769 2059
15 46 27336 2102
15 47 28299 2176
15 48 6058 466
15 49 17509 1346
15 50 22648 1742
15 51 9530 733
15 52 8672 667
15 53 26527 2040
15 54 12249 942
15 55 4457 342
15 56 20501 1577
15 57 16938 1302
15 58 26408 2031
15 59 8699 669
15 60 29120 2240
15 61 26955 2073
15 62 5803 446
15 63 17133 1317
15 64 14266 1097
15 65 17363 1335
15 66 3578 275
15 67 24894 1914
15 68 15561 1197
15 69 26136 2010
15 70 7554 581
15 71 8436 648
15 72 29130 2240
15 73 17280 1329
15 74 23867 1835
16 0 3315 255
16 1 24511 1885
16 2 11107 854
16 3 12873 990
16 4 20758 1596
16 5 4376 336
16 6 5654 434
16 7 5972 459
16 8 19983 1537
16 9 27983 2152
16 10 16788 1291
16 11 10590 814
16 12 19744 1518
16 13 15100 1161
16 14 14497 1115
16 15 18230 1402
16 16 0 0
16 17 13335 1025
16 18 15576 1198
16 19 6033 464
16 20 18721 1440
16 21 411 31
16 22 6782 521
16 23 13607 1046
16 24 14521 1117
16 25 3397 261
16 26 1297 99
16 27 27954 2150
16 28 21240 1633
16 29 16044 1234
16 30 25146 1934
16 31 7227 555
16 32 13569 1043
16 33 1105 85
16 34 19342 1487
16 35 4848 372
16 36 28830 2217
16 37 23119 1778
16 38 6407 492
16 39 242 18
16 40 11900 915
16 41 20214 1554
16 42 27002 2077
16 43 10556 812
16 44 18073 1390
16 45 4817 370
16 46 8733 671
16 47 2330 179
16 48 21391 1645
16 49 15634 1202
16 50 6133 471
16 51 3919 301
16 52 23023 1771
16 53 10826 832
16 54 11162 858
16 55 9290 714
16 56 5047 388
16 57 20370 1566
16 58 22571 1736
16 59 14602 1123
16 60 28713 2208
16 61 29432 2264
16 62 19354 1488
16 63 19797 1522
16 64 27028 2079
16 65 28213 2170
16 66 6222 478
16 67 8603 661
16 68 20401 1569
16 69 8447 649
16 70 25691 1976
16 71 16175 1244
16 72 28879 2221
16 73 19062 1466
16 74 2202 169
17 0 4904 377
17 1 583 44
17 2 1320 101
17 3 15964 1228
17 4 8740 672
17 5 6315 485
17 6 7449 573
17 7 5192 399
17 8 23690 1822
17 9 14465 1112
17 10 22377 1721
17 11 11698 899
17 12 2740 210
17 13 26406 2031
17 14 24656 1896
17 15 424 32
17 16 15319 1178
17 17 0 0
17 18 1760 135
17 19 8819 678
17 20 14213 1093
17 21 27926 2148
17 22 11114 854
17 23 20951 1611
17 24 9934 764
17 25 3980 306
17 26 3591 276
17 27 25377 1952
17 28 3439 264
17 29 1883 144
17 30 17603 1354
17 31 16477 1267
17 32 1495 115
17 33 3349 257
17 34 4713 362
17 35 15093 1161
17 36 15505 1192
17 37 4019 309
17 38 21938 1687
17 39 15404 1184
17 40 28751 2211
17 41 24769 1905
17 42 20178 1552
17 43 16336 1256
17 44 26640 2049
17 45 12452 957
17 46 8905 685
17 47 19767 1520
17 48 12917 993
17 49 26938 2072
17 50 22773 1751
17 51 3847 295
17 52 21404 1646
17 53 15530 1194
17 54 752 57
17 55 11277 867
17 56 8249 634
17 57 24899 1915
17 58 17545 1349
17 59 21753 1673
17 60 19474 1498
17 61 19066 1466
17 62 19609 1508
17 63 19777 1521
17 64 14240 1095
17 65 5016 385
17 66 28797 2215
17 67 27489 2114
17 68 11986 922
17 69 5384 414
17 70 2553 196
17 71 10232 787
17 72 5870 451
17 73 24386 1875
17 74 13838 1064
18 0 3921 301
18 1 15533 1194
18 2 9748 749
18 3 1839 141
18 4 3506 269
18 5 15199 1169
18 6 18643 1434
18 7 8826 678
18 8 9530 733
18 9 18893 1453
18 10 7226 555
18 11 15666 1205
18 12 23761 1827
18 13 5463 420
18 14 19798 1522
18 15 16896 1299
18 16 27367 2105
18 17 7758 596
18 18 0 0
18 19 11828 909
18 20 19168 1474
18 21 29022 2232
18 22 29529 2271
18 23 4254 327
18 24 3745 288
18 25 22193 1707
18 26 14904 1146
18 27 19092 1468
18 28 8181 629
18 29 13017 1001
18 30 6505 500
18 31 23072 1774
18 32 13605 1046
18 33 16791 1291
18 34 23675 1821
18 35 7248 557
18 36 26029 2002
18 37 27118 2086
18 38 15173 1167
18 39 23398 1799
18 40 18300 1407
18 41 2860 220
18 42 28506 2192
18 43 2025 155
18 44 20660 1589
18 45 3086 237
18 46 641 49
18 47 19685 1514
18 48 11951 919
18 49 14043 1080
18 50 18947 1457
18 51 20065 1543
18 52 16706 1285
18 53 28579 2198
18 54 26850 2065
18 55 22597 1738
18 56 11010 846
18 57 22708 1746
18 58 19931 1533
18 59 27110 2085
18 60 3444 264
18 61 17740 1364
18 62 13722 1055
18 63 4975 382
18 64 25992 1999
18 65 11286 868
18 66 28681 2206
18 67 20998 1615
18 68 18008 1385
18 69 11742 903
18 70 22114 1701
18 71 8704 669
18 72 27910 2146
18 73 13562 1043
18 74 8326 640
19 0 852 65
19 1 23559 1812
19 2 15264 1174
19 3 2451 188
19 4 26265 2020
19 5 5071 390
19 6 8777 675
19 7 19610 1508
19 8 466 35
19 9 11516 885
19 10 851 65
19 11 3930 302
19 12 19100 1469
19 13 9655 742
19 14 24723 1901
19 15 29089 2237
19 16 13963 1074
19 17 21075 1621
19 18 1231 94
19 19 0 0
19 20 12012 924
19 21 28583 2198
19 22 5968 459
19 23 25446 1957
19 24 21773 1674
19 25 10520 809
19 26 27839 2141
19 27 3022 232
19 28 24789 1906
19 29 28349 2180
19 30 19149 1473
19 31 19825 1525
19 32 26529 2040
19 33 1492 114
19 34 8566 658
19 35 23260 1789
19 36 18698 1438
19 37 5969 459
19 38 27426 2109
19 39 7827 602
19 40 8703 669
19 41 13406 1031
19 42 22869 1759
19 43 3428 263
19 44 25190 1937
19 45 22931 1763
19 46 25043 1926
19 47 8007 615
19 48 3023 232
19 49 26557 2042
19 50 21553 1657
19 51 24888 1914
19 52 8154 627
19 53 28695 2207
19 54 2421 186
19 55 12505 961
19 56 21938 1687
19 57 3162 243
19 58 20264 1558
19 59 3354 258
19 60 15537 1195
19 61 13835 1064
19 62 4714 362
19 63 3662 281
19 64 1096 84
19 65 12487 960
19 66 16709 1285
19 67 3996 307
19 68 17953 1381
19 69 21375 1644
19 70 15567 1197
19 71 13153 1011
19 72 2809 216
19 73 14051 1080
19 74 24159 1858
20 0 18199 1399
20 1 14323 1101
20 2 14009 1077
20 3 12964 997
20 4 13269 1020
20 5 4467 343
20 6 17589 1353
20 7 28289 2176
20 8 29501 2269
20 9 20518 1578
20 10 18805 1446
20 11 25340 1949
20 12 27896 2145
20 13 27203 2092
20 14 9738 749
20 15 18768 1443
20 16 25648 1972
20 17 8356 642
20 18 20163 1551
20 19 10779 829
20 20 0 0
20 21 12727 979
20 22 8781 675
20 23 12014 924
20 24 1384 106
20 25 14533 1117
20 26 20266 1558
20 27 18188 1399
20 28 5721 440
20 29 26132 2010
20 30 790 60
20 31 17795 1368
20 32 14885 1145
20 33 26557 2042
20 34 22299 1715
20 35 15361 1181
20 36 27095 2084
20 37 29518 2270
20 38 18955 1458
20 39 22164 1704
20 40 29643 2280
20 41 7752 596
20 42 886 68
20 43 21808 1677
20 44 1851 142
20 45 27043 2080
20 46 891 68
20 47 519 39
20 48 16725 1286
20 49 22019 1693
20 50 11687 899
20 51 13868 1066
20 52 7002 538
20 53 17217 1324
20 54 21973 1690
20 55 29855 2296
20 56 8176 628
20 57 12438 956
20 58 22142 1703
20 59 15655 1204
20 60 9900 761
20 61 7960 612
20 62 10685 821
20 63 29611 2277
20 64 18496 1422
20 65 22789 1753
20 66 2928 225
20 67 16726 1286
20 68 27121 2086
20 69 26242 2018
20 70 23996 1845
20 71 24619 1893
20 72 2987 229
20 73 19157 1473
20 74 1116 85
21 0 18301 1407
21 1 29652 2280
21 2 19146 1472
21 3 170 13
21 4 25987 1999
21 5 20961 1612
21 6 7748 596
21 7 7054 542
21 8 24283 1867
21 9 5289 406
21 10 13256 1019
21 11 22062 1697
21 12 26911 2070
21 13 10592 814
21 14 9750 750
21 15 1556 119
21 16 3742 287
21 17 29914 2301
21 18 10542 810
21 19 15877 1221
21 20 25512 1962
21 21 0 0
21 22 6571 505
21 23 7307 562
21 24 19119 1470
21 25 16765 1289
21 26 28868 2220
21 27 6233 479
21 28 24083 1852
21 29 6039 464
21 30 16809 1293
21 31 7953 611
21 32 19829 1525
21 33 1626 125
21 34 2744 211
21 35 29635 2279
21 36 7091 545
21 37 8279 636
21 38 22106 1700
21 39 21139 1626
21 40 7806 600
21 41 26000 2000
21 42 6217 478
21 43 4533 348
21 44 19680 1513
21 45 23741 1826
21 46 20185 1552
21 47 4791 368
21 48 1255 96
21 49 6884 529
21 50 4252 327
21 51 29983 2306
21 52 22153 1704
21 53 28261 2173
21 54 27604 2123
21 55 11569 889
21 56 20179 1552
21 57 8360 643
21 58 6507 500
21 59 3557 273
21 60 24892 1914
21 61 25571 1967
21 62 11953 919
21 63 220 16
21 64 7467 574
21 65 9113 701
21 66 26577 2044
21 67 29070 2236
21 68 24466 1882
21 69 23353 1796
21 70 14857 1142
21 71 25058 1927
21 72 9359 719
21 73 15310 1177
21 74 15945 1226
22 0 24067 1851
22 1 29441 2264
22 2 5596 430
22 3 5932 456
22 4 9592 737
22 5 9096 699
22 6 19530 1502
22 7 8347 642
22 8 26781 2060
22 9 8824 678
22 10 3179 244
22 11 3293 253
22 12 28895 2222
22 13 16626 1278
22 14 29334 2256
22 15 24002 1846
22 16 21862 1681
22 17 10938 841
22 18 6805 523
22 19 15925 1225
22 20 8519 655
22 21 27488 2114
22 22 0 0
22 23 11237 864
22 24 917 70
22 25 13454 1034
22 26 16329 1256
22 27 29512 2270
22 28 26978 2075
22 29 10451 803
22 30 21905 1685
22 31 25400 1953
22 32 20599 1584
22 33 5975 459
22 34 20824 1601
22 35 15666 1205
22 36 910 70
22 37 4081 313
22 38 26903 2069
22 39 6485 498
22 40 3518 270
22 41 24883 1914
22 42 17985 1383
22 43 18720 1440
22 44 18498 1422
22 45 27711 2131
22 46 19729 1517
22 47 21862 1681
22 48 16996 1307
22 49 11709 900
22 50 4615 355
22 51 20969 1613
22 52 27216 2093
22 53 29202 2246
22 54 26064 2004
22 55 27649 2126
22 56 14714 1131
22 57 29583 2275
22 58 12271 943
22 59 19519 1501
22 60 23064 1774
22 61 2234 171
22 62 29996 2307
22 63 13478 1036
22 64 27192 2091
22 65 24783 1906
22 66 1748 134
22 67 18237 1402
22 68 2906 223
22 69 29936 2302
22 70 8584 660
22 71 18654 1434
22 72 14549 1119
22 73 14618 1124
22 74 17484 1344
23 0 17602 1354
23 1 23232 1787
23 2 25539 1964
23 3 29101 2238
23 4 13537 1041
23 5 20528 1579
23 6 8955 688
23 7 6935 533
23 8 8572 659
23 9 14933 1148
23 10 111 8
23 11 23472 1805
23 12 4725 363
23 13 22368 1720
23 14 26871 2067
23 15 10370 797
23 16 19581 1506
23 17 16412 1262
23 18 14426 1109
23 19 22286 1714
23 20 23648 1819
23 21 2707 208
23 22 4477 344
23 23 0 0
23 24 22291 1714
23 25 2963 227
23 26 11420 878
23 27 13355 1027
23 28 19517 1501
23 29 13272 1020
23 30 14444 1111
23 31 28808 2216
23 32 14898 1146
23 33 21497 1653
23 34 12245 941
23 35 6063 466
23 36 15902 1223
23 37 16028 1232
23 38 21426 1648
23 39 22346 1718
23 40 21543 1657
23 41 23450 1803
23 42 14045 1080
23 43 15183 1167
23 44 13772 1059
23 45 6688 514
23 46 18452 1419
23 47 2065 158
23 48 13035 1002
23 49 21507 1654
23 50 13247 1019
23 51 450 34
23 52 18481 1421
23 53 731 56
23 54 28033 2156
23 55 9715 747
23 56 25132 1933
23 57 19083 1467
23 58 26936 2072
23 59 7120 547
23 60 27116 2085
23 61 13333 1025
23 62 15329 1179
23 63 773 59
23 64 15791 1214
23 65 24036 1848
23 66 5378 413
23 67 10835 833
23 68 15680 1206
23 69 7640 587
23 70 12290 945
23 71 27209 2093
23 72 8249 634
23 73 2063 158
23 74 3529 271
24 0 29792 2291
24 1 1183 91
24 2 25997 1999
24 3 15388 1183
24 4 6097 469
24 5 10283 791
24 6 12375 951
24 7 28651 2203
24 8 15832 1217
24 9 27618 2124
24 10 9251 711
24 11 5338 410
24 12 6979 536
24 13 12834 987
24 14 5245 403
24 15 27773 2136
24 16 13804 1061
24 17 23316 1793
24 18 3919 301
24 19 12983 998
24 20 3620 278
24 21 9322 717
24 22 8816 678
24 23 20895 1607
24 24 0 0
24 25 16624 1278
24 26 4553 350
24 27 10412 800
24 28 8609 662
24 29 8237 633
24 30 6435 495
24 31 28340 2180
24 32 11958 919
24 33 780 60
24 34 1049 80
24 35 15004 1154
24 36 29077 2236
24 37 6460 496
24 38 5967 459
24 39 24304 1869
24 40 12091 930
24 41 29392 2260
24 42 22208 1708
24 43 1563 120
24 44 24903 1915
24 45 8679 667
24 46 7433 571
24 47 14653 1127
24 48 15754 1211
24 49 7406 569
24 50 6557 504
24 51 11890 914
24 52 10943 841
24 53 21816 1678
24 54 21797 1676
24 55 13461 1035
24 56 20535 1579
24 57 24640 1895
24 58 17570 1351
24 59 21166 1628
24 60 18655 1435
24 61 25707 1977
24 62 13695 1053
24 63 9191 707
24 64 16683 1283
24 65 23495 1807
24 66 4962 381
24 67 3574 274
24 68 26351 2027
24 69 8932 687
24 70 24900 1915
24 71 12739 979
24 72 21919 1686
24 73 6451 496
24 74 14629 1125
25 0 11440 880
25 1 13528 1040
25 2 7427 571
25 3 19253 1481
25 4 1487 114
25 5 22101 1700
25 6 3765 289
25 7 14371 1105
25 8 12070 928
25 9 24262 1866
25 10 5199 399
25 11 29383 2260
25 12 8186 629
25 13 11080 852
25 14 4325 332
25 15 11386 875
25 16 14995 1153
25 17 20373 1567
25 18 24849 1911
25 19 7681 590
25 20 29920 2301
25 21 29873 2297
25 22 20032 1540
25 23 25285 1945
25 24 15478 1190
25 25 0 0
25 26 15771 1213
25 27 27187 2091
25 28 22790 1753
25 29 27865 2143
25 30 10225 786
25 31 2813 216
25 32 23984 1844
25 33 24376 1875
25 34 2395 184
25 35 7830 602
25 36 21365 1643
25 37 4024 309
25 38 6659 512
25 39 319 24
25 40 28554 2196
25 41 17528 1348
25 42 25222 1940
25 43 9690 745
25 44 9807 754
25 45 15559 1196
25 46 12380 952
25 47 6114 470
25 48 2413 185
25 49 14937 1149
25 50 24777 1905
25 51 7993 614
25 52 23930 1840
25 53 25704 1977
25 54 3491 268
25 55 881 67
25 56 9246 711
25 57 25231 1940
25 58 5699 438
25 59 22138 1702
25 60 15272 1174
25 61 15108 1162
25 62 24353 1873
25 63 19832 1525
25 64 4415 339
25 65 8352 642
25 66 4954 381
25 67 15408 1185
25 68 15384 1183
25 69 5128 394
25 70 17749 1365
25 71 2510 193
25 72 18329 1409
25 73 14435 1110
25 74 24133 1856
26 0 26729 2056
26 1 654 50
26 2 23878 1836
26 3 17211 1323
26 4 11642 895
26 5 2521 193
26 6 3891 299
26 7 24730 1902
26 8 19178 1475
26 9 10835 833
26 10 16849 1296
26 11 1448 111
26 12 12467 959
26 13 17345 1334
26 14 29428 2263
26 15 7889 606
26 16 28434 2187
26 17 7944 611
26 18 4879 375
26 19 29973 2305
26 20 11630 894
26 21 868 66
26 22 20536 1579
26 23 19285 1483
26 24 8178 629
26 25 9807 754
26 26 0 0
26 27 29556 2273
26 28 13073 1005
26 29 10950 842
26 30 22768 1751
26 31 22261 1712
26 32 1861 143
26 33 13700 1053
26 34 15979 1229
26 35 16582 1275
26 36 6242 480
26 37 24034 1848
26 38 8901 684
26 39 21738 1672
26 40 7303 561
26 41 1246 95
26 42 9052 696
26 43 1174 90
26 44 6250 480
26 45 24671 1897
26 46 12318 947
26 47 19953 1534
26 48 2876 221
26 49 13290 1022
26 50 15044 1157
26 51 24192 1860
26 52 6148 472
26 53 16733 1287
26 54 12900 992
26 55 7470 574
26 56 21900 1684
26 57 8967 689
26 58 10533 810
26 59 29897 2299
26 60 23366 1797
26 61 21615 1662
26 62 7541 580
26 63 10220 786
26 64 5736 441
26 65 18944 1457
26 66 14703 1131
26 67 10844 834
26 68 7386 568
26 69 25475 1959
26 70 20120 1547
26 71 21683 1667
26 72 24335 1871
26 73 5057 389
26 74 17278 1329
27 0 28753 2211
27 1 470 36
27 2 10980 844
27 3 6237 479
27 4 11628 894
27 5 20171 1551
27 6 21940 1687
27 7 4345 334
27 8 29679 2283
27 9 714 54
27 10 5701 438
27 11 28223 2171
27 12 13448 1034
27 13 15609 1200
27 14 16514 1270
27 15 22026 1694
27 16 7866 605
27 17 6779 521
27 18 7168 551
27 19 18912 1454
27 20 4532 348
27 21 18669 1436
27 22 17410 1339
27 23 29415 2262
27 24 27105 2085
27 25 16762 1289
27 26 29971 2305
27 27 0 0
27 28 2218 170
27 29 8715 670
27 30 18586 1429
27 31 29359 2258
27 32 25193 1937
27 33 28784 2214
27 34 8778 675
27 35 2397 184
27 36 5663 435
27 37 11199 861
27 38 28853 2219
27 39 21684 1668
27 40 5998 461
27 41 13150 1011
27 42 24146 1857
27 43 27551 2119
27 44 17122 1317
27 45 19964 1535
27 46 17524 1348
27 47 11109 854
27 48 25050 1926
27 49 29188 2245
27 50 10318 793
27 51 24911 1916
27 52 27352 2104
27 53 13726 1055
27 54 20346 1565
27 55 21326 1640
27 56 16283 1252
27 57 27054 2081
27 58 12275 944
27 59 24730 1902
27 60 10557 812
27 61 10765 828
27 62 6380 490
27 63 1031 79
27 64 4766 366
27 65 13970 1074
27 66 6140 472
27 67 10514 808
27 68 2165 166
27 69 18399 1415
27 70 18279 1406
27 71 15601 1200
27 72 6115 470
27 73 5328 409
27 74 28572 2197
28 0 24794 1907
28 1 26705 2054
28 2 6540 503
28 3 13358 1027
28 4 28234 2171
28 5 27033 2079
28 6 24373 1874
28 7 24796 1907
28 8 28094 2161
28 9 5180 398
28 10 9918 762
28 11 2725 209
28 12 16151 1242
28 13 14920 1147
28 14 7202 554
28 15 5041 387
28 16 5680 436
28 17 12718 978
28 18 21148 1626
28 19 25154 1934
28 20 17060 1312
28 21 7975 613
28 22 4714 362
28 23 27131 2087
28 24 26528 2040
28 25 22451 1727
28 26 2952 227
28 27 11613 893
28 28 0 0
28 29 7072 544
28 30 15082 1160
28 31 800 61
28 32 10012 770
28 33 20645 1588
28 34 23452 1804
28 35 8988 691
28 36 8786 675
28 37 14317 1101
28 38 9344 718
28 39 23958 1842
28 40 11449 880
28 41 20866 1605
28 42 27805 2138
28 43 8643 664
28 44 16630 1279
28 45 14092 1084
28 46 305 23
28 47 8154 627
28 48 6077 467
28 49 24505 1885
28 50 16305 1254
28 51 21522 1655
28 52 16977 1305
28 53 781 60
28 54 4543 349
28 55 23749 1826
28 56 864 66
28 57 20410 1570
28 58 27600 2123
28 59 18891 1453
28 60 26004 2000
28 61 19506 1500
28 62 12075 928
28 63 25403 1954
28 64 11653 896
28 65 22419 1724
28 66 18601 1430
28 67 15371 1182
28 68 16340 1256
28 69 905 69
28 70 8224 632
28 71 11667 897
28 72 28630 2202
28 73 12736 979
28 74 11774 905
29 0 25243 1941
29 1 11896 915
29 2 15901 1223
29 3 23171 1782
29 4 4513 347
29 5 3443 264
29 6 21029 1617
29 7 1473 113
29 8 27105 2085
29 9 20809 1600
29 10 20947 1611
29 11 12412 954
29 12 26906 2069
29 13 11895 915
29 14 516 39
29 15 10085 775
29 16 25498 1961
29 17 11473 882
29 18 753 57
29 19 12658 973
29 20 9721 747
29 21 14879 1144
29 22 25182 1937
29 23 6537 502
29 24 8534 656
29 25 23708 1823
29 26 23775 1828
29 27 3150 242
29 28 24026 1848
29 29 0 0
29 30 3379 259
29 31 25807 1985
29 32 12837 987
29 33 17801 1369
29 34 27302 2100
29 35 3538 272
29 36 28132 2164
29 37 2793 214
29 38 9960 766
29 39 3898 299
29 40 21131 1625
29 41 24670 1897
29 42 24316 1870
29 43 28931 2225
29 44 8121 624
29 45 12616 970
29 46 6375 490
29 47 29786 2291
29 48 14601 1123
29 49 14162 1089
29 50 3041 233
29 51 28974 2228
29 52 15647 1203
29 53 4387 337
29 54 6173 474
29 55 19488 1499
29 56 5151 396
29 57 4412 339
29 58 6038 464
29 59 5653 434
29 60 19433 1494
29 61 11168 859
29 62 20246 1557
29 63 25027 1925
29 64 29687 2283
29 65 7410 570
29 66 3325 255
29 67 28972 2228
29 68 17944 1380
29 69 20383 1567
29 70 25865 1989
29 71 15159 1166
29 72 12972 997
29 73 17166 1320
29 74 1824 140
30 0 16224 1248
30 1 17712 1362
30 2 9945 765
30 3 23814 1831
30 4 17879 1375
30 5 18312 1408
30 6 23247 1788
30 7 26551 2042
30 8 6990 537
30 9 1303 100
30 10 2215 170
30 11 25300 1946
30 12 21031 1617
30 13 20064 1543
30 14 11929 917
30 15 26155 2011
30 16 24427 1879
30 17 13692 1053
30 18 12349 949
30 19 28607 2200
30 20 14837 1141
30 21 13916 1070
30 22 16476 1267
30 23 16295 1253
30 24 20996 1615
30 25 17698 1361
30 26 23922 1840
30 27 23289 1791
30 28 6355 488
30 29 27392 2107
30 30 0 0
30 31 23410 1800
30 32 25761 1981
30 33 24024 1848
30 34 5888 452
30 35 22134 1702
30 36 7121 547
30 37 22493 1730
30 38 19446 1495
30 39 20113 1547
30 40 4734 364
30 41 3470 266
30 42 13186 1014
30 43 19447 1495
30 44 28901 2223
30 45 3905 300
30 46 18480 1421
30 47 12458 958
30 48 2074 159
30 49 12306 946
30 50 16500 1269
30 51 22008 1692
30 52 19270 1482
30 53 2553 196
30 54 18100 1392
30 55 15775 1213
30 56 19463 1497
30 57 8868 682
30 58 6329 486
30 59 12069 928
30 60 17166 1320
30 61 4213 324
30 62 28806 2215
30 63 24217 1862
30 64 9311 716
30 65 6577 505
30 66 20107 1546
30 67 171 13
30 68 27952 2150
30 69 8823 678
30 70 13344 1026
30 71 6412 493
30 72 9107 700
30 73 19761 1520
30 74 17728 1363
31 0 597 45
31 1 15164 1166
31 2 12187 937
31 3 26568 2043
31 4 20521 1578
31 5 27957 2150
31 6 17621 1355
31 7 12209 939
31 8 699 53
31 9 17829 1371
31 10 28515 2193
31 11 11209 862
31 12 22622 1740
31 13 28154 2165
31 14 5114 393
31 15 14873 1144
31 16 20201 1553
31 17 17905 1377
31 18 26129 2009
31 19 1120 86
31 20 28421 2186
31 21 6883 529
31 22 19855 1527
31 23 11718 901
31 24 19701 1515
31 25 13520 1040
31 26 25076 1928
31 27 6590 506
31 28 22004 1692
31 29 23326 1794
31 30 22107 1700
31 31 0 0
31 32 27083 2083
31 33 26639 2049
31 34 8313 639
31 35 28952 2227
31 36 11352 873
31 37 17384 1337
31 38 16676 1282
31 39 24580 1890
31 40 3324 255
31 41 6796 522
31 42 21024 1617
31 43 11332 871
31 44 23699 1823
31 45 8471 651
31 46 25650 1973
31 47 22956 1765
31 48 7459 573
31 49 13222 1017
31 50 16248 1249
31 51 19034 1464
31 52 9943 764
31 53 15283 1175
31 54 27046 2080
31 55 20226 1555
31 56 13002 1000
31 57 9586 737
31 58 18765 1443
31 59 20634 1587
31 60 7552 580
31 61 27389 2106
31 62 12300 946
31 63 3764 289
31 64 21238 1633
31 65 18697 1438
31 66 19341 1487
31 67 7048 542
31 68 6858 527
31 69 19650 1511
31 70 14703 1131
31 71 5113 393
31 72 2458 189
31 73 11519 886
31 74 16362 1258
32 0 26631 2048
32 1 25773 1982
32 2 27131 2087
32 3 12856 988
32 4 2775 213
32 5 17355 1335
32 6 10020 770
32 7 11016 847
32 8 26789 2060
32 9 29204 2246
32 10 1893 145
32 11 25354 1950
32 12 23511 1808
32 13 203 15
32 14 16016 1232
32 15 4352 334
32 16 2872 220
32 17 7407 569
32 18 25166 1935
32 19 24350 1873
32 20 1695 130
32 21 747 57
32 22 10607 815
32 23 19038 1464
32 24 24716 1901
32 25 12672 974
32 26 16635 1279
32 27 14491 1114
32 28 1613 124
32 29 5476 421
32 30 4272 328
32 31 26264 2020
32 32 0 0
32 33 284 21
32 34 19513 1501
32 35 9172 705
32 36 27039 2079
32 37 3911 300
32 38 4325 332
32 39 7729 594
32 40 4392 337
32 41 7473 574
32 42 12232 940
32 43 20114 1547
32 44 29309 2254
32 45 28129 2163
32 46 10352 796
32 47 15764 1212
32 48 2489 191
32 49 3744 288
32 50 5249 403
32 51 27240 2095
32 52 21466 1651
32 53 14433 1110
32 54 12406 954
32 55 12336 948
32 56 25233 1941
32 57 21953 1688
32 58 23930 1840
32 59 27357 2104
32 60 1015 78
32 61 1329 102
32 62 4914 378
32 63 26771 2059
32 64 19714 1516
32 65 28324 2178
32 66 28576 2198
32 67 17963 1381
32 68 2464 189
32 69 24003 1846
32 70 6121 470
32 71 3652 280
32 72 12253 942
32 73 14374 1105
32 74 7340 564
33 0 9727 748
33 1 15881 1221
33 2 14925 1148
33 3 15804 1215
33 4 24423 1878
33 5 28550 2196
33 6 3324 255
33 7 27053 2081
33 8 10460 804
33 9 3031 233
33 10 2817 216
33 11 25621 1970
33 12 25874 1990
33 13 5305 408
33 14 3261 250
33 15 19875 1528
33 16 540 41
33 17 29034 2233
33 18 13777 1059
33 19 26050 2003
33 20 26834 2064
33 21 25419 1955
33 22 4463 343
33 23 11411 877
33 24 1478 113
33 25 23238 1787
33 26 24164 1858
33 27 10657 819
33 28 13664 1051
33 29 18213 1401
33 30 8476 652
33 31 12181 937
33 32 19183 1475
33 33 0 0
33 34 18850 1450
33 35 20223 1555
33 36 17700 1361
33 37 18332 1410
33 38 18002 1384
33 39 23853 1834
33 40 15266 1174
33 41 16702 1284
33 42 23079 1775
33 43 2243 172
33 44 11434 879
33 45 20047 1542
33 46 13938 1072
33 47 2985 229
33 48 1055 81
33 49 13436 1033
33 50 14686 1129
33 51 29699 2284
33 52 25356 1950
33 53 20593 1584
33 54 13319 1024
33 55 12857 989
33 56 20603 1584
33 57 272 20
33 58 18484 1421
33 59 4288 329
33 60 26779 2059
33 61 8554 658
33 62 17909 1377
33 63 1215 93
33 64 20788 1599
33 65 17339 1333
33 66 15380 1183
33 67 19461 1497
33 68 4679 359
33 69 14324 1101
33 70 23228 1786
33 71 11118 855
33 72 24106 1854
33 73 26629 2048
33 74 22349 1719
34 0 14989 1153
34 1 2660 204
34 2 27465 2112
34 3 15068 1159
34 4 18942 1457
34 5 23884 1837
34 6 14497 1115
34 7 4127 317
34 8 16216 1247
34 9 29118 2239
34 10 26519 2039
34 11 15670 1205
34 12 6700 515
34 13 10931 840
34 14 17123 1317
34 15 23492 1807
34 16 11651 896
34 17 6835 525
34 18 14791 1137
34 19 13010 1000
34 20 27524 2117
34 21 24040 1849
34 22 1520 116
34 23 27375 2105
34 24 15858 1219
34 25 4250 326
34 26 15556 1196
34 27 20877 1605
34 28 21668 1666
34 29 17898 1376
34 30 3331 256
34 31 7676 590
34 32 9511 731
34 33 26907 2069
34 34 0 0
34 35 15196 1168
34 36 17482 1344
34 37 12683 975
34 38 19885 1529
34 39 22428 1725
34 40 26519 2039
34 41 26461 2035
34 42 3288 252
34 43 10482 806
34 44 6353 488
34 45 22361 1720
34 46 26143 2011
34 47 2566 197
34 48 29500 2269
34 49 21938 1687
34 50 10070 774
34 51 8488 652
34 52 26655 2050
34 53 2442 187
34 54 1777 136
34 55 19726 1517
34 56 23030 1771
34 57 14546 1118
34 58 20892 1607
34 59 13818 1062
34 60 11050 850
34 61 981 75
34 62 6529 502
34 63 28764 2212
34 64 18671 1436
34 65 16904 1300
34 66 11049 849
34 67 18888 1452
34 68 325 25
34 69 29235 2248
34 70 23800 1830
34 71 16664 1281
34 72 7641 587
34 73 17328 1332
34 74 20952 1611
35 0 12093 930
35 1 16244 1249
35 2 26558 2042
35 3 24743 1903
35 4 17323 1332
35 5 27096 2084
35 6 25534 1964
35 7 21152 1627
35 8 846 65
35 9 7396 568
35 10 12039 926
35 11 434 33
35 12 12021 924
35 13 18745 1441
35 14 25580 1967
35 15 8491 653
35 16 23162 1781
35 17 26644 2049
35 18 24478 1882
35 19 15369 1182
35 20 170 13
35 21 22266 1712
35 22 9967 766
35 23 22986 1768
35 24 16938 1302
35 25 3996 307
35 26 24374 1874
35 27 17752 1365
35 28 21254 1634
35 29 5267 405
35 30 13758 1058
35 31 9075 698
35 32 19021 1463
35 33 2679 206
35 34 26978 2075
35 35 0 0
35 36 9493 730
35 37 9196 707
35 38 8703 669
35 39 18796 1445
35 40 12030 925
35 41 6641 510
35 42 12795 984
35 43 20598 1584
35 44 28198 2169
35 45 7900 607
35 46 29916 2301
35 47 4187 322
35 48 21418 1647
35 49 21144 1626
35 50 19872 1528
35 51 29164 2243
35 52 14359 1104
35 53 810 62
35 54 4750 365
35 55 27326 2102
35 56 28597 2199
35 57 8208 631
35 58 10239 787
35 59 25447 1957
35 60 29468 2266
35 61 6218 478
35 62 20367 1566
35 63 6215 478
35 64 22914 1762
35 65 22565 1735
35 66 6448 496
35 67 26045 2003
35 68 8809 677
35 69 17759 1366
35 70 29987 2306
35 71 15818 1216
35 72 11228 863
35 73 22126 1702
35 74 14614 1124
36 0 12963 997
36 1 11262 866
36 2 13468 1036
36 3 8824 678
36 4 5568 428
36 5 11126 855
36 6 18114 1393
36 7 13584 1044
36 8 19938 1533
36 9 10092 776
36 10 7833 602
36 11 12993 999
36 12 27575 2121
36 13 20608 1585
36 14 20730 1594
36 15 16267 1251
36 16 25002 1923
36 17 3048 234
36 18 25036 1925
36 19 14216 1093
36 20 16471 1267
36 21 29197 2245
36 22 27315 2101
36 23 15456 1188
36 24 24420 1878
36 25 21120 1624
36 26 8900 684
36 27 11762 904
36 28 11056 850
36 29 24020 1847
36 30 11340 872
36 31 12636 972
36 32 8340 641
36 33 19175 1475
36 34 3627 279
36 35 15650 1203
36 36 0 0
36 37 19163 1474
36 38 2303 177
36 39 27145 2088
36 40 12154 934
36 41 19832 1525
36 42 27778 2136
36 43 25653 1973
36 44 3182 244
36 45 2785 214
36 46 5362 412
36 47 3778 290
36 48 11988 922
36 49 8125 625
36 50 26250 2019
36 51 29250 2250
36 52 15846 1218
36 53 2506 192
36 54 17311 1331
36 55 14811 1139
36 56 28114 2162
36 57 9739 749
36 58 20520 1578
36 59 11668 897
36 60 29059 2235
36 61 20116 1547
36 62 8394 645
36 63 13914 1070
36 64 17307 1331
36 65 28088 2160
36 66 5348 411
36 67 25788 1983
36 68 25085 1929
36 69 984 75
36 70 21218 1632
36 71 10945 841
36 72 8662 666
36 73 17235 1325
36 74 22998 1769
37 0 13522 1040
37 1 29103 2238
37 2 2844 218
37 3 1676 128
37 4 23031 1771
37 5 13480 1036
37 6 13587 1045
37 7 23836 1833
37 8 24476 1882
37 9 16726 1286
37 10 24986 1922
37 11 2198 169
37 12 5940 456
37 13 27100 2084
37 14 1523 117
37 15 28897 2222
37 16 23804 1831
37 17 14722 1132
37 18 20653 1588
37 19 27714 2131
37 20 5361 412
37 21 6330 486
37 22 27050 2080
37 23 15358 1181
37 24 11310 870
37 25 26800 2061
37 26 11183 860
37 27 3814 293
37 28 8743 672
37 29 20478 1575
37 30 11489 883
37 31 7280 560
37 32 10236 787
37 33 7686 591
37 34 17237 1325
37 35 24330 1871
37 36 14519 1116
37 37 0 0
37 38 23911 1839
37 39 13605 1046
37 40 1804 138
37 41 28671 2205
37 42 5314 408
37 43 29426 2263
37 44 27905 2146
37 45 13355 1027
37 46 26380 2029
37 47 20123 1547
37 48 14146 1088
37 49 4084 314
37 50 26589 2045
37 51 1995 153
37 52 1439 110
37 53 20407 1569
37 54 1259 96
37 55 11623 894
37 56 2105 161
37 57 3271 251
37 58 17642 1357
37 59 6719 516
37 60 18975 1459
37 61 9916 762
37 62 23331 1794
37 63 28379 2183
37 64 20233 1556
37 65 7618 586
37 66 21836 1679
37 67 17986 1383
37 68 5708 439
37 69 1449 111
37 70 22361 1720
37 71 7256 558
37 72 12574 967
37 73 23551 1811
37 74 6786 522
38 0 29142 2241
38 1 28522 2194
38 2 19849 1526
38 3 20401 1569
38 4 27457 2112
38 5 4188 322
38 6 5654 434
38 7 2951 227
38 8 2845 218
38 9 28077 2159
38 10 12555 965
38 11 17490 1345
38 12 19982 1537
38 13 22945 1765
38 14 14663 1127
38 15 1443 111
38 16 14929 1148
38 17 18624 1432
38 18 13990 1076
38 19 26880 2067
38 20 19243 1480
38 21 25096 1930
38 22 5716 439
38 23 11614 893
38 24 16671 1282
38 25 19944 1534
38 26 24894 1914
38 27 25793 1984
38 28 7375 567
38 29 27723 2132
38 30 2279 175
38 31 6891 530
38 32 24012 1847
38 33 5217 401
38 34 24552 1888
38 35 3891 299
38 36 20020 1540
38 37 20005 1538
38 38 0 0
38 39 26122 2009
38 40 14406 1108
38 41 24589 1891
38 42 26683 2052
38 43 10930 840
38 44 22760 1750
38 45 24371 1874
38 46 15441 1187
38 47 20778 1598
38 48 10813 831
38 49 19960 1535
38 50 15407 1185
38 51 23492 1807
38 52 7990 614
38 53 24415 1878
38 54 3909 300
38 55 23321 1793
38 56 11999 923
38 57 13540 1041
38 58 4716 362
38 59 21451 1650
38 60 20554 1581
38 61 11625 894
38 62 4325 332
38 63 2631 202
38 64 17497 1345
38 65 5688 437
38 66 19353 1488
38 67 13666 1051
38 68 16458 1266
38 69 12054 927
38 70 15531 1194
38 71 10465 805
38 72 9107 700
38 73 3619 278
38 74 9665 743
39 0 7837 602
39 1 23392 1799
39 2 5667 435
39 3 6488 499
39 4 15376 1182
39 5 16010 1231
39 6 22026 1694
39 7 23815 1831
39 8 1788 137
39 9 3082 237
39 10 4132 317
39 11 19441 1495
39 12 28125 2163
39 13 8616 662
39 14 29905 2300
39 15 25818 1986
39 16 16053 1234
39 17 1126 86
39 18 15638 1202
39 19 6889 529
39 20 20414 1570
39 21 13959 1073
39 22 390 30
39 23 4897 376
39 24 29112 2239
39 25 27674 2128
39 26 9545 734
39 27 14266 1097
39 28 1796 138
39 29 29538 2272
39 30 1968 151
39 31 29816 2293
39 32 23964 1843
39 33 24602 1892
39 34 20286 1560
39 35 8448 649
39 36 14683 1129
39 37 18422 1417
39 38 14819 1139
39 39 0 0
39 40 22593 1737
39 41 267 20
39 42 23837 1833
39 43 29683 2283
39 44 4122 317
39 45 25745 1980
39 46 10038 772
39 47 22400 1723
39 48 17602 1354
39 49 11318 870
39 50 3631 279
39 51 787 60
39 52 8550 657
39 53 961 73
39 54 8940 687
39 55 15847 1219
39 56 9036 695
39 57 23352 1796
39 58 11125 855
39 59 28659 2204
39 60 11219 863
39 61 16782 1290
39 62 24921 1917
39 63 9728 748
39 64 17054 1311
39 65 14635 1125
39 66 14172 1090
39 67 15607 1200
39 68 11973 921
39 69 12468 959
39 70 12497 961
39 71 15950 1226
39 72 6143 472
39 73 26681 2052
39 74 1209 93
40 0 18242 1403
40 1 16371 1259
40 2 16295 1253
40 3 17350 1334
40 4 28614 2201
40 5 18622 1432
40 6 15808 1216
40 7 2324 178
40 8 8134 625
40 9 12448 957
40 10 17176 1321
40 11 28406 2185
40 12 1033 79
40 13 21306 1638
40 14 27039 2079
40 15 28427 2186
40 16 11828 909
40 17 20246 1557
40 18 25929 1994
40 19 20236 1556
40 20 15926 1225
40 21 17325 1332
40 22 7057 542
40 23 3016 232
40 24 29463 2266
40 25 11521 886
40 26 15511 1193
40 27 264 20
40 28 8153 627
40 29 27924 2148
40 30 29419 2263
40 31 6245 480
40 32 11349 873
40 33 22223 1709
40 34 8064 620
40 35 11937 918
40 36 19289 1483
40 37 9907 762
40 38 16734 1287
40 39 3810 293
40 40 0 0
40 41 23479 1806
40 42 20651 1588
40 43 1611 123
40 44 17954 1381
40 45 10575 813
40 46 455 35
40 47 28510 2193
40 48 26340 2026
40 49 21906 1685
40 50 29062 2235
40 51 3156 242
40 52 1003 77
40 53 7010 539
40 54 23914 1839
40 55 2469 189
40 56 15842 1218
40 57 14758 1135
40 58 27696 2130
40 59 24322 1870
40 60 5992 460
40 61 2740 210
40 62 28494 2191
40 63 18453 1419
40 64 13407 1031
40 65 22277 1713
40 66 4834 371
40 67 28063 2158
40 68 19850 1526
40 69 8297 638
40 70 20159 1550
40 71 1233 94
40 72 8374 644
40 73 22202 1707
40 74 14996 1153
41 0 25711 1977
41 1 13802 1061
41 2 6205 477
41 3 5906 454
41 4 19962 1535
41 5 2187 168
41 6 20959 1612
41 7 27589 2122
41 8 27659 2127
41 9 12524 963
41 10 22822 1755
41 11 22412 1724
41 12 1354 104
41 13 17125 1317
41 14 20292 1560
41 15 26979 2075
41 16 25065 1928
41 17 16811 1293
41 18 29929 2302
41 19 13516 1039
41 20 4619 355
41 21 23477 1805
41 22 2860 220
41 23 7577 582
41 24 5454 419
41 25 19188 1476
41 26 764 58
41 27 3624 278
41 28 12274 944
41 29 28688 2206
41 30 462 35
41 31 11773 905
41 32 15386 1183
41 33 26010 2000
41 34 2172 167
41 35 5892 453
41 36 15675 1205
41 37 6152 473
41 38 16580 1275
41 39 20154 1550
41 40 6654 511
41 41 0 0
41 42 11071 851
41 43 16491 1268
41 44 4746 365
41 45 25816 1985
41 46 8102 623
41 47 21534 1656
41 48 29086 2237
41 49 22536 1733
41 50 22567 1735
41 51 19673 1513
41 52 23935 1841
41 53 6028 463
41 54 14772 1136
41 55 3853 296
41 56 23516 1808
41 57 12792 984
41 58 5378 413
41 59 18165 1397
41 60 7741 595
41 61 19646 1511
41 62 24091 1853
41 63 1611 123
41 64 1379 106
41 65 11354 873
41 66 6455 496
41 67 8538 656
41 68 1677 129
41 69 13194 1014
41 70 29534 2271
41 71 29743 2287
41 72 23666 1820
41 73 24502 1884
41 74 12605 969
42 0 9257 712
42 1 26148 2011
42 2 23100 1776
42 3 7416 570
42 4 5574 428
42 5 22589 1737
42 6 10182 783
42 7 9599 738
42 8 12080 929
42 9 26499 2038
42 10 20920 1609
42 11 17710 1362
42 12 1854 142
42 13 2073 159
42 14 27609 2123
42 15 24436 1879
42 16 20059 1543
42 17 8806 677
42 18 23677 1821
42 19 12465 958
42 20 19062 1466
42 21 24533 1887
42 22 12714 978
42 23 18586 1429
42 24 28973 2228
42 25 12977 998
42 26 9661 743
42 27 25593 1968
42 28 1917 147
42 29 14828 1140
42 30 18003 1384
42 31 25041 1926
42 32 6126 471
42 33 13433 1033
42 34 7178 552
42 35 4978 382
42 36 4968 382
42 37 23093 1776
42 38 18660 1435
42 39 10672 820
42 40 11229 863
42 41 10815 831
42 42 0 0
42 43 3757 289
42 44 11822 909
42 45 29673 2282
42 46 14254 1096
42 47 17460 1343
42 48 5473 421
42 49 20689 1591
42 50 20802 1600
42 51 22693 1745
42 52 7704 592
42 53 24423 1878
42 54 29497 2269
42 55 19904 1531
42 56 23162 1781
42 57 22340 1718
42 58 1588 122
42 59 20977 1613
42 60 8110 623
42 61 9259 712
42 62 12119 932
42 63 700 53
42 64 19252 1480
42 65 29299 2253
42 66 8144 626
42 67 24495 1884
42 68 23664 1820
42 69 3196 245
42 70 5550 426
42 71 28013 2154
42 72 21983 1691
42 73 24378 1875
42 74 25772 1982
43 0 2299 176
43 1 8648 665
43 2 12611 970
43 3 3539 272
43 4 16739 1287
43 5 20624 1586
43 6 1458 112
43 7 27926 2148
43 8 2631 202
43 9 8771 674
43 10 10806 831
43 11 8198 630
43 12 16688 1283
43 13 19431 1494
43 14 20139 1549
43 15 12720 978
43 16 14457 1112
43 17 17936 1379
43 18 7408 569
43 19 13030 1002
43 20 15995 1230
43 21 14892 1145
43 22 28925 2225
43 23 21000 1615
43 24 20766 1597
43 25 17595 1353
43 26 20484 1575
43 27 5561 427
43 28 15387 1183
43 29 12052 927
43 30 24450 1880
43 31 9150 703
43 32 20262 1558
43 33 12123 932
43 34 24164 1858
43 35 3196 245
43 36 28907 2223
43 37 29501 2269
43 38 17700 1361
43 39 8838 679
43 40 17966 1382
43 41 25504 1961
43 42 20816 1601
43 43 0 0
43 44 12223 940
43 45 22409 1723
43 46 4162 320
43 47 21651 1665
43 48 1646 126
43 49 8012 616
43 50 2463 189
43 51 18161 1397
43 52 10312 793
43 53 610 46
43 54 21022 1617
43 55 16472 1267
43 56 5564 428
43 57 16383 1260
43 58 12421 955
43 59 12567 966
43 60 1558 119
43 61 24556 1888
43 62 6322 486
43 63 22167 1705
43 64 6255 481
43 65 19372 1490
43 66 15630 1202
43 67 2743 211
43 68 8336 641
43 69 9566 735
43 70 7223 555
43 71 11425 878
43 72 7163 551
43 73 19392 1491
43 74 7892 607
44 0 1407 108
44 1 12401 953
44 2 18351 1411
44 3 11925 917
44 4 25235 1941
44 5 16933 1302
44 6 3150 242
44 7 8072 620
44 8 26701 2053
44 9 21053 1619
44 10 28463 2189
44 11 28968 2228
44 12 24493 1884
44 13 4034 310
44 14 25033 1925
44 15 14597 1122
44 16 11153 857
44 17 3875 298
44 18 8779 675
44 19 26653 2050
44 20 10654 819
44 21 4235 325
44 22 2543 195
44 23 3191 245
44 24 6774 521
44 25 15067 1159
44 26 28947 2226
44 27 28813 2216
44 28 19718 1516
44 29 12363 951
44 30 22958 1766
44 31 24256 1865
44 32 25096 1930
44 33 17034 1310
44 34 28076 2159
44 35 14370 1105
44 36 6402 492
44 37 3180 244
44 38 12908 992
44 39 24711 1900
44 40 18707 1439
44 41 4732 364
44 42 28248 2172
44 43 9633 741
44 44 0 0
44 45 1951 150
44 46 25984 1998
44 47 1581 121
44 48 12144 934
44 49 29081 2237
44 50 5055 388
44 51 14553 1119
44 52 8178 629
44 53 29452 2265
44 54 29856 2296
44 55 9968 766
44 56 20088 1545
44 57 1998 153
44 58 26705 2054
44 59 16974 1305
44 60 8385 645
44 61 10743 826
44 62 20454 1573
44 63 25399 1953
44 64 24719 1901
44 65 15247 1172
44 66 23986 1845
44 67 6278 482
44 68 20453 1573
44 69 17256 1327
44 70 835 64
44 71 15940 1226
44 72 7065 543
44 73 18520 1424
44 74 9315 716
45 0 27617 2124
45 1 18563 1427
45 2 9982 767
45 3 27603 2123
45 4 21981 1690
45 5 19169 1474
45 6 12792 984
45 7 25401 1953
45 8 4282 329
45 9 3089 237
45 10 2675 205
45 11 16488 1268
45 12 11711 900
45 13 28867 2220
45 14 24527 1886
45 15 13779 1059
45 16 24370 1874
45 17 10495 807
45 18 24175 1859
45 19 1388 106
45 20 15836 1218
45 21 13009 1000
45 22 18203 1400
45 23 21933 1687
45 24 29693 2284
45 25 23403 1800
45 26 24732 1902
45 27 20882 1606
45 28 3634 279
45 29 9562 735
45 30 25036 1925
45 31 23950 1842
45 32 18908 1454
45 33 7828 602
45 34 25161 1935
45 35 17087 1314
45 36 9127 702
45 37 5728 440
45 38 28134 2164
45 39 25406 1954
45 40 29779 2290
45 41 15375 1182
45 42 28632 2202
45 43 10538 810
45 44 957 73
45 45 0 0
45 46 4013 308
45 47 2825 217
45 48 981 75
45 49 15232 1171
45 50 8044 618
45 51 25532 1964
45 52 14024 1078
45 53 20127 1548
45 54 24220 1863
45 55 26894 2068
45 56 25181 1937
45 57 18644 1434
45 58 25402 1954
45 59 25423 1955
45 60 13157 1012
45 61 7289 560
45 62 14409 1108
45 63 17322 1332
45 64 26002 2000
45 65 25888 1991
45 66 21625 1663
45 67 25818 1986
45 68 18398 1415
45 69 18102 1392
45 70 5644 434
45 71 1000 76
45 72 6026 463
45 73 17854 1373
45 74 5304 408
46 0 22295 1715
46 1 4448 342
46 2 23256 1788
46 3 17682 1360
46 4 28826 2217
46 5 7696 592
46 6 14860 1143
46 7 497 38
46 8 11054 850
46 9 1459 112
46 10 2716 208
46 11 3156 242
46 12 15891 1222
46 13 5697 438
46 14 25778 1982
46 15 14289 1099
46 16 3652 280
46 17 13943 1072
46 18 21523 1655
46 19 5185 398
46 20 11778 906
46 21 9163 704
46 22 24680 1898
46 23 3379 259
46 24 13972 1074
46 25 2932 225
46 26 5792 445
46 27 18107 1392
46 28 19543 1503
46 29 12919 993
46 30 2652 204
46 31 23729 1825
46 32 829 63
46 33 7319 563
46 34 27658 2127
46 35 753 57
46 36 1090 83
46 37 13211 1016
46 38 15287 1175
46 39 4715 362
46 40 1279 98
46 41 7005 538
46 42 21487 1652
46 43 26604 2046
46 44 28656 2204
46 45 10856 835
46 46 0 0
46 47 5082 390
46 48 9265 712
46 49 21560 1658
46 50 3104 238
46 51 15192 1168
46 52 9952 765
46 53 24344 1872
46 54 28411 2185
46 55 19514 1501
46 56 11431 879
46 57 1252 96
46 58 980 75
46 59 9178 706
46 60 18435 1418
46 61 13443 1034
46 62 2039 156
46 63 15990 1230
46 64 15923 1224
46 65 9003 692
46 66 27251 2096
46 67 18601 1430
46 68 14354 1104
46 69 24694 1899
46 70 14581 1121
46 71 21344 1641
46 72 16572 1274
46 73 25330 1948
46 74 8535 656
47 0 16840 1295
47 1 485 37
47 2 24395 1876
47 3 27270 2097
47 4 28573 2197
47 5 23355 1796
47 6 21570 1659
47 7 9133 702
47 8 29035 2233
47 9 28548 2196
47 10 12251 942
47 11 12706 977
47 12 1915 147
47 13 28212 2170
47 14 25153 1934
47 15 27524 2117
47 16 19952 1534
47 17 24462 1881
47 18 16506 1269
47 19 10942 841
47 20 2641 203
47 21 3075 236
47 22 14648 1126
47 23 18278 1406
47 24 321 24
47 25 24801 1907
47 26 20069 1543
47 27 19352 1488
47 28 4790 368
47 29 1159 89
47 30 22393 1722
47 31 10899 838
47 32 8006 615
47 33 25952 1996
47 34 10556 812
47 35 4305 331
47 36 13780 1060
47 37 15987 1229
47 38 20615 1585
47 39 5099 392
47 40 12111 931
47 41 28435 2187
47 42 8560 658
47 43 22903 1761
47 44 25063 1927
47 45 7664 589
47 46 21862 1681
47 47 0 0
47 48 26496 2038
47 49 12367 951
47 50 18018 1386
47 51 16797 1292
47 52 12527 963
47 53 1372 105
47 54 4372 336
47 55 8527 655
47 56 28932 2225
47 57 4868 374
47 58 27071 2082
47 59 3944 303
47 60 14264 1097
47 61 28283 2175
47 62 6681 513
47 63 26792 2060
47 64 21838 1679
47 65 18991 1460
47 66 29580 2275
47 67 19984 1537
47 68 26151 2011
47 69 16177 1244
47 70 8543 657
47 71 24568 1889
47 72 22368 1720
47 73 2356 181
47 74 18992 1460
48 0 13792 1060
48 1 5697 438
48 2 6230 479
48 3 22452 1727
48 4 25246 1942
48 5 3546 272
48 6 13071 1005
48 7 24757 1904
48 8 1053 81
48 9 28636 2202
48 10 14728 1132
48 11 17668 1359
48 12 21943 1687
48 13 4642 357
48 14 17728 1363
48 15 20237 1556
48 16 27264 2097
48 17 6967 535
48 18 3305 254
48 19 25479 1959
48 20 16972 1305
48 21 1440 110
48 22 19693 1514
48 23 25753 1981
48 24 10484 806
48 25 4259 327
48 26 26031 2002
48 27 6314 485
48 28 785 60
48 29 2362 181
48 30 7370 566
48 31 11257 865
48 32 23155 1781
48 33 1648 126
48 34 8585 660
48 35 8699 669
48 36 10433 802
48 37 15511 1193
48 38 4974 382
48 39 1060 81
48 40 3532 271
48 41 7068 543
48 42 20197 1553
48 43 18603 1431
48 44 12000 923
48 45 13992 1076
48 46 24257 1865
48 47 11900 915
48 48 0 0
48 49 3587 275
48 50 29513 2270
48 51 27494 2114
48 52 14452 1111
48 53 26022 2001
48 54 7407 569
48 55 16876 1298
48 56 23733 1825
48 57 25478 1959
48 58 12853 988
48 59 22280 1713
48 60 17958 1381
48 61 9815 755
48 62 24134 1856
48 63 983 75
48 64 5969 459
48 65 8566 658
48 66 15276 1175
48 67 2896 222
48 68 7031 540
48 69 5403 415
48 70 23832 1833
48 71 423 32
48 72 7660 589
48 73 16901 1300
48 74 15471 1190
49 0 26145 2011
49 1 6353 488
49 2 17061 1312
49 3 21656 1665
49 4 15485 1191
49 5 17625 1355
49 6 7407 569
49 7 19270 1482
49 8 27299 2099
49 9 14268 1097
49 10 24004 1846
49 11 3104 238
49 12 6958 535
49 13 13556 1042
49 14 4499 346
49 15 13218 1016
49 16 1781 137
49 17 1030 79
49 18 29064 2235
49 19 9761 750
49 20 23854 1834
49 21 27533 2117
49 22 25104 1931
49 23 3082 237
49 24 5502 423
49 25 26733 2056
49 26 29130 2240
49 27 22004 1692
49 28 4347 334
49 29 4329 333
49 30 28669 2205
49 31 2510 193
49 32 22671 1743
49 33 28759 2212
49 34 2074 159
49 35 8751 673
49 36 736 56
49 37 22530 1733
49 38 3167 243
49 39 13389 1029
49 40 14839 1141
49 41 2009 154
49 42 18373 1413
49 43 9097 699
49 44 8886 683
49 45 4099 315
49 46 20857 1604
49 47 16095 1238
49 48 24100 1853
49 49 0 0
49 50 7485 575
49 51 4576 352
49 52 18449 1419
49 53 10593 814
49 54 9011 693
49 55 3200 246
49 56 24646 1895
49 57 17789 1368
49 58 17223 1324
49 59 8418 647
49 60 4813 370
49 61 21896 1684
49 62 6216 478
49 63 459 35
49 64 2072 159
49 65 29284 2252
49 66 18730 1440
49 67 17675 1359
49 68 7112 547
49 69 3955 304
49 70 23522 1809
49 71 29264 2251
49 72 20476 1575
49 73 19482 1498
49 74 29505 2269
50 0 26144 2011
50 1 14314 1101
50 2 20361 1566
50 3 23596 1815
50 4 10743 826
50 5 20254 1558
50 6 25319 1947
50 7 11622 894
50 8 29800 2292
50 9 26583 2044
50 10 13954 1073
50 11 16369 1259
50 12 10452 804
50 13 17471 1343
50 14 14632 1125
50 15 458 35
50 16 24223 1863
50 17 17668 1359
50 18 21707 1669
50 19 7387 568
50 20 11225 863
50 21 9143 703
50 22 17609 1354
50 23 5858 450
50 24 25332 1948
50 25 18101 1392
50 26 1751 134
50 27 11834 910
50 28 3275 251
50 29 8526 655
50 30 7482 575
50 31 4817 370
50 32 21957 1689
50 33 19094 1468
50 34 19268 1482
50 35 21540 1656
50 36 19277 1482
50 37 4117 316
50 38 29108 2239
50 39 18697 1438
50 40 22911 1762
50 41 28962 2227
50 42 2621 201
50 43 20111 1547
50 44 20532 1579
50 45 11423 878
50 46 4384 337
50 47 23622 1817
50 48 14298 1099
50 49 24309 1869
50 50 0 0
50 51 619 47
50 52 3035 233
50 53 27667 2128
50 54 24020 1847
50 55 8415 647
50 56 27109 2085
50 57 20359 1566
50 58 15967 1228
50 59 14379 1106
50 60 9417 724
50 61 16294 1253
50 62 7553 581
50 63 7380 567
50 64 26799 2061
50 65 18302 1407
50 66 27079 2083
50 67 25539 1964
50 68 19300 1484
50 69 28235 2171
50 70 28125 2163
50 71 1009 77
50 72 16479 1267
50 73 28769 2213
50 74 7742 595
51 0 23827 1832
51 1 1227 94
51 2 8942 687
51 3 26740 2056
51 4 12774 982
51 5 13758 1058
51 6 2848 219
51 7 21230 1633
51 8 9628 740
51 9 25105 1931
51 10 8854 681
51 11 4655 358
51 12 26536 2041
51 13 10631 817
51 14 26984 2075
51 15 22322 1717
51 16 28210 2170
51 17 8810 677
51 18 14689 1129
51 19 29166 2243
51 20 15273 1174
51 21 27673 2128
51 22 5370 413
51 23 20072 1544
51 24 7847 603
51 25 12565 966
51 26 16357 1258
51 27 21642 1664
51 28 12515 962
51 29 24161 1858
51 30 15336 1179
51 31 13229 1017
51 32 26642 2049
51 33 12948 996
51 34 10766 828
51 35 17298 1330
51 36 957 73
51 37 8205 631
51 38 5256 404
51 39 10142 780
51 40 2548 196
51 41 7398 569
51 42 29067 2235
51 43 29356 2258
51 44 5815 447
51 45 13093 1007
51 46 3042 234
51 47 29958 2304
51 48 8310 639
51 49 25443 1957
51 50 4581 352
51 51 0 0
51 52 19621 1509
51 53 9121 701
51 54 17466 1343
51 55 29766 2289
51 56 641 49
51 57 17993 1384
51 58 3955 304
51 59 7117 547
51 60 25517 1962
51 61 23586 1814
51 62 23646 1818
51 63 14821 1140
51 64 18467 1420
51 65 14949 1149
51 66 27049 2080
51 67 28290 2176
51 68 14685 1129
51 69 16427 1263
51 70 27486 2114
51 71 25117 1932
51 72 7743 595
51 73 29237 2249
51 74 12040 926
52 0 26555 2042
52 1 21399 1646
52 2 4883 375
52 3 18673 1436
52 4 16339 1256
52 5 23671 1820
52 6 6564 504
52 7 17513 1347
52 8 6531 502
52 9 28981 2229
52 10 18857 1450
52 11 14950 1150
52 12 27647 2126
52 13 6169 474
52 14 17385 1337
52 15 23748 1826
52 16 15679 1206
52 17 13238 1018
52 18 2355 181
52 19 8420 647
52 20 13167 1012
52 21 4736 364
52 22 20509 1577
52 23 21846 1680
52 24 1835 141
52 25 20704 1592
52 26 20553 1581
52 27 2712 208
52 28 11244 864
52 29 13299 1023
52 30 6813 524
52 31 13672 1051
52 32 12485 960
52 33 3143 241
52 34 16218 1247
52 35 4894 376
52 36 19086 1468
52 37 24927 1917
52 38 29196 2245
52 39 19780 1521
52 40 3712 285
52 41 27604 2123
52 42 349 26
52 43 2072 159
52 44 26620 2047
52 45 14861 1143
52 46 12608 969
52 47 10744 826
52 48 28158 2166
52 49 22018 1693
52 50 5231 402
52 51 4353 334
52 52 0 0
52 53 26905 2069
52 54 15721 1209
52 55 10257 789
52 56 5524 424
52 57 27291 2099
52 58 10026 771
52 59 17277 1329
52 60 6204 477
52 61 2676 205
52 62 26203 2015
52 63 9497 730
52 64 23023 1771
52 65 5092 391
52 66 4364 335
52 67 24766 1905
52 68 27353 2104
52 69 5308 408
52 70 928 71
52 71 7738 595
52 72 5502 423
52 73 21901 1684
52 74 5383 414
53 0 9528 732
53 1 10792 830
53 2 11855 911
53 3 13083 1006
53 4 28105 2161
53 5 26866 2066
53 6 13388 1029
53 7 12107 931
53 8 4416 339
53 9 28248 2172
53 10 28825 2217
53 11 6613 508
53 12 27427 2109
53 13 28233 2171
53 14 17561 1350
53 15 9609 739
53 16 9419 724
53 17 5290 406
53 18 18094 1391
53 19 26697 2053
53 20 20902 1607
53 21 22967 1766
53 22 870 66
53 23 20384 1568
53 24 16998 1307
53 25 14759 1135
53 26 24151 1857
53 27 10941 841
53 28 17298 1330
53 29 18570 1428
53 30 29546 2272
53 31 26008 2000
53 32 24176 1859
53 33 24649 1896
53 34 25692 1976
53 35 14928 1148
53 36 1047 80
53 37 3285 252
53 38 23095 1776
53 39 7809 600
53 40 5709 439
53 41 20970 1613
53 42 24358 1873
53 43 5580 429
53 44 6375 490
53 45 7628 586
53 46 694 53
53 47 21603 1661
53 48 10016 770
53 49 5211 400
53 50 12509 962
53 51 2866 220
53 52 18504 1423
53 53 0 0
53 54 6898 530
53 55 25697 1976
53 56 134 10
53 57 9506 731
53 58 26198 2015
53 59 2346 180
53 60 23411 1800
53 61 4411 339
53 62 12248 942
53 63 130 10
53 64 14534 1118
53 65 17341 1333
53 66 16763 1289
53 67 19216 1478
53 68 522 40
53 69 6531 502
53 70 6717 516
53 71 3775 290
53 72 9784 752
53 73 8739 672
53 74 2252 173
54 0 13257 1019
54 1 10219 786
54 2 9363 720
54 3 29266 2251
54 4 28724 2209
54 5 9610 739
54 6 23331 1794
54 7 16287 1252
54 8 22997 1769
54 9 13224 1017
54 10 27488 2114
54 11 5390 414
54 12 8434 648
54 13 10185 783
54 14 4266 328
54 15 123 9
54 16 4712 362
54 17 13431 1033
54 18 28703 2207
54 19 8812 677
54 20 4644 357
54 21 10283 791
54 22 12247 942
54 23 20909 1608
54 24 8903 684
54 25 2797 215
54 26 20269 1559
54 27 4172 320
54 28 22904 1761
54 29 26659 2050
54 30 22663 1743
54 31 24709 1900
54 32 6040 464
54 33 9987 768
54 34 21377 1644
54 35 11873 913
54 36 14827 1140
54 37 24853 1911
54 38 14385 1106
54 39 26594 2045
54 40 20313 1562
54 41 29988 2306
54 42 6506 500
54 43 25003 1923
54 44 22455 1727
54 45 29700 2284
54 46 11028 848
54 47 8695 668
54 48 19232 1479
54 49 19861 1527
54 50 10013 770
54 51 22275 1713
54 52 4672 359
54 53 27688 2129
54 54 0 0
54 55 29955 2304
54 56 11405 877
54 57 21924 1686
54 58 28642 2203
54 59 21526 1655
54 60 4892 376
54 61 21782 1675
54 62 6585 506
54 63 19428 1494
54 64 16047 1234
54 65 4380 336
54 66 11096 853
54 67 16940 1303
54 68 2214 170
54 69 11267 866
54 70 24476 1882
54 71 18138 1395
54 72 27071 2082
54 73 21180 1629
54 74 3660 281
55 0 10259 789
55 1 5800 446
55 2 14596 1122
55 3 23197 1784
55 4 12135 933
55 5 5284 406
55 6 26091 2007
55 7 8456 650
55 8 20634 1587
55 9 16834 1294
55 10 8618 662
55 11 26958 2073
55 12 19663 1512
55 13 15124 1163
55 14 17394 1338
55 15 22276 1713
55 16 15487 1191
55 17 14716 1132
55 18 14795 1138
55 19 7514 578
55 20 24341 1872
55 21 10807 831
55 22 6940 533
55 23 26024 2001
55 24 8173 628
55 25 13133 1010
55 26 16441 1264
55 27 26576 2044
55 28 10597 815
55 29 27863 2143
55 30 16019 1232
55 31 1456 112
55 32 26784 2060
55 33 21413 1647
55 34 21998 1692
55 35 15404 1184
55 36 12162 935
55 37 21670 1666
55 38 29022 2232
55 39 20369 1566
55 40 26549 2042
55 41 20531 1579
55 42 11583 891
55 43 24968 1920
55 44 5328 409
55 45 11716 901
55 46 11796 907
55 47 4653 357
55 48 19345 1488
55 49 4755 365
55 50 22139 1703
55 51 9272 713
55 52 28565 2197
55 53 28793 2214
55 54 22957 1765
55 55 0 0
55 56 3197 245
55 57 20245 1557
55 58 1007 77
55 59 20233 1556
55 60 16754 1288
55 61 14400 1107
55 62 18949 1457
55 63 2350 180
55 64 27857 2142
55 65 13928 1071
55 66 970 74
55 67 29671 2282
55 68 22726 1748
55 69 2369 182
55 70 29645 2280
55 71 4190 322
55 72 17544 1349
55 73 17964 1381
55 74 3829 294
56 0 5272 405
56 1 8464 651
56 2 12594 968
56 3 19211 1477
56 4 4046 311
56 5 8772 674
56 6 2553 196
56 7 5333 410
56 8 17741 1364
56 9 9368 720
56 10 6902 530
56 11 7983 614
56 12 13746 1057
56 13 193 14
56 14 17231 1325
56 15 20153 1550
56 16 22127 1702
56 17 22482 1729
56 18 10615 816
56 19 19284 1483
56 20 10701 823
56 21 18986 1460
56 22 17566 1351
56 23 27124 2086
56 24 18656 1435
56 25 27534 2118
56 26 21142 1626
56 27 15419 1186
56 28 18012 1385
56 29 21558 1658
56 30 7750 596
56 31 29282 2252
56 32 12670 974
56 33 2146 165
56 34 7441 572
56 35 28014 2154
56 36 1690 130
56 37 5152 396
56 38 10687 822
56 39 7733 594
56 40 3670 282
56 41 3097 238
56 42 667 51
56 43 19135 1471
56 44 10893 837
56 45 10918 839
56 46 7618 586
56 47 147 11
56 48 14104 1084
56 49 4363 335
56 50 19583 1506
56 51 29022 2232
56 52 16938 1302
56 53 3640 280
56 54 23322 1794
56 55 17979 1383
56 56 0 0
56 57 27802 2138
56 58 23345 1795
56 59 27037 2079
56 60 9046 695
56 61 13198 1015
56 62 28947 2226
56 63 332 25
56 64 23283 1791
56 65 27934 2148
56 66 19455 1496
56 67 27376 2105
56 68 7702 592
56 69 14110 1085
56 70 2681 206
56 71 5734 441
56 72 27747 2134
56 73 11089 853
56 74 3510 270
57 0 26487 2037
57 1 4380 336
57 2 8309 639
57 3 6302 484
57 4 19016 1462
57 5 2275 175
57 6 12436 956
57 7 20556 1581
57 8 15925 1225
57 9 1379 106
57 10 21703 1669
57 11 24035 1848
57 12 8880 683
57 13 20775 1598
57 14 27870 2143
57 15 5846 449
57 16 24168 1859
57 17 23536 1810
57 18 23897 1838
57 19 16392 1260
57 20 25107 1931
57 21 25081 1929
57 22 23743 1826
57 23 10928 840
57 24 23324 1794
57 25 19686 1514
57 26 10772 828
57 27 19732 1517
57 28 3993 307
57 29 21073 1621
57 30 10551 811
57 31 29935 2302
57 32 9959 766
57 33 13592 1045
57 34 2700 207
57 35 25211 1939
57 36 259 19
57 37 18545 1426
57 38 15042 1157
57 39 25266 1943
57 40 4106 315
57 41 27308 2100
57 42 4302 330
57 43 13324 1024
57 44 4008 308
57 45 24445 1880
57 46 6172 474
57 47 14831 1140
57 48 303 23
57 49 7513 577
57 50 26195 2015
57 51 17088 1314
57 52 15144 1164
57 53 10954 842
57 54 22639 1741
57 55 14661 1127
57 56 24619 1893
57 57 0 0
57 58 3732 287
57 59 20895 1607
57 60 19763 1520
57 61 21186 1629
57 62 23551 1811
57 63 18789 1445
57 64 23611 1816
57 65 3874 298
57 66 11732 902
57 67 5080 390
57 68 18301 1407
57 69 14966 1151
57 70 26550 2042
57 71 1828 140
57 72 22394 1722
57 73 20371 1567
57 74 13945 1072
58 0 5733 441
58 1 8494 653
58 2 13347 1026
58 3 1517 116
58 4 24004 1846
58 5 3985 306
58 6 26562 2043
58 7 17704 1361
58 8 9513 731
58 9 7100 546
58 10 3757 289
58 11 29332 2256
58 12 27811 2139
58 13 13091 1007
58 14 13027 1002
58 15 6909 531
58 16 10417 801
58 17 17069 1313
58 18 12051 927
58 19 12646 972
58 20 15675 1205
58 21 28079 2159
58 22 21272 1636
58 23 5471 420
58 24 15820 1216
58 25 7908 608
58 26 25319 1947
58 27 3526 271
58 28 10393 799
58 29 1244 95
58 30 23553 1811
58 31 13304 1023
58 32 16127 1240
58 33 20223 1555
58 34 18063 1389
58 35 15118 1162
58 36 1394 107
58 37 18380 1413
58 38 28255 2173
58 39 13551 1042
58 40 13648 1049
58 41 9665 743
58 42 27737 2133
58 43 19810 1523
58 44 1895 145
58 45 11609 893
58 46 1252 96
58 47 11377 875
58 48 13126 1009
58 49 21405 1646
58 50 18718 1439
58 51 18819 1447
58 52 29842 2295
58 53 26730 2056
58 54 19968 1536
58 55 1360 104
58 56 781 60
58 57 7955 611
58 58 0 0
58 59 9854 758
58 60 27306 2100
58 61 27033 2079
58 62 12560 966
58 63 11353 873
58 64 18663 1435
58 65 18718 1439
58 66 6979 536
58 67 10961 843
58 68 15951 1227
58 69 29932 2302
58 70 1190 91
58 71 8124 624
58 72 681 52
58 73 7825 601
58 74 20098 1546
59 0 7338 564
59 1 23574 1813
59 2 25604 1969
59 3 25468 1959
59 4 19089 1468
59 5 7705 592
59 6 20318 1562
59 7 21392 1645
59 8 16349 1257
59 9 961 73
59 10 12621 970
59 11 22396 1722
59 12 7068 543
59 13 23718 1824
59 14 18918 1455
59 15 3161 243
59 16 29234 2248
59 17 12876 990
59 18 1284 98
59 19 8153 627
59 20 25247 1942
59 21 19945 1534
59 22 25567 1966
59 23 21057 1619
59 24 17484 1344
59 25 24893 1914
59 26 26783 2060
59 27 16446 1265
59 28 585 45
59 29 3079 236
59 30 24855 1911
59 31 12040 926
59 32 3574 274
59 33 21421 1647
59 34 9680 744
59 35 17257 1327
59 36 4282 329
59 37 5244 403
59 38 8980 690
59 39 8241 633
59 40 14092 1084
59 41 4692 360
59 42 25247 1942
59 43 354 27
59 44 2139 164
59 45 9426 725
59 46 6246 480
59 47 6447 495
59 48 12681 975
59 49 2260 173
59 50 3910 300
59 51 7173 551
59 52 15165 1166
59 53 5823 447
59 54 5358 412
59 55 27321 2101
59 56 4606 354
59 57 25148 1934
59 58 18615 1431
59 59 0 0
59 60 29877 2298
59 61 13463 1035
59 62 14293 1099
59 63 20506 1577
59 64 7340 564
59 65 21807 1677
59 66 3436 264
59 67 19891 1530
59 68 15893 1222
59 69 19884 1529
59 70 2000 153
59 71 29498 2269
59 72 25637 1972
59 73 11104 854
59 74 4159 319
60 0 13013 1001
60 1 21407 1646
60 2 27478 2113
60 3 17580 1352
60 4 18375 1413
60 5 8009 616
60 6 21785 1675
60 7 19800 1523
60 8 601 46
60 9 1902 146
60 10 13773 1059
60 11 3021 232
60 12 6952 534
60 13 5413 416
60 14 23941 1841
60 15 2668 205
60 16 20569 1582
60 17 11982 921
60 18 19256 1481
60 19 5548 426
60 20 828 63
60 21 17290 1330
60 22 12906 992
60 23 18515 1424
60 24 639 49
60 25 17095 1315
60 26 28373 2182
60 27 17865 1374
60 28 6843 526
60 29 29161 2243
60 30 23181 1783
60 31 1299 99
60 32 20083 1544
60 33 16661 1281
60 34 19764 1520
60 35 3027 232
60 36 8909 685
60 37 12124 932
60 38 25045 1926
60 39 1276 98
60 40 7853 604
60 41 20821 1601
60 42 12846 988
60 43 16545 1272
60 44 6557 504
60 45 14938 1149
60 46 9572 736
60 47 8414 647
60 48 19756 1519
60 49 8713 670
60 50 862 66
60 51 24895 1915
60 52 28939 2226
60 53 25890 1991
60 54 2677 205
60 55 2712 208
60 56 26594 2045
60 57 3552 273
60 58 10172 782
60 59 25724 1978
60 60 0 0
60 61 5519 424
60 62 2062 158
60 63 9444 726
60 64 7446 572
60 65 8105 623
60 66 12442 957
60 67 27981 2152
60 68 2964 228
60 69 24252 1865
60 70 4098 315
60 71 13407 1031
60 72 2242 172
60 73 6975 536
60 74 18610 1431
61 0 27781 2137
61 1 25215 1939
61 2 10858 835
61 3 3758 289
61 4 25386 1952
61 5 9901 761
61 6 16744 1288
61 7 10384 798
61 8 14264 1097
61 9 13617 1047
61 10 22194 1707
61 11 26716 2055
61 12 2270 174
61 13 804 61
61 14 14735 1133
61 15 6107 469
61 16 12001 923
61 17 18828 1448
61 18 2813 216
61 19 8187 629
61 20 24989 1922
61 21 21724 1671
61 22 27043 2080
61 23 6748 519
61 24 10386 798
61 25 21157 1627
61 26 9341 718
61 27 12041 926
61 28 11666 897
61 29 23519 1809
61 30 8695 668
61 31 18558 1427
61 32 24025 1848
61 33 9162 704
61 34 16568 1274
61 35 11155 858
61 36 3117 239
61 37 17473 1344
61 38 8393 645
61 39 13002 1000
61 40 12666 974
61 41 12440 956
61 42 5788 445
61 43 15945 1226
61 44 20480 1575
61 45 5653 434
61 46 8695 668
61 47 15923 1224
61 48 17411 1339
61 49 17255 1327
61 50 11498 884
61 51 21543 1657
61 52 12865 989
61 53 878 67
61 54 24644 1895
61 55 14620 1124
61 56 14105 1085
61 57 26303 2023
61 58 6753 519
61 59 1021 78
61 60 21379 1644
61 61 0 0
61 62 21869 1682
61 63 968 74
61 64 9930 763
61 65 15178 1167
61 66 5132 394
61 67 2122 163
61 68 29019 2232
61 69 15659 1204
61 70 19808 1523
61 71 29442 2264
61 72 3806 292
61 73 4673 359
61 74 15763 1212
62 0 2462 189
62 1 7985 614
62 2 10080 775
62 3 12724 978
62 4 3480 267
62 5 25823 1986
62 6 597 45
62 7 1212 93
62 8 20642 1587
62 9 19432 1494
62 10 8598 661
62 11 29205 2246
62 12 18572 1428
62 13 3606 277
62 14 25658 1973
62 15 12219 939
62 16 26718 2055
62 17 1171 90
62 18 22433 1725
62 19 12327 948
62 20 22502 1730
62 21 5054 388
62 22 654 50
62 23 467 35
62 24 24426 1878
62 25 8525 655
62 26 8992 691
62 27 11413 877
62 28 949 73
62 29 25526 1963
62 30 4940 380
62 31 4432 340
62 32 4031 310
62 33 22085 1698
62 34 8161 627
62 35 27089 2083
62 36 4467 343
62 37 27012 2077
62 38 5584 429
62 39 28752 2211
62 40 8117 624
62 41 6146 472
62 42 10452 804
62 43 8929 686
62 44 23979 1844
62 45 103 7
62 46 147 11
62 47 3497 269
62 48 27678 2129
62 49 10295 791
62 50 7428 571
62 51 29231 2248
62 52 26961 2073
62 53 29809 2293
62 54 24562 1889
62 55 23013 1770
62 56 3653 281
62 57 17429 1340
62 58 16313 1254
62 59 4241 326
62 60 15839 1218
62 61 8047 619
62 62 0 0
62 63 18472 1420
62 64 1949 149
62 65 2316 178
62 66 20496 1576
62 67 13461 1035
62 68 4394 338
62 69 20320 1563
62 70 2601 200
62 71 1875 144
62 72 29592 2276
62 73 20711 1593
62 74 14457 1112
63 0 3066 235
63 1 8282 637
63 2 24929 1917
63 3 15451 1188
63 4 14761 1135
63 5 21172 1628
63 6 13609 1046
63 7 1318 101
63 8 23395 1799
63 9 20024 1540
63 10 1146 88
63 11 9565 735
63 12 14819 1139
63 13 15395 1184
63 14 15857 1219
63 15 17468 1343
63 16 20443 1572
63 17 1816 139
63 18 7599 584
63 19 28807 2215
63 20 10030 771
63 21 20999 1615
63 22 18285 1406
63 23 27455 2111
63 24 18589 1429
63 25 9943 764
63 26 29867 2297
63 27 22507 1731
63 28 13290 1022
63 29 3548 272
63 30 23790 1830
63 31 3864 297
63 32 13868 1066
63 33 22634 1741
63 34 17406 1338
63 35 8861 681
63 36 15875 1221
63 37 6030 463
63 38 15311 1177
63 39 4036 310
63 40 22705 1746
63 41 29216 2247
63 42 10716 824
63 43 23817 1832
63 44 29913 2301
63 45 7230 556
63 46 18901 1453
63 47 14324 1101
63 48 9279 713
63 49 29262 2250
63 50 21615 1662
63 51 18635 1433
63 52 24973 1921
63 53 15999 1230
63 54 19902 1530
63 55 22473 1728
63 56 5094 391
63 57 7755 596
63 58 24692 1899
63 59 994 76
63 60 23651 1819
63 61 1489 114
63 62 7309 562
63 63 0 0
63 64 9670 743
63 65 26811 2062
63 66 26294 2022
63 67 28913 2224
63 68 24276 1867
63 69 13937 1072
63 70 1860 143
63 71 4564 351
63 72 8120 624
63 73 2343 180
63 74 2135 164
64 0 15457 1189
64 1 22619 1739
64 2 21899 1684
64 3 6020 463
64 4 2583 198
64 5 8919 686
64 6 24433 1879
64 7 25222 1940
64 8 3419 263
64 9 22765 1751
64 10 1746 134
64 11 10907 839
64 12 18022 1386
64 13 2113 162
64 14 29661 2281
64 15 3894 299
64 16 21956 1688
64 17 5908 454
64 18 24515 1885
64 19 3938 302
64 20 8591 660
64 21 21456 1650
64 22 27710 2131
64 23 17195 1322
64 24 18024 1386
64 25 26861 2066
64 26 2226 171
64 27 13109 1008
64 28 8739 672
64 29 12207 939
64 30 1713 131
64 31 18369 1413
64 32 27116 2085
64 33 7511 577
64 34 19999 1538
64 35 11108 854
64 36 1300 100
64 37 14143 1087
64 38 29261 2250
64 39 15445 1188
64 40 8947 688
64 41 28771 2213
64 42 6399 492
64 43 23575 1813
64 44 6075 467
64 45 28938 2226
64 46 4099 315
64 47 8047 619
64 48 20497 1576
64 49 604 46
64 50 1888 145
64 51 8391 645
64 52 9661 743
64 53 24766 1905
64 54 17604 1354
64 55 17881 1375
64 56 19935 1533
64 57 8090 622
64 58 26482 2037
64 59 5181 398
64 60 13425 1032
64 61 15497 1192
64 62 18968 1459
64 63 22780 1752
64 64 0 0
64 65 3421 263
64 66 4797 369
64 67 5967 459
64 68 8495 653
64 69 26466 2035
64 70 3965 305
64 71 13949 1073
64 72 14371 1105
64 73 14591 1122
64 74 6503 500
65 0 26399 2030
65 1 27883 2144
65 2 9475 728
65 3 15723 1209
65 4 5365 412
65 5 7851 603
65 6 22148 1703
65 7 4487 345
65 8 11787 906
65 9 22545 1734
65 10 6271 482
65 11 906 69
65 12 17495 1345
65 13 27389 2106
65 14 27300 2100
65 15 7034 541
65 16 18787 1445
65 17 20432 1571
65 18 5196 399
65 19 11902 915
65 20 7928 609
65 21 3259 250
65 22 1799 138
65 23 426 32
65 24 13949 1073
65 25 15711 1208
65 26 9909 762
65 27 8963 689
65 28 1766 135
65 29 22881 1760
65 30 3893 299
65 31 24510 1885
65 32 21434 1648
65 33 17483 1344
65 34 10631 817
65 35 15220 1170
65 36 28847 2219
65 37 6344 488
65 38 19961 1535
65 39 18708 1439
65 40 11225 863
65 41 3819 293
65 42 9770 751
65 43 10406 800
65 44 3439 264
65 45 21624 1663
65 46 29754 2288
65 47 16555 1273
65 48 2520 193
65 49 12201 938
65 50 19451 1496
65 51 8165 628
65 52 6132 471
65 53 11712 900
65 54 21559 1658
65 55 18933 1456
65 56 19847 1526
65 57 29656 2281
65 58 14169 1089
65 59 28609 2200
65 60 17153 1319
65 61 23036 1772
65 62 24321 1870
65 63 7253 557
65 64 21738 1672
65 65 0 0
65 66 8425 648
65 67 17104 1315
65 68 1399 107
65 69 3252 250
65 70 19633 1510
65 71 16661 1281
65 72 11077 852
65 73 2015 155
65 74 19847 1526
66 0 8287 637
66 1 19103 1469
66 2 10288 791
66 3 5685 437
66 4 4187 322
66 5 2133 164
66 6 27534 2118
66 7 26148 2011
66 8 23880 1836
66 9 27694 2130
66 10 15658 1204
66 11 21328 1640
66 12 6570 505
66 13 7231 556
66 14 25416 1955
66 15 22189 1706
66 16 8738 672
66 17 24328 1871
66 18 2680 206
66 19 8731 671
66 20 9802 754
66 21 24170 1859
66 22 9511 731
66 23 9015 693
66 24 14902 1146
66 25 14467 1112
66 26 21792 1676
66 27 21818 1678
66 28 28680 2206
66 29 13473 1036
66 30 7170 551
66 31 17241 1326
66 32 22722 1747
66 33 27279 2098
66 34 18302 1407
66 35 29672 2282
66 36 7908 608
66 37 28449 2188
66 38 17822 1370
66 39 21629 1663
66 40 10172 782
66 41 7128 548
66 42 9368 720
66 43 23134 1779
66 44 3407 262
66 45 10186 783
66 46 9641 741
66 47 8838 679
66 48 15944 1226
66 49 17428 1340
66 50 11090 853
66 51 28207 2169
66 52 28485 2191
66 53 17947 1380
66 54 27706 2131
66 55 16992 1307
66 56 24364 1874
66 57 6102 469
66 58 18710 1439
66 59 2080 160
66 60 21265 1635
66 61 23724 1824
66 62 22057 1696
66 63 7912 608
66 64 19505 1500
66 65 10344 795
66 66 0 0
66 67 6620 509
66 68 29235 2248
66 69 9154 704
66 70 29789 2291
66 71 29240 2249
66 72 6760 520
66 73 2228 171
66 74 13409 1031
67 0 10337 795
67 1 17913 1377
67 2 4108 316
67 3 5069 389
67 4 21558 1658
67 5 6302 484
67 6 17238 1326
67 7 28825 2217
67 8 21010 1616
67 9 9277 713
67 10 11346 872
67 11 29566 2274
67 12 27502 2115
67 13 6413 493
67 14 5047 388
67 15 8244 634
67 16 15578 1198
67 17 13963 1074
67 18 25941 1995
67 19 9757 750
67 20 28499 2192
67 21 13964 1074
67 22 12549 965
67 23 25992 1999
67 24 15743 1211
67 25 1977 152
67 26 8391 645
67 27 360 27
67 28 17384 1337
67 29 3556 273
67 30 6637 510
67 31 26397 2030
67 32 19649 1511
67 33 27354 2104
67 34 4328 332
67 35 21687 1668
67 36 29857 2296
67 37 859 66
67 38 23154 1781
67 39 10890 837
67 40 6519 501
67 41 4345 334
67 42 19025 1463
67 43 23564 1812
67 44 9580 736
67 45 21985 1691
67 46 3286 252
67 47 18399 1415
67 48 24171 1859
67 49 13412 1031
67 50 11338 872
67 51 22200 1707
67 52 20384 1568
67 53 969 74
67 54 5703 438
67 55 16653 1281
67 56 9302 715
67 57 29937 2302
67 58 14394 1107
67 59 1655 127
67 60 18086 1391
67 61 11124 855
67 62 26375 2028
67 63 14741 1133
67 64 20051 1542
67 65 8315 639
67 66 5950 457
67 67 0 0
67 68 3686 283
67 69 1947 149
67 70 20844 1603
67 71 28556 2196
67 72 5055 388
67 73 2984 229
67 74 20368 1566
68 0 2614 201
68 1 9653 742
68 2 26630 2048
68 3 6062 466
68 4 10045 772
68 5 26632 2048
68 6 29598 2276
68 7 2187 168
68 8 16346 1257
68 9 6145 472
68 10 11375 875
68 11 755 58
68 12 10051 773
68 13 29511 2270
68 14 14045 1080
68 15 29773 2290
68 16 22004 1692
68 17 9068 697
68 18 7766 597
68 19 638 49
68 20 24995 1922
68 21 15863 1220
68 22 11994 922
68 23 5141 395
68 24 5236 402
68 25 3983 306
68 26 21898 1684
68 27 25103 1931
68 28 25981 1998
68 29 11350 873
68 30 29009 2231
68 31 2060 158
68 32 9145 703
68 33 21089 1622
68 34 4515 347
68 35 28926 2225
68 36 27944 2149
68 37 25814 1985
68 38 16181 1244
68 39 14412 1108
68 40 14799 1138
68 41 26840 2064
68 42 20292 1560
68 43 11359 873
68 44 7753 596
68 45 9798 753
68 46 15079 1159
68 47 14962 1150
68 48 933 71
68 49 20025 1540
68 50 8691 668
68 51 1250 96
68 52 23024 1771
68 53 25255 1942
68 54 608 46
68 55 2518 193
68 56 2660 204
68 57 29100 2238
68 58 7596 584
68 59 29849 2296
68 60 11670 897
68 61 14667 1128
68 62 26643 2049
68 63 28172 2167
68 64 24442 1880
68 65 12072 928
68 66 15545 1195
68 67 16060 1235
68 68 0 0
68 69 16263 1251
68 70 3560 273
68 71 19091 1468
68 72 5548 426
68 73 8455 650
68 74 9543 734
69 0 717 55
69 1 28757 2212
69 2 10389 799
69 3 24318 1870
69 4 6309 485
69 5 6420 493
69 6 6030 463
69 7 17262 1327
69 8 13652 1050
69 9 19477 1498
69 10 21291 1637
69 11 8226 632
69 12 18193 1399
69 13 3996 307
69 14 3063 235
69 15 16036 1233
69 16 11665 897
69 17 6086 468
69 18 20950 1611
69 19 16336 1256
69 20 13192 1014
69 21 26982 2075
69 22 1855 142
69 23 26835 2064
69 24 24738 1902
69 25 3035 233
69 26 3972 305
69 27 11424 878
69 28 21637 1664
69 29 29101 2238
69 30 19315 1485
69 31 3944 303
69 32 12095 930
69 33 26636 2048
69 34 17536 1348
69 35 18950 1457
69 36 5389 414
69 37 6788 522
69 38 2084 160
69 39 26781 2060
69 40 9067 697
69 41 14833 1141
69 42 22968 1766
69 43 26349 2026
69 44 26276 2021
69 45 23351 1796
69 46 13295 1022
69 47 16399 1261
69 48 1551 119
69 49 3300 253
69 50 29267 2251
69 51 16297 1253
69 52 28606 2200
69 53 27804 2138
69 54 17503 1346
69 55 11917 916
69 56 4855 373
69 57 4434 341
69 58 12813 985
69 59 16562 1274
69 60 12657 973
69 61 23438 1802
69 62 26359 2027
69 63 13839 1064
69 64 13106 1008
69 65 10018 770
69 66 11002 846
69 67 14277 1098
69 68 7645 588
69 69 0 0
69 70 26890 2068
69 71 23375 1798
69 72 5986 460
69 73 14382 1106
69 74 17477 1344
70 0 23029 1771
70 1 26813 2062
70 2 11228 863
70 3 19157 1473
70 4 4009 308
70 5 23859 1835
70 6 26492 2037
70 7 8259 635
70 8 18592 1430
70 9 23388 1799
70 10 18736 1441
70 11 1595 122
70 12 2491 191
70 13 9381 721
70 14 20718 1593
70 15 18871 1451
70 16 25744 1980
70 17 17513 1347
70 18 25245 1941
70 19 4813 370
70 20 11254 865
70 21 10444 803
70 22 3174 244
70 23 29280 2252
70 24 8150 626
70 25 10258 789
70 26 5692 437
70 27 20872 1605
70 28 23135 1779
70 29 17418 1339
70 30 13347 1026
70 31 18316 1408
70 32 7443 572
70 33 15366 1182
70 34 7682 590
70 35 26545 2041
70 36 24786 1906
70 37 5912 454
70 38 29814 2293
70 39 24819 1909
70 40 13225 1017
70 41 8727 671
70 42 15299 1176
70 43 12597 969
70 44 22286 1714
70 45 5203 400
70 46 29019 2232
70 47 8394 645
70 48 23983 1844
70 49 25001 1923
70 50 9500 730
70 51 10322 794
70 52 16508 1269
70 53 20596 1584
70 54 14338 1102
70 55 20794 1599
70 56 17420 1340
70 57 8647 665
70 58 26006 2000
70 59 22727 1748
70 60 20732 1594
70 61 19958 1535
70 62 14465 1112
70 63 8546 657
70 64 5099 392
70 65 1230 94
70 66 3184 244
70 67 1072 82
70 68 28321 2178
70 69 3169 243
70 70 0 0
70 71 4805 369
70 72 5829 448
70 73 13950 1073
70 74 18400 1415
71 0 17395 1338
71 1 18261 1404
71 2 3221 247
71 3 13801 1061
71 4 18968 1459
71 5 16813 1293
71 6 13035 1002
71 7 27130 2086
71 8 1358 104
71 9 23931 1840
71 10 25251 1942
71 11 29729 2286
71 12 22245 1711
71 13 25128 1932
71 14 15803 1215
71 15 27445 2111
71 16 9138 702
71 17 2222 170
71 18 15610 1200
71 19 4135 318
71 20 23687 1822
71 21 17101 1315
71 22 14955 1150
71 23 11463 881
71 24 27236 2095
71 25 22302 1715
71 26 5822 447
71 27 10877 836
71 28 7320 563
71 29 22063 1697
71 30 26581 2044
71 31 9051 696
71 32 16299 1253
71 33 1288 99
71 34 8389 645
71 35 11503 884
71 36 13768 1059
71 37 29880 2298
71 38 28349 2180
71 39 27801 2138
71 40 22217 1709
71 41 22792 1753
71 42 3388 260
71 43 442 34
71 44 15391 1183
71 45 17494 1345
71 46 4629 356
71 47 3940 303
71 48 22790 1753
71 49 7655 588
71 50 23570 1813
71 51 24702 1900
71 52 14027 1079
71 53 28952 2227
71 54 11886 914
71 55 3329 256
71 56 24594 1891
71 57 25726 1978
71 58 25359 1950
71 59 11810 908
71 60 26890 2068
71 61 4800 369
71 62 22475 1728
71 63 8299 638
71 64 29058 2235
71 65 12779 983
71 66 8583 660
71 67 3075 236
71 68 4323 332
71 69 3784 291
71 70 7995 615
71 71 0 0
71 72 24697 1899
71 73 5474 421
71 74 20078 1544
72 0 17954 1381
72 1 8336 641
72 2 4654 358
72 3 10048 772
72 4 19695 1515
72 5 20300 1561
72 6 3311 254
72 7 27004 2077
72 8 25351 1950
72 9 14184 1091
72 10 28341 2180
72 11 5579 429
72 12 15969 1228
72 13 2226 171
72 14 3274 251
72 15 4127 317
72 16 9658 742
72 17 7770 597
72 18 2247 172
72 19 9510 731
72 20 2100 161
72 21 14530 1117
72 22 6642 510
72 23 14146 1088
72 24 12043 926
72 25 13322 1024
72 26 797 61
72 27 12969 997
72 28 8267 635
72 29 29427 2263
72 30 29338 2256
72 31 21908 1685
72 32 7542 580
72 33 14118 1086
72 34 3709 285
72 35 12596 968
72 36 1491 114
72 37 18456 1419
72 38 5501 423
72 39 29437 2264
72 40 29138 2241
72 41 27228 2094
72 42 13802 1061
72 43 20567 1582
72 44 2623 201
72 45 12191 937
72 46 15772 1213
72 47 26726 2055
72 48 2147 165
72 49 4066 312
72 50 24710 1900
72 51 10678 821
72 52 5778 444
72 53 12251 942
72 54 1449 111
72 55 21611 1662
72 56 14822 1140
72 57 24407 1877
72 58 13982 1075
72 59 26409 2031
72 60 5569 428
72 61 264 20
72 62 3507 269
72 63 10008 769
72 64 15355 1181
72 65 27432 2110
72 66 26842 2064
72 67 24979 1921
72 68 22527 1732
72 69 14753 1134
72 70 29496 2268
72 71 8415 647
72 72 0 0
72 73 18292 1407
72 74 23876 1836
73 0 2254 173
73 1 22498 1730
73 2 23568 1812
73 3 26655 2050
73 4 29252 2250
73 5 3517 270
73 6 9292 714
73 7 27807 2139
73 8 22351 1719
73 9 16240 1249
73 10 14078 1082
73 11 22926 1763
73 12 21395 1645
73 13 21315 1639
73 14 25145 1934
73 15 14267 1097
73 16 22666 1743
73 17 813 62
73 18 24818 1909
73 19 21088 1622
73 20 26451 2034
73 21 26017 2001
73 22 7905 608
73 23 15545 1195
73 24 14534 1118
73 25 4616 355
73 26 25201 1938
73 27 22539 1733
73 28 1115 85
73 29 18723 1440
73 30 17170 1320
73 31 760 58
73 32 9546 734
73 33 17973 1382
73 34 25576 1967
73 35 18605 1431
73 36 27719 2132
73 37 13667 1051
73 38 12948 996
73 39 4239 326
73 40 25887 1991
73 41 3690 283
73 42 21357 1642
73 43 22466 1728
73 44 10224 786
73 45 19303 1484
73 46 25248 1942
73 47 5214 401
73 48 12571 967
73 49 26203 2015
73 50 27231 2094
73 51 14746 1134
73 52 24946 1918
73 53 1425 109
73 54 29016 2232
73 55 27828 2140
73 56 4106 315
73 57 1273 97
73 58 19960 1535
73 59 29869 2297
73 60 25466 1958
73 61 2747 211
73 62 4655 358
73 63 9927 763
73 64 26969 2074
73 65 27653 2127
73 66 13405 1031
73 67 11918 916
73 68 28603 2200
73 69 14729 1133
73 70 6501 500
73 71 18659 1435
73 72 21043 1618
73 73 0 0
73 74 14741 1133
74 0 26921 2070
74 1 23761 1827
74 2 22259 1712
74 3 17986 1383
74 4 17461 1343
74 5 17900 1376
74 6 2701 207
74 7 18444 1418
74 8 8885 683
74 9 6287 483
74 10 26227 2017
74 11 1969 151
74 12 5974 459
74 13 5819 447
74 14 2340 180
74 15 781 60
74 16 20879 1606
74 17 20027 1540
74 18 866 66
74 19 18281 1406
74 20 21304 1638
74 21 14882 1144
74 22 29231 2248
74 23 25669 1974
74 24 19246 1480
74 25 3633 279
74 26 4512 347
74 27 4141 318
74 28 19767 1520
74 29 26267 2020
74 30 24109 1854
74 31 24825 1909
74 32 18996 1461
74 33 12308 946
74 34 19438 1495
74 35 23713 1824
74 36 27022 2078
74 37 4702 361
74 38 19480 1498
74 39 7997 615
74 40 26204 2015
74 41 26053 2004
74 42 9015 693
74 43 13149 1011
74 44 26663 2051
74 45 23185 1783
74 46 8027 617
74 47 3483 267
74 48 8564 658
74 49 2127 163
74 50 4417 339
74 51 23991 1845
74 52 11811 908
74 53 8476 652
74 54 27001 2077
74 55 8072 620
74 56 22528 1732
74 57 6210 477
74 58 11460 881
74 59 18586 1429
74 60 15913 1224
74 61 7831 602
74 62 16663 1281
74 63 23103 1777
74 64 4955 381
74 65 22712 1747
74 66 10194 784
74 67 12016 924
74 68 1415 108
74 69 28836 2218
74 70 2271 174
74 71 6551 503
74 72 20182 1552
74 73 21317 1639
74 74 0 0
