50
1075 8504
716 9056
793 5980
1159 7960
1045 7517
1120 7328
1050 6542
644 9687
1053 8013
820 6377
1187 5218
857 6562
1118 5284
769 9975
1198 7699
1080 7379
649 6409
766 9402
993 6558
794 9969
964 8049
1000 9398
640 6475
1096 5806
1062 8213
1168 9115
850 9632
1006 9606
838 9334
981 7037
618 5811
845 9344
652 8097
1082 9480
834 5868
838 6203
615 7531
1110 7255
919 6255
1128 5463
613 6218
1004 8688
1181 5456
606 9273
1193 9950
826 9726
755 6702
1019 6911
923 6200
1019 6984
0 0 0 0
0 1 12610 970
0 2 9905 761
0 3 12128 932
0 4 18730 1440
0 5 13115 1008
0 6 20879 1606
0 7 2762 212
0 8 24846 1911
0 9 880 67
0 10 22343 1718
0 11 19003 1461
0 12 21825 1678
0 13 10822 832
0 14 18080 1390
0 15 15395 1184
0 16 14998 1153
0 17 20591 1583
0 18 23134 1779
0 19 29356 2258
0 20 29588 2276
0 21 25419 1955
0 22 28045 2157
0 23 7670 590
0 24 19950 1534
0 25 13007 1000
0 26 14521 1117
0 27 350 26
0 28 21507 1654
0 29 5840 449
0 30 8757 673
0 31 28079 2159
0 32 9763 751
0 33 13324 1024
0 34 27401 2107
0 35 4301 330
0 36 20566 1582
0 37 5747 442
0 38 12569 966
0 39 18378 1413
0 40 8945 688
0 41 18424 1417
0 42 8833 679
0 43 16443 1264
0 44 29045 2234
0 45 12528 963
0 46 9558 735
0 47 10847 834
0 48 16058 1235
0 49 25853 1988
1 0 23730 1825
1 1 0 0
1 2 11258 866
1 3 21144 1626
1 4 15170 1166
1 5 25996 1999
1 6 3301 253
1 7 9403 723
1 8 17268 1328
1 9 11498 884
1 10 2431 187
1 11 6735 518
1 12 21919 1686
1 13 21583 1660
1 14 21724 1671
1 15 1694 130
1 16 21016 1616
1 17 27840 2141
1 18 21937 1687
1 19 12193 937
1 20 24261 1866
1 21 8595 661
1 22 23353 1796
1 23 18061 1389
1 24 1196 92
1 25 12619 970
1 26 5523 424
1 27 29856 2296
1 28 21578 1659
1 29 11707 900
1 30 17152 1319
1 31 26882 2067
1 32 2561 197
1 33 28584 2198
1 34 22498 1730
1 35 9873 759
1 36 1786 137
1 37 16572 1274
1 38 8018 616
1 39 28796 2215
1 40 23522 1809
1 41 5227 402
1 42 27658 2127
1 43 6245 480
1 44 11437 879
1 45 185 14
1 46 18239 1403
1 47 14584 1121
1 48 17135 1318
1 49 29582 2275
2 0 9786 752
2 1 15448 1188
2 2 0 0
2 3 15058 1158
2 4 2949 226
2 5 5412 416
2 6 5376 413
2 7 5264 404
2 8 29416 2262
2 9 29178 2244
2 10 26017 2001
2 11 5694 438
2 12 14093 1084
2 13 22368 1720
2 14 18743 1441
2 15 4418 339
2 16 1371 105
2 17 26324 2024
2 18 6344 488
2 19 27146 2088
2 20 27589 2122
2 21 3741 287
2 22 4177 321
2 23 870 66
2 24 5746 442
2 25 15696 1207
2 26 6171 474
2 27 26059 2004
2 28 19741 1518
2 29 11492 884
2 30 3852 296
2 31 13580 1044
2 32 24835 1910
2 33 7309 562
2 34 4934 379
2 35 22085 1698
2 36 6056 465
2 37 18613 1431
2 38 317 24
2 39 11369 874
2 40 3388 260
2 41 18074 1390
2 42 29797 2292
2 43 12879 990
2 44 13592 1045
2 45 28274 2174
2 46 13997 1076
2 47 22208 1708
2 48 5567 428
2 49 23186 1783
3 0 8326 640
3 1 11668 897
3 2 27586 2122
3 3 0 0
3 4 2333 179
3 5 7624 586
3 6 15745 1211
3 7 12874 990
3 8 14790 1137
3 9 25321 1947
3 10 26476 2036
3 11 25153 1934
3 12 17156 1319
3 13 24035 1848
3 14 1692 130
3 15 9990 768
3 16 3785 291
3 17 3204 246
3 18 7007 539
3 19 5748 442
3 20 16713 1285
3 21 19176 1475
3 22 29199 2246
3 23 14848 1142
3 24 6917 532
3 25 22112 1700
3 26 24363 1874
3 27 23672 1820
3 28 21459 1650
3 29 27816 2139
3 30 15016 1155
3 31 128 9
3 32 5661 435
3 33 11887 914
3 34 15502 1192
3 35 9947 765
3 36 23807 1831
3 37 23339 1795
3 38 7698 592
3 39 23804 1831
3 40 11728 902
3 41 24574 1890
3 42 4948 380
3 43 5458 419
3 44 21716 1670
3 45 3328 256
3 46 1469 113
3 47 13862 1066
3 48 9442 726
3 49 11608 892
4 0 6513 501
4 1 6784 521
4 2 4024 309
4 3 28092 2160
4 4 0 0
4 5 4850 373
4 6 24901 1915
4 7 16960 1304
4 8 29355 2258
4 9 9012 693
4 10 17246 1326
4 11 313 24
4 12 1887 145
4 13 22826 1755
4 14 9705 746
4 15 27749 2134
4 16 19063 1466
4 17 1015 78
4 18 20124 1548
4 19 15982 1229
4 20 15877 1221
4 21 15904 1223
4 22 28163 2166
4 23 827 63
4 24 10658 819
4 25 28608 2200
4 26 971 74
4 27 10515 808
4 28 11360 873
4 29 26452 2034
4 30 6933 533
4 31 28488 2191
4 32 16016 1232
4 33 2069 159
4 34 9860 758
4 35 16744 1288
4 36 17349 1334
4 37 29782 2290
4 38 897 69
4 39 3426 263
4 40 27735 2133
4 41 22737 1749
4 42 3780 290
4 43 13070 1005
4 44 21968 1689
4 45 6709 516
4 46 14205 1092
4 47 3283 252
4 48 27676 2128
4 49 7171 551
5 0 1174 90
5 1 1278 98
5 2 26458 2035
5 3 20824 1601
5 4 24743 1903
5 5 0 0
5 6 4609 354
5 7 1268 97
5 8 14539 1118
5 9 7249 557
5 10 13485 1037
5 11 5859 450
5 12 15896 1222
5 13 4455 342
5 14 9330 717
5 15 10594 814
5 16 7413 570
5 17 22508 1731
5 18 13262 1020
5 19 692 53
5 20 23318 1793
5 21 25028 1925
5 22 23041 1772
5 23 17585 1352
5 24 15113 1162
5 25 25831 1987
5 26 13493 1037
5 27 12445 957
5 28 12552 965
5 29 10962 843
5 30 7686 591
5 31 20819 1601
5 32 5454 419
5 33 9742 749
5 34 12846 988
5 35 2508 192
5 36 1836 141
5 37 158 12
5 38 9568 736
5 39 26630 2048
5 40 3482 267
5 41 25456 1958
5 42 16470 1266
5 43 11565 889
5 44 26138 2010
5 45 21805 1677
5 46 4277 329
5 47 15949 1226
5 48 2193 168
5 49 18442 1418
6 0 6482 498
6 1 2072 159
6 2 24885 1914
6 3 17453 1342
6 4 3428 263
6 5 4092 314
6 6 0 0
6 7 303 23
6 8 27023 2078
6 9 21229 1633
6 10 5325 409
6 11 22357 1719
6 12 12482 960
6 13 15566 1197
6 14 26006 2000
6 15 7297 561
6 16 14893 1145
6 17 25594 1968
6 18 4688 360
6 19 6171 474
6 20 12210 939
6 21 16786 1291
6 22 28352 2180
6 23 4098 315
6 24 699 53
6 25 23588 1814
6 26 24751 1903
6 27 19014 1462
6 28 16541 1272
6 29 10649 819
6 30 2970 228
6 31 18796 1445
6 32 25034 1925
6 33 16253 1250
6 34 11513 885
6 35 1671 128
6 36 27325 2101
6 37 3534 271
6 38 19390 1491
6 39 22890 1760
6 40 7342 564
6 41 18909 1454
6 42 843 64
6 43 21316 1639
6 44 10101 777
6 45 24456 1881
6 46 11188 860
6 47 14854 1142
6 48 7910 608
6 49 15381 1183
7 0 16641 1280
7 1 9749 749
7 2 15573 1197
7 3 11396 876
7 4 9022 694
7 5 29121 2240
7 6 5412 416
7 7 0 0
7 8 27415 2108
7 9 21814 1678
7 10 5251 403
7 11 4193 322
7 12 15762 1212
7 13 23712 1824
7 14 24188 1860
7 15 8594 661
7 16 17154 1319
7 17 2411 185
7 18 2434 187
7 19 5181 398
7 20 21142 1626
7 21 10195 784
7 22 17670 1359
7 23 21619 1663
7 24 6152 473
7 25 28419 2186
7 26 3412 262
7 27 11206 862
7 28 25102 1930
7 29 19262 1481
7 30 23528 1809
7 31 9596 738
7 32 22411 1723
7 33 9811 754
7 34 12587 968
7 35 20838 1602
7 36 24524 1886
7 37 12726 978
7 38 6790 522
7 39 16780 1290
7 40 5092 391
7 41 21715 1670
7 42 2596 199
7 43 2943 226
7 44 19561 1504
7 45 14838 1141
7 46 291 22
7 47 20709 1593
7 48 29081 2237
7 49 26930 2071
8 0 29656 2281
8 1 15256 1173
8 2 23401 1800
8 3 13859 1066
8 4 928 71
8 5 27962 2150
8 6 8147 626
8 7 13089 1006
8 8 0 0
8 9 8544 657
8 10 4911 377
8 11 11821 909
8 12 19953 1534
8 13 24370 1874
8 14 4442 341
8 15 18021 1386
8 16 21352 1642
8 17 15756 1212
8 18 27338 2102
8 19 24002 1846
8 20 12363 951
8 21 15224 1171
8 22 13040 1003
8 23 26673 2051
8 24 13058 1004
8 25 27839 2141
8 26 25817 1985
8 27 22044 1695
8 28 2728 209
8 29 21781 1675
8 30 17012 1308
8 31 28138 2164
8 32 9869 759
8 33 17784 1368
8 34 22024 1694
8 35 8868 682
8 36 27877 2144
8 37 13993 1076
8 38 21508 1654
8 39 27671 2128
8 40 8347 642
8 41 29181 2244
8 42 14810 1139
8 43 18113 1393
8 44 22783 1752
8 45 17211 1323
8 46 15317 1178
8 47 19210 1477
8 48 15956 1227
8 49 10348 796
9 0 28298 2176
9 1 5167 397
9 2 6237 479
9 3 17837 1372
9 4 12809 985
9 5 24523 1886
9 6 23507 1808
9 7 5715 439
9 8 24097 1853
9 9 0 0
9 10 12844 988
9 11 14675 1128
9 12 7189 553
9 13 9214 708
9 14 6604 508
9 15 17724 1363
9 16 5486 422
9 17 4419 339
9 18 12772 982
9 19 12768 982
9 20 10156 781
9 21 17745 1365
9 22 9580 736
9 23 28979 2229
9 24 5964 458
9 25 22810 1754
9 26 11471 882
9 27 5339 410
9 28 23989 1845
9 29 5968 459
9 30 7830 602
9 31 19993 1537
9 32 15792 1214
9 33 1922 147
9 34 14884 1144
9 35 9060 696
9 36 28260 2173
9 37 14880 1144
9 38 2109 162
9 39 25338 1949
9 40 28430 2186
9 41 17762 1366
9 42 7522 578
9 43 21562 1658
9 44 999 76
9 45 28471 2190
9 46 22035 1695
9 47 18523 1424
9 48 29061 2235
9 49 21566 1658
10 0 16351 1257
10 1 26580 2044
10 2 27757 2135
10 3 19131 1471
10 4 6054 465
10 5 23169 1782
10 6 26057 2004
10 7 29534 2271
10 8 6231 479
10 9 11303 869
10 10 0 0
10 11 3388 260
10 12 990 76
10 13 27478 2113
10 14 16945 1303
10 15 20920 1609
10 16 27274 2098
10 17 25695 1976
10 18 23000 1769
10 19 28740 2210
10 20 15959 1227
10 21 15981 1229
10 22 4353 334
10 23 7710 593
10 24 15709 1208
10 25 3096 238
10 26 14243 1095
10 27 25812 1985
10 28 19874 1528
10 29 3304 254
10 30 24970 1920
10 31 22201 1707
10 32 4918 378
10 33 7957 612
10 34 117 9
10 35 21997 1692
10 36 12674 974
10 37 25486 1960
10 38 22723 1747
10 39 12629 971
10 40 1158 89
10 41 19710 1516
10 42 7170 551
10 43 1306 100
10 44 28413 2185
10 45 9630 740
10 46 27921 2147
10 47 22447 1726
10 48 6035 464
10 49 24496 1884
11 0 21929 1686
11 1 11064 851
11 2 27902 2146
11 3 11362 874
11 4 24461 1881
11 5 27857 2142
11 6 984 75
11 7 11148 857
11 8 2130 163
11 9 4114 316
11 10 17687 1360
11 11 0 0
11 12 4920 378
11 13 6534 502
11 14 1595 122
11 15 16594 1276
11 16 28450 2188
11 17 23681 1821
11 18 12830 986
11 19 12849 988
11 20 1001 77
11 21 14266 1097
11 22 19505 1500
11 23 12019 924
11 24 12457 958
11 25 19996 1538
11 26 22921 1763
11 27 3326 255
11 28 21204 1631
11 29 306 23
11 30 12391 953
11 31 8948 688
11 32 15251 1173
11 33 3923 301
11 34 20392 1568
11 35 2051 157
11 36 17904 1377
11 37 26598 2046
11 38 10110 777
11 39 14915 1147
11 40 15959 1227
11 41 14988 1152
11 42 4115 316
11 43 12075 928
11 44 28539 2195
11 45 3015 231
11 46 17038 1310
11 47 13888 1068
11 48 7660 589
11 49 1838 141
12 0 232 17
12 1 18054 1388
12 2 10590 814
12 3 6682 514
12 4 24654 1896
12 5 3849 296
12 6 13625 1048
12 7 27016 2078
12 8 22225 1709
12 9 6095 468
12 10 4936 379
12 11 1869 143
12 12 0 0
12 13 13944 1072
12 14 23309 1793
12 15 28425 2186
12 16 26246 2018
12 17 18792 1445
12 18 21171 1628
12 19 21295 1638
12 20 522 40
12 21 5152 396
12 22 1658 127
12 23 23460 1804
12 24 26502 2038
12 25 9533 733
12 26 23176 1782
12 27 1573 121
12 28 23436 1802
12 29 8688 668
12 30 7078 544
12 31 12771 982
12 32 27438 2110
12 33 9718 747
12 34 9165 705
12 35 26848 2065
12 36 28463 2189
12 37 695 53
12 38 1270 97
12 39 5626 432
12 40 1734 133
12 41 9699 746
12 42 147 11
12 43 13756 1058
12 44 29456 2265
12 45 16433 1264
12 46 14896 1145
12 47 2828 217
12 48 3197 245
12 49 19908 1531
13 0 7404 569
13 1 3684 283
13 2 23437 1802
13 3 6410 493
13 4 27256 2096
13 5 16410 1262
13 6 29867 2297
13 7 20209 1554
13 8 25876 1990
13 9 7645 588
13 10 19487 1499
13 11 9137 702
13 12 21501 1653
13 13 0 0
13 14 14162 1089
13 15 26762 2058
13 16 6353 488
13 17 22420 1724
13 18 10193 784
13 19 16857 1296
13 20 2502 192
13 21 24555 1888
13 22 10190 783
13 23 14688 1129
13 24 9115 701
13 25 11816 908
13 26 24526 1886
13 27 5704 438
13 28 8344 641
13 29 18555 1427
13 30 26320 2024
13 31 2051 157
13 32 25854 1988
13 33 25898 1992
13 34 8479 652
13 35 20842 1603
13 36 25381 1952
13 37 17770 1366
13 38 16265 1251
13 39 1038 79
13 40 29833 2294
13 41 17952 1380
13 42 15699 1207
13 43 9081 698
13 44 28510 2193
13 45 13281 1021
13 46 9735 748
13 47 2924 224
13 48 19081 1467
13 49 28029 2156
14 0 13315 1024
14 1 29285 2252
14 2 2698 207
14 3 27974 2151
14 4 14788 1137
14 5 25042 1926
14 6 5622 432
14 7 17993 1384
14 8 27547 2119
14 9 23381 1798
14 10 16418 1262
14 11 10709 823
14 12 2814 216
14 13 12894 991
14 14 0 0
14 15 28133 2164
14 16 24148 1857
14 17 4009 308
14 18 5460 420
14 19 12245 941
14 20 18604 1431
14 21 14265 1097
14 22 26062 2004
14 23 10558 812
14 24 27016 2078
14 25 8772 674
14 26 5749 442
14 27 11877 913
14 28 568 43
14 29 331 25
14 30 29534 2271
14 31 15734 1210
14 32 13725 1055
14 33 28390 2183
14 34 17996 1384
14 35 11656 896
14 36 3526 271
14 37 2580 198
14 38 9662 743
14 39 6335 487
14 40 23888 1837
14 41 22475 1728
14 42 4042 310
14 43 11470 882
14 44 1338 102
14 45 18040 1387
14 46 3632 279
14 47 28254 2173
14 48 24534 1887
14 49 6395 491
15 0 18688 1437
15 1 21750 1673
15 2 29894 2299
15 3 21635 1664
15 4 11684 898
15 5 16833 1294
15 6 9445 726
15 7 17255 1327
15 8 22169 1705
15 9 23712 1824
15 10 16361 1258
15 11 25371 1951
15 12 1141 87
15 13 21701 1669
15 14 6718 516
15 15 0 0
15 16 21275 1636
15 17 11317 870
15 18 5636 433
15 19 17314 1331
15 20 26341 2026
15 21 2190 168
15 22 2790 214
15 23 20251 1557
15 24 1474 113
15 25 21232 1633
15 26 11691 899
15 27 23077 1775
15 28 7707 592
15 29 6970 536
15 30 29011 2231
15 31 18652 1434
15 32 17894 1376
15 33 10577 813
15 34 9408 723
15 35 10903 838
15 36 810 62
15 37 20966 1612
15 38 13721 1055
15 39 7751 596
15 40 20490 1576
15 41 15801 1215
15 42 24017 1847
15 43 9006 692
15 44 6519 501
15 45 15424 1186
15 46 24214 1862
15 47 26021 2001
15 48 8907 685
15 49 22309 1716
16 0 3336 256
16 1 21624 1663
16 2 28843 2218
16 3 12058 927
16 4 22434 1725
16 5 29434 2264
16 6 17532 1348
16 7 12588 968
16 8 25767 1982
16 9 27078 2082
16 10 18820 1447
16 11 1093 84
16 12 18914 1454
16 13 26139 2010
16 14 25788 1983
16 15 9027 694
16 16 0 0
16 17 18351 1411
16 18 10780 829
16 19 3962 304
16 20 24079 1852
16 21 4471 343
16 22 28944 2226
16 23 12093 930
16 24 15446 1188
16 25 19757 1519
16 26 26899 2069
16 27 19896 1530
16 28 29447 2265
16 29 4685 360
16 30 19424 1494
16 31 1450 111
16 32 23734 1825
16 33 22353 1719
16 34 6901 530
16 35 5688 437
16 36 12016 924
16 37 17666 1358
16 38 220 16
16 39 25732 1979
16 40 19330 1486
16 41 5812 447
16 42 12154 934
16 43 5193 399
16 44 7465 574
16 45 6449 496
16 46 19074 1467
16 47 27123 2086
16 48 2888 222
16 49 15616 1201
17 0 24702 1900
17 1 13424 1032
17 2 14656 1127
17 3 20641 1587
17 4 17533 1348
17 5 4193 322
17 6 23068 1774
17 7 23145 1780
17 8 8256 635
17 9 18567 1428
17 10 16606 1277
17 11 22069 1697
17 12 20560 1581
17 13 6065 466
17 14 10527 809
17 15 4101 315
17 16 29574 2274
17 17 0 0
17 18 8357 642
17 19 1993 153
17 20 11765 905
17 21 8682 667
17 22 1364 104
17 23 16286 1252
17 24 18260 1404
17 25 1667 128
17 26 3709 285
17 27 7348 565
17 28 6972 536
17 29 25983 1998
17 30 24754 1904
17 31 5855 450
17 32 19106 1469
17 33 23797 1830
17 34 18696 1438
17 35 1801 138
17 36 5923 455
17 37 7501 577
17 38 2869 220
17 39 4283 329
17 40 28029 2156
17 41 2681 206
17 42 15338 1179
17 43 16992 1307
17 44 20703 1592
17 45 27775 2136
17 46 10714 824
17 47 7837 602
17 48 21689 1668
17 49 21438 1649
18 0 9805 754
18 1 8807 677
18 2 6467 497
18 3 23679 1821
18 4 6609 508
18 5 27219 2093
18 6 7390 568
18 7 5294 407
18 8 22826 1755
18 9 1395 107
18 10 4016 308
18 11 14786 1137
18 12 23821 1832
18 13 21580 1660
18 14 18144 1395
18 15 3780 290
18 16 29643 2280
18 17 7940 610
18 18 0 0
18 19 23060 1773
18 20 25368 1951
18 21 29823 2294
18 22 16781 1290
18 23 29979 2306
18 24 7158 550
18 25 20867 1605
18 26 8626 663
18 27 23720 1824
18 28 9075 698
18 29 10900 838
18 30 1402 107
18 31 23649 1819
18 32 8037 618
18 33 3598 276
18 34 8124 624
18 35 21714 1670
18 36 9708 746
18 37 6725 517
18 38 26653 2050
18 39 19539 1503
18 40 9289 714
18 41 24934 1918
18 42 5057 389
18 43 16527 1271
18 44 28287 2175
18 45 23866 1835
18 46 2057 158
18 47 11682 898
18 48 4976 382
18 49 13764 1058
19 0 16647 1280
19 1 27127 2086
19 2 19825 1525
19 3 20302 1561
19 4 15516 1193
19 5 14830 1140
19 6 12850 988
19 7 23158 1781
19 8 12368 951
19 9 12367 951
19 10 8718 670
19 11 28570 2197
19 12 4540 349
19 13 23357 1796
19 14 28698 2207
19 15 15293 1176
19 16 24448 1880
19 17 28561 2197
19 18 19325 1486
19 19 0 0
19 20 10172 782
19 21 21582 1660
19 22 26448 2034
19 23 18754 1442
19 24 29936 2302
19 25 28508 2192
19 26 7989 614
19 27 6131 471
19 28 11754 904
19 29 20367 1566
19 30 21123 1624
19 31 20268 1559
19 32 20796 1599
19 33 12436 956
19 34 28999 2230
19 35 1874 144
19 36 12938 995
19 37 5577 429
19 38 25933 1994
19 39 9411 723
19 40 21444 1649
19 41 25920 1993
19 42 17931 1379
19 43 9577 736
19 44 2171 167
19 45 17213 1324
19 46 4391 337
19 47 19939 1533
19 48 2279 175
19 49 18120 1393
20 0 26093 2007
20 1 14184 1091
20 2 21510 1654
20 3 27025 2078
20 4 2484 191
20 5 2326 178
20 6 18808 1446
20 7 13719 1055
20 8 29099 2238
20 9 18710 1439
20 10 18968 1459
20 11 26418 2032
20 12 5739 441
20 13 13286 1022
20 14 7774 598
20 15 10549 811
20 16 11411 877
20 17 7512 577
20 18 21812 1677
20 19 4232 325
20 20 0 0
20 21 17236 1325
20 22 25101 1930
20 23 12544 964
20 24 22672 1744
20 25 3494 268
20 26 29309 2254
20 27 11691 899
20 28 3864 297
20 29 26640 2049
20 30 6308 485
20 31 15347 1180
20 32 4517 347
20 33 22395 1722
20 34 23466 1805
20 35 5820 447
20 36 19597 1507
20 37 25830 1986
20 38 7635 587
20 39 21646 1665
20 40 14423 1109
20 41 2515 193
20 42 19708 1516
20 43 17708 1362
20 44 22871 1759
20 45 15086 1160
20 46 20906 1608
20 47 10061 773
20 48 166 12
20 49 13353 1027
21 0 4831 371
21 1 3341 257
21 2 20833 1602
21 3 29704 2284
21 4 19781 1521
21 5 27399 2107
21 6 3958 304
21 7 17029 1309
21 8 19011 1462
21 9 17649 1357
21 10 22867 1759
21 11 19184 1475
21 12 18393 1414
21 13 8723 671
21 14 27606 2123
21 15 8978 690
21 16 1048 80
21 17 17314 1331
21 18 4962 381
21 19 7621 586
21 20 20463 1574
21 21 0 0
21 22 13214 1016
21 23 24730 1902
21 24 8832 679
21 25 25719 1978
21 26 1424 109
21 27 26611 2047
21 28 2204 169
21 29 480 36
21 30 4579 352
21 31 10786 829
21 32 16293 1253
21 33 12807 985
21 34 16310 1254
21 35 8242 634
21 36 1231 94
21 37 26889 2068
21 38 5329 409
21 39 15470 1190
21 40 3326 255
21 41 18725 1440
21 42 18253 1404
21 43 5734 441
21 44 5170 397
21 45 16142 1241
21 46 8697 669
21 47 1832 140
21 48 4506 346
21 49 3705 285
22 0 19919 1532
22 1 10665 820
22 2 1421 109
22 3 28922 2224
22 4 4135 318
22 5 657 50
22 6 11326 871
22 7 17333 1333
22 8 6263 481
22 9 1653 127
22 10 14017 1078
22 11 213 16
22 12 22386 1722
22 13 22211 1708
22 14 5468 420
22 15 10818 832
22 16 297 22
22 17 28292 2176
22 18 13041 1003
22 19 9800 753
22 20 3648 280
22 21 24357 1873
22 22 0 0
22 23 27054 2081
22 24 28080 2160
22 25 16806 1292
22 26 28686 2206
22 27 8672 667
22 28 8244 634
22 29 21093 1622
22 30 29997 2307
22 31 24980 1921
22 32 4714 362
22 33 8337 641
22 34 12504 961
22 35 4732 364
22 36 1011 77
22 37 17464 1343
22 38 6069 466
22 39 29412 2262
22 40 5957 458
22 41 4001 307
22 42 12228 940
22 43 29367 2259
22 44 21008 1616
22 45 24055 1850
22 46 20850 1603
22 47 29296 2253
22 48 29157 2242
22 49 14391 1107
23 0 12208 939
23 1 19484 1498
23 2 3557 273
23 3 4967 382
23 4 11169 859
23 5 6714 516
23 6 18520 1424
23 7 16274 1251
23 8 4400 338
23 9 13960 1073
23 10 9308 716
23 11 29844 2295
23 12 11943 918
23 13 4479 344
23 14 17575 1351
23 15 24014 1847
23 16 3346 257
23 17 20316 1562
23 18 25563 1966
23 19 6689 514
23 20 3740 287
23 21 5696 438
23 22 23582 1814
23 23 0 0
23 24 5483 421
23 25 16282 1252
23 26 13028 1002
23 27 16804 1292
23 28 13587 1045
23 29 10094 776
23 30 14544 1118
23 31 10831 833
23 32 15771 1213
23 33 8375 644
23 34 14905 1146
23 35 19683 1514
23 36 23443 1803
23 37 15379 1183
23 38 29287 2252
23 39 18131 1394
23 40 16591 1276
23 41 26912 2070
23 42 29517 2270
23 43 4562 350
23 44 12172 936
23 45 15033 1156
23 46 15254 1173
23 47 25787 1983
23 48 1659 127
23 49 27850 2142
24 0 22928 1763
24 1 7695 591
24 2 8621 663
24 3 20946 1611
24 4 14533 1117
24 5 24796 1907
24 6 17767 1366
24 7 21377 1644
24 8 2986 229
24 9 2085 160
24 10 17880 1375
24 11 12717 978
24 12 29758 2289
24 13 4691 360
24 14 13592 1045
24 15 28499 2192
24 16 18044 1388
24 17 28535 2195
24 18 16454 1265
24 19 17277 1329
24 20 9114 701
24 21 4527 348
24 22 21331 1640
24 23 7041 541
24 24 0 0
24 25 9584 737
24 26 8798 676
24 27 13125 1009
24 28 27361 2104
24 29 2769 213
24 30 26092 2007
24 31 11466 882
24 32 28373 2182
24 33 23917 1839
24 34 23907 1839
24 35 3835 295
24 36 10487 806
24 37 29139 2241
24 38 28216 2170
24 39 19862 1527
24 40 14156 1088
24 41 15310 1177
24 42 23509 1808
24 43 10191 783
24 44 16773 1290
24 45 7060 543
24 46 18336 1410
24 47 26762 2058
24 48 19436 1495
24 49 20609 1585
25 0 1807 139
25 1 15439 1187
25 2 2433 187
25 3 11322 870
25 4 18675 1436
25 5 22299 1715
25 6 25932 1994
25 7 28118 2162
25 8 15395 1184
25 9 27873 2144
25 10 4234 325
25 11 11189 860
25 12 21404 1646
25 13 3282 252
25 14 12647 972
25 15 3281 252
25 16 17516 1347
25 17 4397 338
25 18 29381 2260
25 19 4626 355
25 20 16954 1304
25 21 27308 2100
25 22 5056 388
25 23 13937 1072
25 24 22943 1764
25 25 0 0
25 26 13103 1007
25 27 25001 1923
25 28 15547 1195
25 29 8687 668
25 30 548 42
25 31 25670 1974
25 32 9915 762
25 33 1091 83
25 34 26689 2053
25 35 16601 1277
25 36 7205 554
25 37 29611 2277
25 38 9163 704
25 39 5244 403
25 40 5894 453
25 41 20809 1600
25 42 22778 1752
25 43 21475 1651
25 44 20910 1608
25 45 20739 1595
25 46 8467 651
25 47 12575 967
25 48 26981 2075
25 49 11183 860
26 0 14909 1146
26 1 15903 1223
26 2 28508 2192
26 3 20363 1566
26 4 1142 87
26 5 6959 535
26 6 23493 1807
26 7 21160 1627
26 8 27500 2115
26 9 20335 1564
26 10 8111 623
26 11 327 25
26 12 19077 1467
26 13 11280 867
26 14 27774 2136
26 15 3409 262
26 16 3948 303
26 17 18850 1450
26 18 7122 547
26 19 16695 1284
26 20 9351 719
26 21 11598 892
26 22 21349 1642
26 23 22298 1715
26 24 28734 2210
26 25 17833 1371
26 26 0 0
26 27 27105 2085
26 28 7806 600
26 29 14874 1144
26 30 16106 1238
26 31 3315 255
26 32 18388 1414
26 33 15923 1224
26 34 26709 2054
26 35 6201 477
26 36 29662 2281
26 37 11881 913
26 38 24530 1886
26 39 28472 2190
26 40 18348 1411
26 41 26980 2075
26 42 28502 2192
26 43 503 38
26 44 21997 1692
26 45 7567 582
26 46 23116 1778
26 47 22279 1713
26 48 896 68
26 49 6280 483
27 0 11484 883
27 1 16744 1288
27 2 23951 1842
27 3 21534 1656
27 4 11532 887
27 5 21993 1691
27 6 16814 1293
27 7 20145 1549
27 8 17433 1341
27 9 6218 478
27 10 8090 622
27 11 15101 1161
27 12 17198 1322
27 13 24439 1879
27 14 20169 1551
27 15 8774 674
27 16 27065 2081
27 17 647 49
27 18 26634 2048
27 19 13867 1066
27 20 25580 1967
27 21 2785 214
27 22 16446 1265
27 23 16899 1299
27 24 10074 774
27 25 3880 298
27 26 27654 2127
27 27 0 0
27 28 10821 832
27 29 3715 285
27 30 12561 966
27 31 9039 695
27 32 2305 177
27 33 7113 547
27 34 13792 1060
27 35 13742 1057
27 36 1387 106
27 37 15380 1183
27 38 13648 1049
27 39 21633 1664
27 40 3994 307
27 41 18372 1413
27 42 28116 2162
27 43 7487 575
27 44 25613 1970
27 45 25044 1926
27 46 20593 1584
27 47 23392 1799
27 48 3181 244
27 49 17542 1349
28 0 4097 315
28 1 29574 2274
28 2 25093 1930
28 3 19060 1466
28 4 4792 368
28 5 25208 1939
28 6 18654 1434
28 7 659 50
28 8 14915 1147
28 9 29781 2290
28 10 25020 1924
28 11 15385 1183
28 12 16706 1285
28 13 28458 2189
28 14 7910 608
28 15 18216 1401
28 16 29379 2259
28 17 19965 1535
28 18 22973 1767
28 19 4700 361
28 20 1440 110
28 21 2521 193
28 22 18345 1411
28 23 19289 1483
28 24 6794 522
28 25 29587 2275
28 26 13291 1022
28 27 15945 1226
28 28 0 0
28 29 5809 446
28 30 5374 413
28 31 27757 2135
28 32 17720 1363
28 33 21089 1622
28 34 16536 1272
28 35 14203 1092
28 36 16050 1234
28 37 294 22
28 38 8108 623
28 39 4846 372
28 40 11730 902
28 41 15634 1202
28 42 8383 644
28 43 22330 1717
28 44 11458 881
28 45 20159 1550
28 46 21654 1665
28 47 717 55
28 48 2410 185
28 49 14319 1101
29 0 22663 1743
29 1 23941 1841
29 2 12843 987
29 3 15211 1170
29 4 7831 602
29 5 25035 1925
29 6 24376 1875
29 7 3478 267
29 8 22953 1765
29 9 4055 311
29 10 22507 1731
29 11 24976 1921
29 12 17823 1371
29 13 9576 736
29 14 13210 1016
29 15 11744 903
29 16 3202 246
29 17 16576 1275
29 18 9504 731
29 19 25040 1926
29 20 15260 1173
29 21 15465 1189
29 22 4201 323
29 23 3779 290
29 24 3158 242
29 25 27803 2138
29 26 25921 1993
29 27 20003 1538
29 28 23395 1799
29 29 0 0
29 30 28375 2182
29 31 20910 1608
29 32 8641 664
29 33 7352 565
29 34 17279 1329
29 35 8159 627
29 36 5601 430
29 37 23415 1801
29 38 638 49
29 39 11660 896
29 40 5847 449
29 41 28846 2218
29 42 9329 717
29 43 14890 1145
29 44 9015 693
29 45 10863 835
29 46 21688 1668
29 47 3922 301
29 48 4139 318
29 49 11246 865
30 0 26278 2021
30 1 19701 1515
30 2 1725 132
30 3 20076 1544
30 4 14693 1130
30 5 19713 1516
30 6 11751 903
30 7 28419 2186
30 8 24845 1911
30 9 3061 235
30 10 29849 2296
30 11 277 21
30 12 2566 197
30 13 21104 1623
30 14 13383 1029
30 15 6216 478
30 16 25786 1983
30 17 9001 692
30 18 10132 779
30 19 5681 437
30 20 397 30
30 21 10695 822
30 22 27488 2114
30 23 17658 1358
30 24 5037 387
30 25 13858 1066
30 26 1401 107
30 27 17054 1311
30 28 18965 1458
30 29 13731 1056
30 30 0 0
30 31 20386 1568
30 32 25270 1943
30 33 11741 903
30 34 10776 828
30 35 14020 1078
30 36 513 39
30 37 15713 1208
30 38 11700 900
30 39 18927 1455
30 40 10423 801
30 41 13196 1015
30 42 11579 890
30 43 4609 354
30 44 11947 919
30 45 12296 945
30 46 9701 746
30 47 12640 972
30 48 18057 1389
30 49 24879 1913
31 0 28652 2204
31 1 11690 899
31 2 26925 2071
31 3 14358 1104
31 4 17815 1370
31 5 27497 2115
31 6 13482 1037
31 7 12424 955
31 8 17709 1362
31 9 8722 670
31 10 28875 2221
31 11 23641 1818
31 12 1352 104
31 13 9083 698
31 14 17854 1373
31 15 7131 548
31 16 15394 1184
31 17 26318 2024
31 18 494 38
31 19 5763 443
31 20 22722 1747
31 21 16880 1298
31 22 2038 156
31 23 1891 145
31 24 1566 120
31 25 22167 1705
31 26 4708 362
31 27 6812 524
31 28 5586 429
31 29 1120 86
31 30 28780 2213
31 31 0 0
31 32 15845 1218
31 33 19091 1468
31 34 9037 695
31 35 9141 703
31 36 2756 212
31 37 3276 252
31 38 2923 224
31 39 221 17
31 40 3033 233
31 41 16936 1302
31 42 22487 1729
31 43 16470 1266
31 44 24784 1906
31 45 25052 1927
31 46 22271 1713
31 47 12421 955
31 48 14995 1153
31 49 26008 2000
32 0 17548 1349
32 1 18176 1398
32 2 3726 286
32 3 4063 312
32 4 24867 1912
32 5 15445 1188
32 6 20271 1559
32 7 21546 1657
32 8 17881 1375
32 9 23092 1776
32 10 2019 155
32 11 8710 670
32 12 14675 1128
32 13 16913 1301
32 14 3985 306
32 15 7766 597
32 16 25435 1956
32 17 6097 469
32 18 20142 1549
32 19 13986 1075
32 20 10146 780
32 21 14802 1138
32 22 27455 2111
32 23 13825 1063
32 24 12626 971
32 25 1844 141
32 26 10886 837
32 27 13781 1060
32 28 9595 738
32 29 6399 492
32 30 10187 783
32 31 28239 2172
32 32 0 0
32 33 25537 1964
32 34 20454 1573
32 35 11114 854
32 36 8480 652
32 37 10594 814
32 38 4304 331
32 39 2047 157
32 40 1816 139
32 41 18068 1389
32 42 2535 195
32 43 1049 80
32 44 3665 281
32 45 13067 1005
32 46 27040 2080
32 47 27167 2089
32 48 15699 1207
32 49 27840 2141
33 0 14141 1087
33 1 1610 123
33 2 13206 1015
33 3 9039 695
33 4 7593 584
33 5 25075 1928
33 6 1684 129
33 7 8997 692
33 8 8573 659
33 9 5384 414
33 10 12370 951
33 11 14233 1094
33 12 6715 516
33 13 26857 2065
33 14 5310 408
33 15 25640 1972
33 16 307 23
33 17 3148 242
33 18 14030 1079
33 19 24859 1912
33 20 23382 1798
33 21 9042 695
33 22 15384 1183
33 23 3655 281
33 24 3528 271
33 25 25404 1954
33 26 7587 583
33 27 25300 1946
33 28 19560 1504
33 29 12848 988
33 30 10233 787
33 31 13461 1035
33 32 1688 129
33 33 0 0
33 34 16644 1280
33 35 9361 720
33 36 18667 1435
33 37 6426 494
33 38 18555 1427
33 39 23711 1823
33 40 29696 2284
33 41 10855 835
33 42 10410 800
33 43 17724 1363
33 44 21212 1631
33 45 26439 2033
33 46 9278 713
33 47 10386 798
33 48 23537 1810
33 49 28928 2225
34 0 22054 1696
34 1 23665 1820
34 2 27599 2123
34 3 4044 311
34 4 8128 625
34 5 16173 1244
34 6 13772 1059
34 7 5580 429
34 8 29524 2271
34 9 15335 1179
34 10 11158 858
34 11 3324 255
34 12 14977 1152
34 13 27303 2100
34 14 8420 647
34 15 25166 1935
34 16 27510 2116
34 17 26046 2003
34 18 343 26
34 19 27246 2095
34 20 4200 323
34 21 5756 442
34 22 19201 1477
34 23 7242 557
34 24 12386 952
34 25 8152 627
34 26 6543 503
34 27 3371 259
34 28 7835 602
34 29 7358 566
34 30 24725 1901
34 31 8360 643
34 32 24975 1921
34 33 21143 1626
34 34 0 0
34 35 14951 1150
34 36 7502 577
34 37 11947 919
34 38 14738 1133
34 39 11153 857
34 40 16313 1254
34 41 24966 1920
34 42 5743 441
34 43 14926 1148
34 44 5146 395
34 45 18119 1393
34 46 15405 1185
34 47 3521 270
34 48 6379 490
34 49 5568 428
35 0 5341 410
35 1 10886 837
35 2 5530 425
35 3 21904 1684
35 4 16826 1294
35 5 17803 1369
35 6 14596 1122
35 7 3520 270
35 8 4524 348
35 9 3515 270
35 10 24210 1862
35 11 8449 649
35 12 7867 605
35 13 14270 1097
35 14 5036 387
35 15 20176 1552
35 16 27637 2125
35 17 17173 1321
35 18 3471 267
35 19 16043 1234
35 20 2935 225
35 21 13078 1006
35 22 25856 1988
35 23 13147 1011
35 24 13435 1033
35 25 11362 874
35 26 29941 2303
35 27 6128 471
35 28 26883 2067
35 29 26029 2002
35 30 17879 1375
35 31 19750 1519
35 32 24486 1883
35 33 17251 1327
35 34 8748 672
35 35 0 0
35 36 17165 1320
35 37 16201 1246
35 38 14539 1118
35 39 11602 892
35 40 1731 133
35 41 7037 541
35 42 24809 1908
35 43 12189 937
35 44 29332 2256
35 45 3989 306
35 46 28683 2206
35 47 16568 1274
35 48 16896 1299
35 49 23325 1794
36 0 20381 1567
36 1 26643 2049
36 2 8689 668
36 3 14069 1082
36 4 26356 2027
36 5 27835 2141
36 6 22675 1744
36 7 2458 189
36 8 20092 1545
36 9 1073 82
36 10 15004 1154
36 11 13364 1028
36 12 5052 388
36 13 6308 485
36 14 5041 387
36 15 3624 278
36 16 13889 1068
36 17 15276 1175
36 18 4892 376
36 19 21990 1691
36 20 5105 392
36 21 7273 559
36 22 5798 446
36 23 23656 1819
36 24 12378 952
36 25 16503 1269
36 26 14036 1079
36 27 5424 417
36 28 15024 1155
36 29 21237 1633
36 30 22576 1736
36 31 26386 2029
36 32 19934 1533
36 33 25908 1992
36 34 20561 1581
36 35 14406 1108
36 36 0 0
36 37 14686 1129
36 38 238 18
36 39 5178 398
36 40 28674 2205
36 41 24079 1852
36 42 26253 2019
36 43 25249 1942
36 44 21673 1667
36 45 18734 1441
36 46 29541 2272
36 47 19617 1509
36 48 8942 687
36 49 28427 2186
37 0 15604 1200
37 1 22377 1721
37 2 21377 1644
37 3 10374 798
37 4 1174 90
37 5 8995 691
37 6 7974 613
37 7 9765 751
37 8 14037 1079
37 9 20416 1570
37 10 8071 620
37 11 15833 1217
37 12 23748 1826
37 13 19287 1483
37 14 10700 823
37 15 10462 804
37 16 5534 425
37 17 7241 557
37 18 29456 2265
37 19 11957 919
37 20 17198 1322
37 21 28809 2216
37 22 442 34
37 23 17438 1341
37 24 23390 1799
37 25 4286 329
37 26 24477 1882
37 27 29751 2288
37 28 29477 2267
37 29 28591 2199
37 30 18672 1436
37 31 14002 1077
37 32 20734 1594
37 33 11285 868
37 34 11560 889
37 35 14056 1081
37 36 6334 487
37 37 0 0
37 38 17176 1321
37 39 5697 438
37 40 18752 1442
37 41 6927 532
37 42 20826 1602
37 43 9040 695
37 44 27563 2120
37 45 3804 292
37 46 11836 910
37 47 21925 1686
37 48 4477 344
37 49 25501 1961
38 0 3718 286
38 1 21474 1651
38 2 14005 1077
38 3 14018 1078
38 4 10596 815
38 5 5224 401
38 6 19399 1492
38 7 28758 2212
38 8 19432 1494
38 9 22656 1742
38 10 1549 119
38 11 24318 1870
38 12 18727 1440
38 13 28970 2228
38 14 25034 1925
38 15 21668 1666
38 16 17198 1322
38 17 20462 1574
38 18 26481 2037
38 19 5737 441
38 20 3662 281
38 21 27934 2148
38 22 24713 1901
38 23 24070 1851
38 24 1278 98
38 25 26429 2033
38 26 19316 1485
38 27 6363 489
38 28 27474 2113
38 29 12723 978
38 30 4826 371
38 31 26695 2053
38 32 17462 1343
38 33 13400 1030
38 34 1014 78
38 35 27512 2116
38 36 20553 1581
38 37 21454 1650
38 38 0 0
38 39 391 30
38 40 8004 615
38 41 24324 1871
38 42 3391 260
38 43 6640 510
38 44 16501 1269
38 45 28957 2227
38 46 28319 2178
38 47 13806 1062
38 48 6907 531
38 49 8534 656
39 0 2314 178
39 1 3014 231
39 2 27138 2087
39 3 29449 2265
39 4 29595 2276
39 5 16909 1300
39 6 25689 1976
39 7 4541 349
39 8 2779 213
39 9 25014 1924
39 10 22060 1696
39 11 17607 1354
39 12 21511 1654
39 13 12621 970
39 14 22324 1717
39 15 14843 1141
39 16 25892 1991
39 17 24360 1873
39 18 28027 2155
39 19 1158 89
39 20 22775 1751
39 21 26281 2021
39 22 6186 475
39 23 12654 973
39 24 20942 1610
39 25 12059 927
39 26 24712 1900
39 27 626 48
39 28 29740 2287
39 29 24822 1909
39 30 26126 2009
39 31 8712 670
39 32 737 56
39 33 6943 534
39 34 3798 292
39 35 19854 1527
39 36 25581 1967
39 37 2776 213
39 38 25920 1993
39 39 0 0
39 40 4307 331
39 41 27220 2093
39 42 9159 704
39 43 17587 1352
39 44 4210 323
39 45 4864 374
39 46 6900 530
39 47 16882 1298
39 48 2898 222
39 49 22832 1756
40 0 12074 928
40 1 27570 2120
40 2 8137 625
40 3 8946 688
40 4 13560 1043
40 5 19227 1479
40 6 847 65
40 7 24183 1860
40 8 1519 116
40 9 9319 716
40 10 23709 1823
40 11 4661 358
40 12 23582 1814
40 13 1292 99
40 14 24231 1863
40 15 17840 1372
40 16 7252 557
40 17 2640 203
40 18 1017 78
40 19 14175 1090
40 20 3424 263
40 21 24617 1893
40 22 16277 1252
40 23 7279 559
40 24 18894 1453
40 25 28345 2180
40 26 8994 691
40 27 14646 1126
40 28 15943 1226
40 29 16243 1249
40 30 8241 633
40 31 20692 1591
40 32 20323 1563
40 33 26547 2042
40 34 21083 1621
40 35 221 17
40 36 26007 2000
40 37 28055 2158
40 38 892 68
40 39 18006 1385
40 40 0 0
40 41 8389 645
40 42 23862 1835
40 43 19316 1485
40 44 21638 1664
40 45 8741 672
40 46 18201 1400
40 47 27486 2114
40 48 11995 922
40 49 10779 829
41 0 23566 1812
41 1 22242 1710
41 2 15680 1206
41 3 3942 303
41 4 6366 489
41 5 11807 908
41 6 17885 1375
41 7 26464 2035
41 8 2373 182
41 9 29373 2259
41 10 24926 1917
41 11 5058 389
41 12 19924 1532
41 13 14941 1149
41 14 13453 1034
41 15 17241 1326
41 16 6976 536
41 17 13842 1064
41 18 13985 1075
41 19 15054 1158
41 20 22545 1734
41 21 14174 1090
41 22 7959 612
41 23 26651 2050
41 24 19976 1536
41 25 28633 2202
41 26 20003 1538
41 27 12916 993
41 28 24463 1881
41 29 6729 517
41 30 7483 575
41 31 20427 1571
41 32 12449 957
41 33 14055 1081
41 34 2967 228
41 35 21675 1667
41 36 6940 533
41 37 29442 2264
41 38 25628 1971
41 39 16894 1299
41 40 14090 1083
41 41 0 0
41 42 21065 1620
41 43 3826 294
41 44 486 37
41 45 8609 662
41 46 10416 801
41 47 20379 1567
41 48 7395 568
41 49 21490 1653
42 0 28122 2163
42 1 17144 1318
42 2 4078 313
42 3 27296 2099
42 4 27785 2137
42 5 16070 1236
42 6 6368 489
42 7 22804 1754
42 8 20310 1562
42 9 29052 2234
42 10 23462 1804
42 11 15823 1217
42 12 14754 1134
42 13 22294 1714
42 14 17186 1322
42 15 10190 783
42 16 2940 226
42 17 26656 2050
42 18 15579 1198
42 19 18823 1447
42 20 14116 1085
42 21 2910 223
42 22 17453 1342
42 23 6365 489
42 24 14090 1083
42 25 25568 1966
42 26 26203 2015
42 27 7696 592
42 28 20975 1613
42 29 7912 608
42 30 6511 500
42 31 13048 1003
42 32 18126 1394
42 33 8868 682
42 34 23687 1822
42 35 21235 1633
42 36 23266 1789
42 37 16789 1291
42 38 8123 624
42 39 12670 974
42 40 21295 1638
42 41 24236 1864
42 42 0 0
42 43 22665 1743
42 44 18910 1454
42 45 19155 1473
42 46 29269 2251
42 47 751 57
42 48 24349 1873
42 49 2840 218
43 0 29284 2252
43 1 28438 2187
43 2 29996 2307
43 3 12088 929
43 4 6573 505
43 5 21249 1634
43 6 25570 1966
43 7 24830 1910
43 8 27886 2145
43 9 24257 1865
43 10 2343 180
43 11 15869 1220
43 12 12574 967
43 13 3364 258
43 14 11068 851
43 15 22658 1742
43 16 21756 1673
43 17 9819 755
43 18 28179 2167
43 19 16136 1241
43 20 9874 759
43 21 13207 1015
43 22 29618 2278
43 23 9150 703
43 24 1742 134
43 25 27500 2115
43 26 2773 213
43 27 6915 531
43 28 18905 1454
43 29 21487 1652
43 30 13013 1001
43 31 2086 160
43 32 4812 370
43 33 10256 788
43 34 2896 222
43 35 20142 1549
43 36 6299 484
43 37 10896 838
43 38 23504 1808
43 39 12961 997
43 40 7225 555
43 41 10957 842
43 42 19293 1484
43 43 0 0
43 44 1042 80
43 45 26528 2040
43 46 17129 1317
43 47 23907 1839
43 48 25686 1975
43 49 4083 314
44 0 28337 2179
44 1 20129 1548
44 2 1125 86
44 3 18876 1452
44 4 7189 553
44 5 18327 1409
44 6 16007 1231
44 7 6251 480
44 8 5236 402
44 9 18586 1429
44 10 22057 1696
44 11 28898 2222
44 12 20550 1580
44 13 10791 830
44 14 28148 2165
44 15 21712 1670
44 16 7012 539
44 17 24895 1915
44 18 19564 1504
44 19 1312 100
44 20 27835 2141
44 21 14154 1088
44 22 25402 1954
44 23 19390 1491
44 24 21847 1680
44 25 24496 1884
44 26 29874 2298
44 27 15641 1203
44 28 21265 1635
44 29 15287 1175
44 30 9963 766
44 31 8088 622
44 32 3680 283
44 33 24617 1893
44 34 10815 831
44 35 12665 974
44 36 11649 896
44 37 29264 2251
44 38 12702 977
44 39 17310 1331
44 40 24147 1857
44 41 1117 85
44 42 4910 377
44 43 24643 1895
44 44 0 0
44 45 14529 1117
44 46 18716 1439
44 47 20497 1576
44 48 20492 1576
44 49 27220 2093
45 0 21846 1680
45 1 3155 242
45 2 3791 291
45 3 10399 799
45 4 16996 1307
45 5 1459 112
45 6 26938 2072
45 7 10897 838
45 8 13528 1040
45 9 29813 2293
45 10 18996 1461
45 11 24329 1871
45 12 11632 894
45 13 2666 205
45 14 2955 227
45 15 2624 201
45 16 3494 268
45 17 677 52
45 18 29347 2257
45 19 24028 1848
45 20 22724 1748
45 21 18916 1455
45 22 6157 473
45 23 10469 805
45 24 28823 2217
45 25 4664 358
45 26 15728 1209
45 27 18724 1440
45 28 17773 1367
45 29 26670 2051
45 30 18210 1400
45 31 28137 2164
45 32 15843 1218
45 33 26176 2013
45 34 13298 1022
45 35 26471 2036
45 36 1575 121
45 37 15200 1169
45 38 13237 1018
45 39 12580 967
45 40 17340 1333
45 41 12340 949
45 42 7182 552
45 43 17078 1313
45 44 10912 839
45 45 0 0
45 46 23515 1808
45 47 27480 2113
45 48 27299 2099
45 49 22563 1735
46 0 25851 1988
46 1 27259 2096
46 2 11728 902
46 3 9881 760
46 4 13301 1023
46 5 25567 1966
46 6 2597 199
46 7 29698 2284
46 8 4992 384
46 9 4587 352
46 10 23560 1812
46 11 4385 337
46 12 25777 1982
46 13 11900 915
46 14 2496 192
46 15 16565 1274
46 16 11734 902
46 17 940 72
46 18 1386 106
46 19 2513 193
46 20 25465 1958
46 21 27694 2130
46 22 24545 1888
46 23 28911 2223
46 24 10768 828
46 25 25004 1923
46 26 22987 1768
46 27 11332 871
46 28 18709 1439
46 29 348 26
46 30 9982 767
46 31 17876 1375
46 32 5875 451
46 33 6912 531
46 34 17577 1352
46 35 1461 112
46 36 3181 244
46 37 28442 2187
46 38 19856 1527
46 39 7914 608
46 40 4617 355
46 41 28908 2223
46 42 12718 978
46 43 23366 1797
46 44 25954 1996
46 45 10206 785
46 46 0 0
46 47 6920 532
46 48 8684 668
46 49 12818 986
47 0 22604 1738
47 1 11915 916
47 2 2329 179
47 3 29634 2279
47 4 9968 766
47 5 10040 772
47 6 16268 1251
47 7 25584 1968
47 8 19047 1465
47 9 5378 413
47 10 2861 220
47 11 10380 798
47 12 16140 1241
47 13 19125 1471
47 14 20294 1561
47 15 13219 1016
47 16 25604 1969
47 17 821 63
47 18 3857 296
47 19 24601 1892
47 20 15981 1229
47 21 13715 1055
47 22 28347 2180
47 23 24536 1887
47 24 24122 1855
47 25 18941 1457
47 26 1486 114
47 27 24319 1870
47 28 28992 2230
47 29 23624 1817
47 30 25833 1987
47 31 11854 911
47 32 24273 1867
47 33 1755 135
47 34 18833 1448
47 35 6584 506
47 36 13304 1023
47 37 19348 1488
47 38 26037 2002
47 39 13307 1023
47 40 6600 507
47 41 27557 2119
47 42 29092 2237
47 43 10414 801
47 44 27026 2078
47 45 17183 1321
47 46 7900 607
47 47 0 0
47 48 17063 1312
47 49 25633 1971
48 0 19397 1492
48 1 29152 2242
48 2 14252 1096
48 3 16380 1260
48 4 29534 2271
48 5 25926 1994
48 6 22821 1755
48 7 18747 1442
48 8 3923 301
48 9 13568 1043
48 10 19695 1515
48 11 8291 637
48 12 11123 855
48 13 3365 258
48 14 29435 2264
48 15 26012 2000
48 16 16866 1297
48 17 5751 442
48 18 29501 2269
48 19 2727 209
48 20 23960 1843
48 21 2085 160
48 22 3669 282
48 23 1722 132
48 24 3534 271
48 25 2662 204
48 26 18164 1397
48 27 14264 1097
48 28 26819 2063
48 29 2301 177
48 30 17177 1321
48 31 26312 2024
48 32 13255 1019
48 33 27244 2095
48 34 15589 1199
48 35 19469 1497
48 36 24586 1891
48 37 1311 100
48 38 28018 2155
48 39 404 31
48 40 23845 1834
48 41 2360 181
48 42 24423 1878
48 43 9295 715
48 44 21584 1660
48 45 669 51
48 46 21845 1680
48 47 20355 1565
48 48 0 0
48 49 6930 533
49 0 29641 2280
49 1 21354 1642
49 2 21543 1657
49 3 15187 1168
49 4 23759 1827
49 5 28127 2163
49 6 26878 2067
49 7 17630 1356
49 8 16105 1238
49 9 17208 1323
49 10 26354 2027
49 11 21284 1637
49 12 27700 2130
49 13 24917 1916
49 14 14614 1124
49 15 1675 128
49 16 20248 1557
49 17 18677 1436
49 18 5528 425
49 19 24289 1868
49 20 26668 2051
49 21 9716 747
49 22 27246 2095
49 23 18958 1458
49 24 29187 2245
49 25 17671 1359
49 26 17579 1352
49 27 10931 840
49 28 20957 1612
49 29 16052 1234
49 30 15082 1160
49 31 20544 1580
49 32 1457 112
49 33 22654 1742
49 34 25194 1938
49 35 29516 2270
49 36 26535 2041
49 37 7609 585
49 38 10649 819
49 39 20428 1571
49 40 19645 1511
49 41 19509 1500
49 42 28668 2205
49 43 28401 2184
49 44 12834 987
49 45 18689 1437
49 46 19776 1521
49 47 8993 691
49 48 13456 1035
49 49 0 0
