25
1003 6557
1115 8620
756 8553
927 8041
945 8711
797 6760
661 7248
881 6698
907 5659
979 5980
832 8246
687 5775
893 6932
1183 5956
642 8625
700 8825
1096 5109
711 8632
854 9135
747 7381
1012 5939
925 8772
1161 8016
653 5735
1061 9797
0 0 0 0
0 1 13467 1035
0 2 4180 321
0 3 13232 1017
0 4 13102 1007
0 5 26399 2030
0 6 25037 1925
0 7 27908 2146
0 8 12172 936
0 9 6639 510
0 10 13008 1000
0 11 6698 515
0 12 8440 649
0 13 17966 1382
0 14 7723 594
0 15 17118 1316
0 16 3605 277
0 17 25429 1956
0 18 15966 1228
0 19 7116 547
0 20 27833 2141
0 21 19185 1475
0 22 29650 2280
0 23 24102 1854
0 24 17725 1363
1 0 17884 1375
1 1 0 0
1 2 25722 1978
1 3 10782 829
1 4 24691 1899
1 5 4106 315
1 6 16576 1275
1 7 28063 2158
1 8 17128 1317
1 9 2012 154
1 10 15464 1189
1 11 4482 344
1 12 29837 2295
1 13 22155 1704
1 14 12769 982
1 15 9476 728
1 16 26968 2074
1 17 10778 829
1 18 16750 1288
1 19 11100 853
1 20 4803 369
1 21 19859 1527
1 22 22458 1727
1 23 1828 140
1 24 24295 1868
2 0 5139 395
2 1 28941 2226
2 2 0 0
2 3 12104 931
2 4 1893 145
2 5 13036 1002
2 6 26905 2069
2 7 29713 2285
2 8 5389 414
2 9 24825 1909
2 10 15796 1215
2 11 8608 662
2 12 342 26
2 13 12208 939
2 14 232 17
2 15 14615 1124
2 16 9074 698
2 17 23465 1805
2 18 19904 1531
2 19 9498 730
2 20 3080 236
2 21 26158 2012
2 22 12260 943
2 23 19633 1510
2 24 7198 553
3 0 5493 422
3 1 10875 836
3 2 18886 1452
3 3 0 0
3 4 22444 1726
3 5 4348 334
3 6 18274 1405
3 7 13673 1051
3 8 18575 1428
3 9 20531 1579
3 10 26759 2058
3 11 20565 1581
3 12 20860 1604
3 13 18879 1452
3 14 26464 2035
3 15 6009 462
3 16 6483 498
3 17 183 14
3 18 13782 1060
3 19 15485 1191
3 20 18936 1456
3 21 24242 1864
3 22 24141 1857
3 23 24153 1857
3 24 5016 385
4 0 4389 337
4 1 11858 912
4 2 24402 1877
4 3 21292 1637
4 4 0 0
4 5 22767 1751
4 6 15766 1212
4 7 7676 590
4 8 4237 325
4 9 15125 1163
4 10 14560 1120
4 11 14008 1077
4 12 16564 1274
4 13 18321 1409
4 14 1780 136
4 15 20955 1611
4 16 12990 999
4 17 29187 2245
4 18 19419 1493
4 19 11186 860
4 20 28267 2174
4 21 27409 2108
4 22 10575 813
4 23 831 63
4 24 3106 238
5 0 22152 1704
5 1 16765 1289
5 2 24212 1862
5 3 2695 207
5 4 14027 1079
5 5 0 0
5 6 24562 1889
5 7 23554 1811
5 8 15313 1177
5 9 22853 1757
5 10 18316 1408
5 11 24352 1873
5 12 3374 259
5 13 5737 441
5 14 26936 2072
5 15 27144 2088
5 16 12583 967
5 17 12378 952
5 18 16176 1244
5 19 22701 1746
5 20 942 72
5 21 17385 1337
5 22 21787 1675
5 23 17606 1354
5 24 20991 1614
6 0 14499 1115
6 1 5252 404
6 2 21496 1653
6 3 18201 1400
6 4 17218 1324
6 5 9668 743
6 6 0 0
6 7 14931 1148
6 8 5105 392
6 9 15424 1186
6 10 3881 298
6 11 27839 2141
6 12 19066 1466
6 13 6927 532
6 14 16569 1274
6 15 21008 1616
6 16 13039 1003
6 17 16344 1257
6 18 17077 1313
6 19 2445 188
6 20 5858 450
6 21 19815 1524
6 22 16036 1233
6 23 29191 2245
6 24 23200 1784
7 0 18977 1459
7 1 11605 892
7 2 8041 618
7 3 17454 1342
7 4 22131 1702
7 5 20734 1594
7 6 14572 1120
7 7 0 0
7 8 8336 641
7 9 5274 405
7 10 25955 1996
7 11 24513 1885
7 12 19742 1518
7 13 10562 812
7 14 16177 1244
7 15 6061 466
7 16 16281 1252
7 17 18869 1451
7 18 10592 814
7 19 3651 280
7 20 29684 2283
7 21 1272 97
7 22 13874 1067
7 23 21587 1660
7 24 8116 624
8 0 9784 752
8 1 13553 1042
8 2 22429 1725
8 3 21995 1691
8 4 23985 1845
8 5 16827 1294
8 6 23465 1805
8 7 26655 2050
8 8 0 0
8 9 7657 589
8 10 25831 1987
8 11 2616 201
8 12 18700 1438
8 13 27698 2130
8 14 25565 1966
8 15 10675 821
8 16 29009 2231
8 17 28092 2160
8 18 25246 1942
8 19 940 72
8 20 26957 2073
8 21 19176 1475
8 22 29498 2269
8 23 6664 512
8 24 4709 362
9 0 12663 974
9 1 27185 2091
9 2 17464 1343
9 3 9079 698
9 4 19104 1469
9 5 26247 2019
9 6 10754 827
9 7 16461 1266
9 8 16405 1261
9 9 0 0
9 10 4782 367
9 11 15595 1199
9 12 22480 1729
9 13 513 39
9 14 28291 2176
9 15 27071 2082
9 16 13202 1015
9 17 2620 201
9 18 904 69
9 19 16324 1255
9 20 11015 847
9 21 28511 2193
9 22 17908 1377
9 23 8640 664
9 24 9075 698
10 0 12056 927
10 1 8227 632
10 2 5924 455
10 3 1231 94
10 4 24267 1866
10 5 26201 2015
10 6 9894 761
10 7 29870 2297
10 8 8978 690
10 9 5573 428
10 10 0 0
10 11 25277 1944
10 12 1235 95
10 13 28645 2203
10 14 22920 1763
10 15 12826 986
10 16 22797 1753
10 17 29632 2279
10 18 20378 1567
10 19 4250 326
10 20 552 42
10 21 28383 2183
10 22 1067 82
10 23 23656 1819
10 24 27927 2148
11 0 612 47
11 1 22057 1696
11 2 1713 131
11 3 18858 1450
11 4 9646 742
11 5 483 37
11 6 1971 151
11 7 2525 194
11 8 26669 2051
11 9 13104 1008
11 10 4520 347
11 11 0 0
11 12 9246 711
11 13 23241 1787
11 14 11744 903
11 15 3690 283
11 16 14847 1142
11 17 12777 982
11 18 6322 486
11 19 2721 209
11 20 9931 763
11 21 3443 264
11 22 2831 217
11 23 16244 1249
11 24 5756 442
12 0 12141 933
12 1 17442 1341
12 2 25112 1931
12 3 6606 508
12 4 16527 1271
12 5 17554 1350
12 6 3464 266
12 7 22056 1696
12 8 4742 364
12 9 19691 1514
12 10 12452 957
12 11 9557 735
12 12 0 0
12 13 17640 1356
12 14 8054 619
12 15 24998 1922
12 16 12779 983
12 17 20906 1608
12 18 21542 1657
12 19 13363 1027
12 20 5125 394
12 21 11924 917
12 22 26339 2026
12 23 10896 838
12 24 7583 583
13 0 21755 1673
13 1 16264 1251
13 2 23854 1834
13 3 14219 1093
13 4 17103 1315
13 5 28224 2171
13 6 19369 1489
13 7 9681 744
13 8 9926 763
13 9 12830 986
13 10 4679 359
13 11 29771 2290
13 12 19565 1505
13 13 0 0
13 14 22551 1734
13 15 14053 1081
13 16 5252 404
13 17 22727 1748
13 18 24100 1853
13 19 5341 410
13 20 8904 684
13 21 22089 1699
13 22 2802 215
13 23 25414 1954
13 24 2699 207
14 0 5366 412
14 1 20320 1563
14 2 8856 681
14 3 11701 900
14 4 19275 1482
14 5 4511 347
14 6 28285 2175
14 7 17180 1321
14 8 1842 141
14 9 25590 1968
14 10 27736 2133
14 11 15936 1225
14 12 15672 1205
14 13 14646 1126
14 14 0 0
14 15 2403 184
14 16 29832 2294
14 17 23252 1788
14 18 10577 813
14 19 25877 1990
14 20 4752 365
14 21 15522 1194
14 22 275 21
14 23 12042 926
14 24 19226 1478
15 0 22989 1768
15 1 25889 1991
15 2 1440 110
15 3 17787 1368
15 4 18040 1387
15 5 25945 1995
15 6 28356 2181
15 7 15995 1230
15 8 17585 1352
15 9 20401 1569
15 10 869 66
15 11 4285 329
15 12 4198 322
15 13 20448 1572
15 14 3941 303
15 15 0 0
15 16 21855 1681
15 17 4818 370
15 18 11422 878
15 19 2139 164
15 20 21435 1648
15 21 6244 480
15 22 24343 1872
15 23 9632 740
15 24 26814 2062
16 0 17367 1335
16 1 28724 2209
16 2 3775 290
16 3 26372 2028
16 4 2481 190
16 5 9318 716
16 6 25136 1933
16 7 7770 597
16 8 13242 1018
16 9 13676 1052
16 10 1307 100
16 11 6503 500
16 12 29021 2232
16 13 25930 1994
16 14 14243 1095
16 15 11271 867
16 16 0 0
16 17 28235 2171
16 18 23688 1822
16 19 2275 175
16 20 1693 130
16 21 13943 1072
16 22 11888 914
16 23 20430 1571
16 24 19108 1469
17 0 12605 969
17 1 18467 1420
17 2 6470 497
17 3 9133 702
17 4 17700 1361
17 5 25104 1931
17 6 22505 1731
17 7 11048 849
17 8 12639 972
17 9 27284 2098
17 10 17491 1345
17 11 22347 1719
17 12 27930 2148
17 13 2465 189
17 14 27401 2107
17 15 21144 1626
17 16 7017 539
17 17 0 0
17 18 20532 1579
17 19 1291 99
17 20 27829 2140
17 21 15105 1161
17 22 25002 1923
17 23 9192 707
17 24 9533 733
18 0 8206 631
18 1 10629 817
18 2 27235 2095
18 3 28701 2207
18 4 25705 1977
18 5 28614 2201
18 6 8483 652
18 7 11985 921
18 8 1719 132
18 9 6680 513
18 10 19637 1510
18 11 22607 1739
18 12 21213 1631
18 13 11970 920
18 14 13469 1036
18 15 29455 2265
18 16 26084 2006
18 17 22608 1739
18 18 0 0
18 19 25536 1964
18 20 23350 1796
18 21 1910 146
18 22 2677 205
18 23 27390 2106
18 24 4322 332
19 0 20603 1584
19 1 5811 447
19 2 11564 889
19 3 7632 587
19 4 17312 1331
19 5 10444 803
19 6 5520 424
19 7 22685 1745
19 8 29564 2274
19 9 14050 1080
19 10 19742 1518
19 11 17862 1374
19 12 26118 2009
19 13 18795 1445
19 14 2965 228
19 15 2193 168
19 16 21673 1667
19 17 18727 1440
19 18 12592 968
19 19 0 0
19 20 23218 1786
19 21 8082 621
19 22 26786 2060
19 23 5330 410
19 24 4536 348
20 0 21711 1670
20 1 25469 1959
20 2 6721 517
20 3 5210 400
20 4 20901 1607
20 5 20451 1573
20 6 26716 2055
20 7 16993 1307
20 8 23813 1831
20 9 4609 354
20 10 24461 1881
20 11 12258 942
20 12 10801 830
20 13 14753 1134
20 14 18185 1398
20 15 8458 650
20 16 15414 1185
20 17 6331 487
20 18 7931 610
20 19 24817 1909
20 20 0 0
20 21 2847 219
20 22 429 33
20 23 1730 133
20 24 9777 752
21 0 4251 327
21 1 19571 1505
21 2 4936 379
21 3 9914 762
21 4 18955 1458
21 5 19014 1462
21 6 15988 1229
21 7 19089 1468
21 8 8967 689
21 9 10793 830
21 10 11869 913
21 11 13784 1060
21 12 22171 1705
21 13 12312 947
21 14 16263 1251
21 15 12116 932
21 16 11369 874
21 17 15687 1206
21 18 8916 685
21 19 15693 1207
21 20 25435 1956
21 21 0 0
21 22 24844 1911
21 23 4205 323
21 24 27841 2141
22 0 14441 1110
22 1 12463 958
22 2 8627 663
22 3 14449 1111
22 4 29828 2294
22 5 4300 330
22 6 2630 202
22 7 14720 1132
22 8 19871 1528
22 9 28552 2196
22 10 919 70
22 11 6804 523
22 12 26674 2051
22 13 27956 2150
22 14 14175 1090
22 15 25542 1964
22 16 2688 206
22 17 22859 1758
22 18 2987 229
22 19 23142 1780
22 20 11498 884
22 21 8534 656
22 22 0 0
22 23 10069 774
22 24 3618 278
23 0 27710 2131
23 1 13777 1059
23 2 14280 1098
23 3 24521 1886
23 4 22445 1726
23 5 14633 1125
23 6 1092 84
23 7 6750 519
23 8 28503 2192
23 9 12095 930
23 10 13439 1033
23 11 5343 411
23 12 19238 1479
23 13 25703 1977
23 14 26293 2022
23 15 11884 914
23 16 21006 1615
23 17 26433 2033
23 18 29784 2291
23 19 1079 83
23 20 12047 926
23 21 21819 1678
23 22 23678 1821
23 23 0 0
23 24 13013 1001
24 0 12533 964
24 1 13679 1052
24 2 19421 1493
24 3 6989 537
24 4 8520 655
24 5 343 26
24 6 27946 2149
24 7 11438 879
24 8 3253 250
24 9 3837 295
24 10 28934 2225
24 11 5167 397
24 12 18751 1442
24 13 10136 779
24 14 22232 1710
24 15 9912 762
24 16 8284 637
24 17 17444 1341
24 18 9109 700
24 19 24625 1894
24 20 14516 1116
24 21 6030 463
24 22 9203 707
24 23 26973 2074
24 24 0 0
